#az(d)       el(d) polygon_ids
   8.857365    0.096040   75
 350.792481   -0.081864 3070
  32.080757   -0.377813 2446
  30.212597    0.162746  816
   2.159565   -0.865802 1637
  16.776249    1.114756  121
  32.643799   -0.526483 2452
 335.929991   -0.794958 2898
  32.502637    0.839836  833
 356.505479   -0.106799 3123
  30.664757    0.276762  822
  30.718508    0.852175 1122
  21.051960   -1.013823 1906
  15.874094   -0.110018 1797
  24.656158    0.488642  899
 352.759742   -0.414460 3082
  22.680872   -0.126474 2667
 359.362315   -0.405249 3143
 357.569073    1.047759 1472
 331.830838    0.282383 1260
   7.692129    0.020649   63
   9.849736   -0.494303 1707
 347.245789   -0.095754 3047
 353.477471   -0.986523 3088
  35.440389   -0.547579 2470
  25.868028   -0.831319 2553
 338.613304   -0.238896 2971
   5.583403    1.021582   44
  34.938318   -0.347391 2465
   6.348093   -0.153236 2246
   1.299139    0.584937   14
  10.772941    0.498754   93
  31.983431   -0.938342 2446
  22.556780    0.048199 1070
   7.789838    0.108924   63
  33.909897    0.610530  841
 352.273804    0.744907 1429
 359.829712    0.174200 1491
  20.906361   -0.306983 2122
  13.708720   -0.044254 1800
   8.824822    0.726038   75
 334.672992    0.887863 1233
 349.045672   -0.594991 3219
 354.866486    0.166290 1454
  19.744793    0.669390  202
  20.133617    0.102142  480
  11.706035    0.238407   99
  17.363790    1.022968  385
  29.331469   -0.599126 2428
 354.357717   -0.713453 3097
   6.321366   -0.181090 2246
  35.648663    0.047966 1138
 340.085705    0.113256 1317
  35.648663    0.047966 1138
   7.353250   -0.987406 1679
 355.988312    0.800767 1466
  15.130787   -0.395333 1769
 334.393596    0.625830 1225
  16.549853   -0.358390 1807
 343.658328   -0.649602 3021
  33.541103    0.036754  839
   1.144625    0.790835   12
  24.394253   -0.042582 2519
  31.907145   -0.525238 2446
 346.142639    0.582408 1379
 356.855530   -0.721236 3121
   4.299869    0.169208   36
  35.253944    0.029633  852
   0.594734   -0.262753 1627
  30.249489   -0.866311 2429
   7.086158    0.542894   57
   3.474343   -0.153659 1646
  22.404273   -0.653300 2030
  23.947054   -1.088999 2477
 349.805298   -0.432730 3064
 359.207214    0.773538 1491
  13.106013    0.714205  111
 350.053467    0.334303 1410
 352.205566   -0.587476 3079
 358.121582    0.682318 1482
 345.908600   -0.807792 3035
  16.328247   -0.323897 1760
  33.551662   -0.476397 2453
  10.308847   -0.198172 1710
 358.755707    0.911622 1488
   4.230495   -0.115526 2240
 341.521433   -0.090106 3002
  16.123972   -0.616112 1760
 352.673248   -0.204846 3082
  13.147975    0.497545  111
  14.487646   -0.215496 1773
  25.890337   -0.213719 2735
 345.120697   -0.294349 3032
 348.855286   -0.560517 3055
  33.643852    0.740839  841
  28.488747    0.523851  808
  15.382417   -0.238600 2292
  34.218268   -0.234449 2461
  33.224047    0.747346  839
  35.579906   -0.508257 2470
   9.021929    0.271866   75
 349.310089   -0.081957 3062
  29.431620   -0.364847 2428
  29.259321    0.084735  813
  26.626131    0.899008 1048
  17.173286    1.146743  388
   6.774586    0.416995   57
 351.145349    0.059719 1415
 354.798325    0.729465 1454
 357.555542   -0.691856 3126
  27.025703   -0.256157 2491
  13.224282   -0.541867 1731
 354.168823    0.631172 1447
  33.144737   -0.871033 2452
  21.089559    0.366197  354
 353.733032    0.530366 1441
   6.740685    0.826496   57
  20.560385   -0.730001 1843
 346.538513   -0.541919 3040
  31.032196    0.053376  826
  33.744201    0.475539  841
   4.438541    0.266639   36
   3.326042   -0.771134 1646
 351.806763    0.068465 1423
 349.763733    0.671813 1403
 344.736694    0.830697 1367
 350.776123    0.229197 1415
 347.652100    0.014794 1389
   2.807341    0.342323   25
  16.242510   -1.086892 1789
  17.253609    0.026989  293
  24.376327    1.074465  897
 348.324493   -0.289722 3055
 358.085327   -0.566809 3136
  20.241945    0.034711  455
  26.664686    0.433028  893
  32.901775    0.828669  839
  23.551230   -0.501143 2829
 350.659977    0.840492 1415
   7.061979    0.872902   57
  27.405872   -0.572003 2585
  17.828525   -0.901741 1980
  26.913916   -1.091992 2598
 356.961090   -0.177705 3128
  11.439869    0.683944   99
  30.253160    0.345012  822
  30.220915    0.132753  816
  19.045575   -0.726158 1930
   9.389925   -0.654724 1702
  24.525570   -1.196717 2472
  22.032541   -1.112847 1755
 352.824341   -0.654797 3082
  33.572128   -0.519815 2453
 353.616536    0.002303 1441
 340.090317    0.924708 1317
   1.056637   -0.231640 1635
  20.622696    0.956852  148
  18.985851    0.021406  559
  26.504112    0.403066  893
 357.872406   -0.011176 3136
  21.743584   -0.744724 2166
  18.156649    0.458914  421
  16.698452    0.474033  215
   3.634728    0.438340   30
   5.083162   -0.439772 1665
   2.154152    0.856660   19
   3.208418    0.361230   25
  20.689060    0.502744  340
 355.618042   -0.108506 3118
  17.241783    0.854058  388
  27.618065    0.764380  804
  14.502097    0.533640  307
 351.340179    0.876394 1423
 339.685089   -0.811913 2980
 354.664856   -0.406745 3105
 348.862762   -0.500569 3055
   2.140099    0.870930   19
  26.901786    0.598199  894
  16.940778    0.940657  121
 348.692926   -0.368582 3055
  30.354867   -0.515117 2429
  11.230600    0.080757   93
 346.461945   -0.678245 3040
 333.445343    0.652656 1224
 347.916573   -0.082737 3051
  10.900508   -0.019370 1716
  11.524561    0.724391   99
  13.774500    1.018175  668
  28.698677    0.341442  808
  12.568438   -0.396560 1724
 335.913390    0.661702 1249
 347.480804    0.498088 1389
  21.972990    0.922836  234
  24.487551    0.392303  941
  26.314932    0.491972 1038
  31.416929   -0.580749 2440
   6.470200   -0.567460 2246
  20.117297    0.694982  201
  24.197256   -0.790844 2700
  33.129520    0.459985  839
  13.262671    0.517623  111
   2.085055   -0.965318 1637
  33.785229   -0.265200 2461
 344.661713   -0.589811 3028
  21.454317    0.880800  175
 332.027244    0.807842 1210
 346.430145    0.002327 1379
  20.718876   -0.158845 2128
  18.215163   -0.953137 1980
  21.310158   -0.061736 1756
  29.576010    0.087986  814
  25.792379   -1.056992 2640
 335.384037   -0.145400 2889
 358.634766   -0.687579 3140
 347.467731    0.003409 1389
  17.277733    0.451419  382
  30.469544    0.487833  822
  24.978936   -1.107348 2721
   0.361083    0.005226    0
   7.907351    0.447126   63
 348.041351   -0.949634 3049
   5.809868   -0.078252 1668
  16.224615    0.072487  205
  27.044813    0.898643  799
  31.958597    0.068809  830
  13.266633   -0.425703 1731
 347.428803   -0.090739 3048
 347.581573    0.972923 1389
  29.748489    0.674077  816
 359.260620   -0.806681 3146
  31.980825   -0.961009 2446
  17.011653    0.685334  138
 354.689392   -0.058844 3105
  30.517292    0.641132  822
  14.067030   -0.569352 2291
 356.245483   -0.085603 3123
  21.139922   -0.059870 2122
 334.250957   -0.860196 2878
  34.350960    0.672498  847
 349.271460   -0.033875 3062
 353.774414   -0.668386 3097
  27.479677   -0.563564 2585
 333.703179    0.687964
  11.812793   -0.210343 1719
  16.107039    0.844236  490
  27.573786    0.484025  804
   2.399646   -0.102781 1641
  16.161009    0.318108  205
  18.289133   -0.177171 1890
  14.731476    1.149692  231
  18.079399    0.613294  421
  10.374152    0.987626   86
 354.123796   -0.530634 3097
 351.702606    0.904491 1421
  17.110668   -0.519125 1879
 336.716950    0.774375 1253
  21.467867    0.974356  175
  23.985226   -0.275683 2524
   0.119757   -0.277789 1624
 353.937744    0.858909 1447
  25.129911   -0.551646 2503
   3.698172    0.820905   30
   6.607766   -0.808350 2246
 350.085558    0.677900 1410
   2.841118   -0.155170 1641
   7.418607    0.938289   58
  25.386910    1.011547 1201
 354.143409   -0.333593 3097
 356.800110   -0.227470 3123
   6.580645   -0.194132 2246
 354.622101   -0.992749 3240
 358.858246    0.878941 1488
  11.814676    0.518596   99
  10.239518   -0.881712 1703
  30.932104   -0.866534 2435
  19.103857   -0.679198 1941
   4.995635    0.911860   40
   6.461154   -0.412961 2246
 344.535400    0.489052 1366
 352.380670   -0.343392 3082
   7.757642   -0.833403 1679
  24.484367   -0.648244 2698
   8.928729    0.528583   75
 352.118131   -0.957560 3077
  32.566406   -0.848186 2452
 349.298462   -0.988557 3061
  20.055835    0.719803  202
 337.919691   -0.866952 2962
  20.279615    0.442638  473
  30.734608    0.876711 1122
 345.655548    0.402964 1375
  22.923311   -1.057021 2602
  18.645008    0.326597  563
  21.965754   -0.521070 2166
 348.930695    0.530036 1398
  26.844620   -1.149696 2540
   4.267785   -0.921146 1647
   6.226386    0.402580   51
   2.697433   -0.000704 1641
  14.144759   -0.716180 2061
  25.706154    0.618442 1080
 347.711700    0.172225 1389
  14.264124    0.235623  151
  27.914629   -0.339733 2416
  34.893867   -0.052934 2465
   4.565652    0.609777   39
  35.671703   -0.296293 2470
   5.918850   -0.451526 1668
  34.680794    0.202709  847
  31.470505   -0.923848 2440
  13.501317   -0.605548 1731
   4.659987    0.825428   40
  15.254217    0.655149  552
   4.712524   -0.666977 1658
 331.785462    0.831176 1210
  32.914661   -0.102026 2452
 354.652332   -0.827443 3240
  32.809122   -0.103197 2452
  18.102306   -0.141077 2076
  26.080423   -0.504108 2750
 350.693970    0.944258 1412
  24.508731    0.618008  900
   4.310082   -0.518633 1652
 356.994483   -0.425884 3246
 357.741150   -0.869421 3126
  32.285347    0.855964  833
   9.285267    0.482173   75
 353.729736   -0.495842 3097
   3.326464    0.415078   27
  13.542853    0.316991  116
 354.716003   -0.395168 3105
   1.650222   -0.553446 1635
  14.934222   -1.039523 2066
  21.998285   -0.024265 2211
  16.566906    0.256664  212
  22.679035   -0.447278 2667
 356.313385   -0.349786 3245
 349.357228    0.614885 1403
 354.377869    0.327193 1447
   9.700140    0.150441   81
   9.500752   -0.985230 2266
  29.764673   -0.819582 2428
 355.450928   -0.946893 3111
  27.718615    0.010278  804
   8.235154    0.347423   68
 350.397766   -0.748797 3066
   6.954348    0.550056   57
  12.412984   -0.116502 1724
  21.122814   -0.062409 2384
  16.358481    0.698181  499
 356.210175   -0.448422 3118
  15.283095    0.907590  395
  18.632974   -0.793589 1931
  26.875343    0.556472  893
  22.235550    1.042881  234
 352.954408   -0.151543 3091
  25.030653    0.135726  883
 348.812408   -0.888571 3055
  12.369577   -0.867725 1717
 331.486420    0.973192 1203
   1.757748    0.777918   14
  12.194901    0.936228  107
 355.318512    0.836674 1460
   8.983523    0.732158   75
 355.589813    0.337437 1460
  22.406772   -0.201940 2083
 334.153412    1.067144 1226
  10.578001    0.543628   86
 357.925507    0.114896 1477
 337.124369    0.332252 1253
   6.361681    0.752310   51
 353.964644    0.834734 1447
   4.890524    1.010128   37
 354.875030    0.504801 1454
  22.343622    0.215460  189
  25.925867   -0.959007 2553
 345.687012    0.749299 1377
  27.739676   -0.763186 2410
  21.353962    0.001119  135
 359.572468   -0.266748 3151
 344.932068    0.547365 1367
  32.046181   -1.040379 2444
  15.718675   -0.977476 2099
  24.088800    1.041112 1014
 356.215101   -0.069736 3123
  14.675429   -0.938710 2066
  17.200369    0.935375  388
  13.276931   -0.400066 1731
  11.869885    0.672283   99
  23.623142   -0.280197 2564
   0.325568   -0.854086 1624
  16.451544    0.962049  494
  11.926550    0.757575  105
  26.298967   -0.724711 2553
 354.229248   -0.375631 3097
 353.620293    0.181188 1441
 359.838165    0.816341 1496
  30.785593    0.940590  826
   6.903511   -0.897764 1671
   6.942067   -0.362369 2246
  17.723400   -0.776163 1980
  17.214030    0.880766  388
  29.939383   -0.541229 2429
  29.516475    0.327357  814
   5.589895   -0.912960 1659
 359.994264    0.430958 1496
  19.384314    0.147301  559
   3.954512    0.292221   30
 355.365753   -0.563809 3113
 344.785641   -0.697897 3028
 357.989258    0.677610 1482
  20.239225    0.486470  473
  10.617005    0.061076   86
 358.419895   -0.601281 3140
  28.376429    0.095503  808
   0.588001    0.363704    0
 356.719940    0.765472 1470
 353.160473    0.631356 1593
  29.581589    0.159721  814
 332.143901    0.996263 1210
  13.140972    0.530257  111
 349.235173   -0.378049 3062
   6.790549    0.505649   57
   4.092038   -0.125439 1652
 347.088379    0.217842 1384
 348.984436    0.973984 1397
 354.188446    0.766662 1447
  11.371558    0.098735   93
  13.618764    0.081096  116
   5.403053   -0.554038 1665
  17.718421    0.773356  380
 349.777104   -0.817913 3063
 356.411163    0.655476 1466
   3.304597    0.752097   30
   4.029804    0.590570   36
  27.889208    0.458006  804
  23.728640   -0.445678 2829
  32.101121   -0.916301 2446
  14.466313    0.328559  159
 350.042084   -0.306800 3064
  34.429212   -0.457802 2795
 347.137421   -0.392342 3047
 357.060211    0.756808 1470
   2.923949   -0.071913 1646
   6.874345    0.096880   57
 354.403381   -0.131185 3105
  25.351725    0.358242  933
  24.024818    0.733426 1024
  31.984392   -0.483588 2446
  16.662744   -0.443504 1805
 356.829559   -0.963954 3121
  22.526196   -0.153977 2667
  12.458844    0.209117  107
  24.387278   -0.901447 2699
   7.554530   -0.662336 1681
  10.726426    0.082683   86
 359.354504    0.664128 1491
 350.723724   -0.565197 3066
  17.426578    0.275170  291
  12.083056    0.168316   99
  20.498238   -0.096948 2147
   9.122173    0.865922   75
  33.313435    0.216842  839
 351.871051   -0.725948 3079
 336.777114    0.720945 1253
  26.764406   -0.324439 2491
 333.713654    0.753749 1229
 337.559399    0.729599 1302
  17.232136   -0.340683 1869
  25.989746   -0.771716 2553
 358.135418    0.495439 1482
  33.066597    0.605918  839
  16.826971   -0.533385 1875
   5.046818   -0.755198 1653
   0.137769   -0.942157 1624
 351.316511    0.780528 1423
  34.459118   -0.508512 2465
  27.857630    0.392427  804
 355.108871    0.151260 1454
 356.739211   -0.053930 3123
 357.339845   -0.987557 3126
 354.467316   -0.514920 3105
   8.006420    0.875169   68
   7.678780    0.795423   63
  16.550921    0.322263  212
  14.158400    0.479153  314
 344.591797   -0.354133 3028
 354.068440   -0.657860 3097
   1.682121   -0.200084 1637
 355.939850   -0.349686 3118
 359.024910    0.881418 1488
  34.781883   -0.071536 2465
  19.650280    1.040102  202
  33.138361   -0.353028 2453
  15.628207    0.895640  744
  10.580864   -0.714243 1710
  14.820238    0.591273  280
 351.755005    0.360116 1423
  12.521809    0.041109  107
  30.901354   -0.696557 2435
  35.348961    0.226540  852
  30.018910    0.439942  816
  22.547859    1.117249  892
  15.735632    0.501291  183
  18.955150   -0.628528 1889
   1.527101    0.679094   14
  10.902090    0.093828   93
  19.195280    0.604457  277
 333.428613    0.672494 1224
 354.440417    0.552737 1447
 350.660379    0.848192 1415
  19.047621    0.009307  559
  12.464059   -0.890956 1717
  12.062746   -0.080832 1719
  16.464674   -0.188975 1807
  16.165302   -1.084194 1830
 353.417847   -0.561601 3091
   0.669257    0.107321    0
   0.901964    0.319584    8
 351.360443    0.404539 1423
  12.467917   -0.799949 1717
 359.340973    0.898777 1491
   9.080072   -0.164524 1702
  20.983110   -0.314851 2122
 332.253251    0.399351 1210
  23.143338    0.133621  927
  10.533156    0.138382   86
  19.229368    0.222510  562
  21.102713   -0.712279 1903
 346.806000   -0.667578 3040
  26.217528    0.800487 1048
 344.617401    0.388874 1367
 353.045624   -0.787863 3085
  13.820785    1.145747  313
   8.832220   -0.877419 1688
  29.479423    0.383558  814
   2.134891    0.838185   19
  33.981735   -0.517995 2461
   2.829885    0.876212   25
   3.737913    0.898168   30
   2.273876    0.625038   19
 359.638275    0.646803 1491
  24.269196   -0.183271 2519
  34.239849   -0.549774 2461
  10.762001   -0.204912 1710
   2.986034   -0.094628 1646
  33.196358    0.027409  839
  21.921873    0.883896  238
  14.812714   -0.968969 2066
 348.760480   -0.211039 3055
   4.573915   -0.449725 1658
 357.789734   -0.017118 3136
  24.539393   -0.906048 2699
  16.454484   -0.289516 1807
  19.631070    1.028119  202
  14.342959    0.279077  155
  18.763086   -0.465574 1889
   7.549089    0.797219   63
  28.607417    0.885191  808
  32.283067   -0.890026 2446
  13.206375    0.283131  111
 347.261536   -0.109467 3047
  33.077632   -0.093722 2453
 353.859436   -0.513340 3097
  20.779459    0.970116  148
 347.422574   -0.616371 3047
  28.811001    0.192941  808
  24.551279   -0.396772 2519
   5.597862    0.267638   45
  29.289987   -0.302929 2428
 352.896240    0.866144 1435
  34.244152    0.450098  847
 335.840899   -0.241177 2898
 356.112410   -0.724834 3116
 332.656189    0.548737 1217
 354.422211   -0.334005 3105
   5.591166   -0.748634 1659
  29.846172   -0.684701 2429
 352.987030    0.535345 1435
  27.037503   -0.919119 2543
  32.162228   -0.488512 2446
  14.078915    0.064786  116
  25.740837    0.204010  879
  20.041780    0.636511  461
  28.299984   -0.328229 2416
 358.125661    0.097795 1482
  20.352415   -0.184812 2008
  10.147595   -1.018217 1705
 346.356598    0.720484 1379
  19.464019   -0.631210 1950
   3.553924   -0.350730 1646
  31.001453    0.028388  826
  35.579567   -0.188497 2470
   2.592273   -0.616996 1641
  23.746636    0.504848 1022
   1.149546    0.034541    8
  11.401965   -0.005055 1716
  32.886101    0.729691  839
  21.248376   -0.266849 2122
  25.395626    0.106950  953
  28.867526   -0.811035 2422
 355.484997    0.044391 1460
 352.273010   -0.643227 3079
  10.015117   -0.416921 1707
  27.659273    0.975933  804
  16.442900   -0.432293 1807
 345.237091   -0.859644 3032
 347.226562   -0.644271 3047
   5.253310    0.809808   45
   9.464749    0.755250   81
  19.747225    1.186716  202
   8.637437   -0.763803 1690
  13.363404   -0.114745 1731
   9.650244   -0.666324 1702
   5.672374    0.240120   45
 344.617952   -0.421060 3028
  16.072001   -0.377715 1759
  31.736626    0.749683  830
 358.585846   -0.592793 3140
  26.583229   -0.774670 2547
  10.011166    0.311434   81
 349.967163   -0.812193 3064
  16.648617    0.737577  492
  26.018513    0.934486 1048
  27.004705    0.363457  802
   3.305808   -0.553338 1646
   9.470264    0.024472   75
 344.719929   -0.611752 3028
  33.486862    0.679582  840
  23.127325   -0.754086 2609
 332.572940   -0.052244 2869
  15.951018   -0.300350 1759
   0.818295   -0.125677 1627
  23.205761    0.440857  927
 356.145565    0.230101 1466
  18.969149    0.100264  573
 356.008667    0.067937 1460
 356.056061   -0.447725 3118
   4.305819   -0.413498 1652
  19.156031    0.892888  274
  24.411332   -0.863948 2699
   6.689635   -0.635276 2246
  32.791588   -0.618395 2452
  33.172375    0.471154  839
 333.567505    0.499661 1224
  14.392983   -0.304153 1773
   2.672071   -0.413917 1641
 356.630167   -0.927650 3121
 347.683021   -0.696640 3210
 333.405701    0.671078 1224
 346.278524   -0.582105 3040
  33.000226    0.182101  839
  14.674576   -0.989159 2066
  15.058283    1.146318  231
 352.278116    0.263418 1429
  34.415726   -0.695922 2461
  16.119329   -0.738199 1789
 353.457519   -0.424172 3091
 347.931152   -0.753364 3051
  14.038154   -0.318187 2291
   3.045074    0.886381   25
  15.738543   -0.751064 2103
 358.568848   -0.209316 3140
  13.594501    0.271136  116
   7.454639    0.761656   63
  35.070328    0.121044  852
  19.002993   -0.016174 2175
 340.835965   -0.662740 2986
  34.754030   -0.076209 2465
  35.495167   -0.181258 2470
 349.853276    0.478386 1403
   1.256845   -0.643030 1635
 355.973480   -0.747420 3118
   8.001478   -0.653037 1687
 356.031677   -0.981320 3116
 354.019958    0.443182 1447
 351.912781   -0.811688 3077
   6.141229   -0.425938 1668
  12.070530   -0.003974 1719
  24.397787   -0.789834 2699
  26.272433   -0.865169 2553
  13.092176    0.222117  111
 333.519102   -0.496195 2874
 331.992279    0.813933 1210
  20.582377    1.164729  148
   4.110577    0.609008   36
 356.543030   -0.562596 3123
   5.554254   -0.755540 1659
  13.285535    0.322479  111
 354.244070    0.318467 1447
 349.202820    0.831309 1403
 359.787252   -0.226552 3255
  11.480882    0.333900   99
 348.592765    0.054342 1390
 351.315704    0.105288 1415
  35.152706    0.521805  852
   0.441354    0.886375    1
  11.083818    0.178949   93
 332.797668    0.627532 1217
  26.488470    0.053745  914
  27.756207    0.496965  804
   8.941086    0.384953   75
  12.273874   -0.514230 1719
  25.322155   -0.429369 2503
  28.473522    0.335561  808
 355.246521    0.004985 1454
  17.845600   -0.043560 1820
  30.450333    0.706688  822
   8.609297    0.433895   68
  22.642412   -0.351849 2667
 345.234075   -0.793724 3032
  29.925697   -0.318769 2429
  21.678799    0.044169  589
  24.281347    0.854686  903
   8.337523    0.693555   68
  33.378311   -0.979044 2453
 338.543457   -0.554300 2971
  29.680954   -0.926762 2428
  10.962759    0.979540   93
   8.144255   -0.265857 1687
  14.228700   -0.535462 2061
  11.398627    0.233612   93
 347.977875    0.346089 1390
   6.661078   -0.573156 2246
  13.654560    0.511029  116
  28.368742    0.163918  808
  20.671713   -0.835521 1843
  16.214805    0.699624  499
   3.380271   -0.252602 1646
  35.312683   -0.812604 2470
 352.133026   -0.302709 3079
  29.019747   -0.718440 2422
 358.515472   -0.611476 3140
  18.820328    0.695407  359
 349.945386   -0.337033 3064
  11.065954   -0.717535 1708
  30.050775   -0.355358 2429
   3.824779    0.159883   30
  23.699945    0.791109 1014
  14.247094    0.728583  307
  26.334963    0.059080 1097
 348.868500   -0.856364 3055
 355.511414    0.562696 1460
   1.303097   -0.935869 1635
  31.746122    0.501876  830
 353.225439   -0.946713 3094
 348.951632    0.123301 1398
 353.105566    0.011845 1435
 353.474290   -0.905283 3094
 358.942261   -0.395264 3140
  31.897274    0.208125  830
   5.229065   -0.854102 1659
   7.417146    0.901614   63
 352.188489   -0.528896 3079
  18.488020    0.639597  365
  17.721599    0.098266  286
  34.148697    0.191031  841
   5.986948   -0.640548 1668
  19.477182    1.097503  198
  28.765647    0.314882  808
 349.492637   -0.029196 3064
   5.725051   -0.415842 1668
  19.088367    0.680185  277
   0.148753    0.305334    0
  13.288899   -0.444876 1731
   8.314671    0.012967   68
  17.664022   -0.391070 1817
 350.754828    0.160795 1415
  29.854474   -0.298727 2429
 347.875244   -0.277581 3051
 344.944306   -0.599136 3030
 344.585772   -0.379479 3028
  29.897854    0.067015  816
   3.000763    0.147238   25
  23.411558   -0.642068 2619
 350.581726   -0.823167 3066
   8.693711    0.235936   68
  23.861427    0.542079 1022
 349.369049    0.595598 1403
 333.150269    0.829457 1224
  20.766672   -0.744758 2121
  28.185173   -0.372188 2416
  13.720327    1.006985  116
   8.459215   -0.547302 1690
  17.510050    0.200057  291
  15.838945   -0.792722 1758
  28.727642    0.264775  808
 344.468964    0.375107 1548
  11.569726    0.913208   99
  29.674053   -0.855678 2428
  19.066341   -0.351074 1948
   2.038927    0.826534   19
  26.972952   -0.926037 2543
  34.886509    0.814064  852
 343.732499    0.531504 1354
   9.422316    0.029680   75
  31.909277    0.164820  830
  24.863550    0.892810  897
  34.459236    0.814939  847
   9.852259    0.417094   81
  12.496845    0.317538  107
  28.015516   -0.877756 2416
  23.489718    0.235234  927
   3.962127    0.606496   36
  22.445299    0.466263  189
 348.125244    0.255954 1390
 341.387154   -0.003633 3000
 349.534363   -0.534595 3062
 348.477600    0.547322 1395
   4.845069   -0.827274 1653
 331.310120    0.860613 1257
 349.346130    0.835272 1403
  27.151379    0.086544  859
  17.125109    0.231818  293
  33.575295   -0.593491 2453
 348.856232   -0.143466 3218
  19.797884    1.127359  202
  30.800394   -0.861713 2435
   8.659953    0.238155   68
 346.172974    0.552007 1379
 348.676127   -0.160331 3055
 357.388733    0.315792 1477
  23.770411   -0.667600 2600
  35.402923    0.588204  852
   5.468358   -0.461087 1665
 352.479401   -0.787505 3082
  15.877660    1.129375  490
  14.767319   -0.591406 2064
   4.510682   -0.337193 1658
   7.812736    0.892346   61
 351.372894   -0.031391 3069
  26.516905   -0.641852 2550
   6.858473   -0.981596 1671
 353.250916   -0.341815 3091
  24.077503    0.008014  973
 350.465241   -0.202637 3066
   6.262250    0.694297   51
  10.621551    0.230914   86
  21.440983   -0.973992 1906
  19.534527   -0.531977 1950
 350.676922    0.712476 1415
  26.430523   -0.425659 2730
   9.993007   -0.230795 1707
  26.853275   -0.207473 2491
 359.603027    0.270381 1491
   4.135158    0.239341   36
   0.145326    0.398285    0
  25.406120   -0.912770 2644
  33.482082    0.826042  841
  22.522470    0.475340  955
  33.497642   -0.513260 2453
   4.577952    0.452542   36
 358.084387    0.293295 1482
  14.546705    0.781837  307
   2.616072   -0.312527 1641
  31.765953    0.447993  830
  34.623883   -0.838193 2465
  23.955073    0.282463  939
   6.823832   -0.973977 1671
  32.857453    0.379215 1129
  31.569363    0.859384  830
  31.835131   -0.778447 2443
   9.800192    0.215441   81
  28.901643   -1.001647 2420
  15.021810   -1.062280 2096
 358.793640   -0.778190 3140
 351.279205    0.714900 1423
 359.273132    0.372699 1488
  22.626036   -0.224424 2667
 350.059326   -0.615929 3064
 338.923309   -0.782935 2968
  16.616736   -0.428355 1805
   8.326158    0.271435   68
  22.829949    0.136492 1070
 351.142954    0.267718 1415
 358.397613   -0.883459 3136
  31.350933    0.470634  826
  13.214082    0.806940  111
  25.162676   -0.769939 2644
  16.321177   -0.500677 1760
 332.761394    0.556936 1217
  25.561468    0.390061  877
   9.107867    0.059124   75
  27.297235   -0.988988 2599
  13.576201   -0.760669 1729
  20.754482    1.070006  148
  25.281125    1.037933 1201
 347.082367    0.439371 1384
 332.980275    0.686657 1223
 351.593597   -0.301432 3079
  25.722448    0.148972  879
  35.813651   -0.684789 2468
  33.338566   -0.372253 2453
  24.094000   -0.800900 2720
 358.734039    0.972815 1485
  16.088491    0.831221  490
  19.346628   -0.402454 1939
  31.136753    0.455995  826
  24.248324   -0.274463 2519
 359.144592   -0.751044 3145
  18.822516    0.900129  277
 352.292176    0.227220 1429
  31.514252    0.893136  830
  12.412040    1.005784  107
  33.725056    0.336549  841
  35.567070    0.086933  852
  30.134420    0.389733  816
  31.831896   -0.333300 2446
   1.969307    0.654543   19
  18.301590   -0.586912 1974
 339.669916   -0.607799 2985
  18.198600   -0.327434 1887
 346.186035   -0.312141 3040
  10.641547   -0.891790 1708
  22.260617   -0.294290 2200
  22.446304   -0.321352 2083
  13.506180    0.479934  116
  27.519274    0.898156  804
   3.974904   -0.371353 1652
  23.564138   -1.049314 2620
   6.351230   -0.816165 1666
  21.711292    0.159271  246
 356.581177    0.884387 1468
   3.071320    0.297508   25
  18.819582   -0.567030 1889
  12.810820    0.311490  111
 346.700378   -0.656432 3040
  17.508297   -0.687173 2039
 339.439143   -0.722093 2972
 358.079529   -0.003364 3136
  15.406041   -0.043153 2158
  30.033905   -0.833639 2429
 334.489183    0.100183 1229
 352.705776   -0.065901 3082
  18.278460    0.031020  411
  12.500384   -0.535458 1724
 357.790710   -0.809663 3126
  15.401408    0.299705  518
 351.752075    0.040075 1423
 335.375349   -0.138585 2889
 352.335053   -0.291296 3082
  11.117696   -0.113134 1716
 356.727325   -0.736037 3123
  26.240787   -0.708467 2553
   7.877682    0.164747   63
 332.712769    1.015126 1261
 359.493500    0.304445 1491
  35.306473    0.337390  852
 347.733429   -0.329850 3051
 358.194428   -0.957977 3136
 337.827889    0.364377 1302
  11.997675    0.632285  107
 348.683709   -0.052700 3055
  30.708897    0.650745  822
  21.979316   -0.617286 2166
 356.606964   -0.266785 3123
   7.930942    0.790909   68
 344.836212    0.682829 1367
  20.603127    1.163713  148
   4.818822   -0.742158 1653
 356.450732    0.096780 1466
  30.637526    0.279399  822
 346.340607    0.916988 1378
 356.822174   -0.984080 3121
  11.794638    0.708447   99
  20.730928    1.054273  148
   7.068569   -0.885113 1671
   1.517507    0.571848   14
   6.994726   -0.323264 2252
   6.108322    0.636627   51
 350.985352   -0.611572 3066
  29.806143   -0.714606 2428
   9.432060   -0.593523 1702
  33.465027   -0.813932 2453
  23.289167    1.184220  872
 350.625702    0.208709 1410
 339.526977   -0.404293 2980
 357.795074    0.039235 1477
  32.259358    0.298461  833
  16.351652   -0.424204 1760
  30.949469   -0.059021 2435
  28.032755    0.405439  804
  13.902509   -0.880578 1734
 339.743774   -0.973841 2980
 346.798462   -0.286477 3040
   9.659905   -0.124518 1707
 358.526292   -0.352934 3140
 356.944885    1.070791 1606
  11.107565    1.020709   93
   0.402171    0.053825    0
 352.182953    0.781751 1429
   8.612839   -0.362749 1690
   6.013780   -0.465103 1668
 347.793335   -0.166688 3051
  14.743542    1.033210  283
  21.388103   -0.718412 1906
  30.720090   -0.276242 2435
   5.429404   -0.506030 1665
  33.059437   -0.751046 2452
 354.836548    0.430788 1454
   7.793083   -0.845408 1679
 356.051037   -0.948499 3116
   3.066033    0.390859   25
 348.114522    0.875488 1390
 338.659393   -0.789061 2968
   0.920440    0.471790    8
   6.857982   -0.733096 1671
   1.197451   -0.694836 1635
  10.554709    0.270800   86
  31.718197   -0.104894 2446
 354.306732   -0.530645 3097
  13.757525    0.946018  116
  11.837763    0.158985   99
 348.594434   -0.837761 3055
  34.748519    0.407724  847
 346.678406   -0.513955 3040
  19.579451   -0.983513 1861
 346.202942    0.357343 1379
  14.967710    1.099165  395
 346.598755   -0.769789 3040
 350.970581   -0.661878 3066
   0.397975   -0.701894 1624
   0.828268    0.356780    8
  31.261715   -0.294187 2440
 350.374176   -0.412715 3066
 332.408142    0.470551 1210
 350.757364    0.252800 1415
  18.631702    0.336675  563
   4.900725    0.494791   40
  11.219827   -0.140617 1716
  33.573781    0.447391  841
 353.239319   -1.045324 3094
  33.480141   -0.904221 2453
 358.678284   -0.140990 3140
 352.405121    0.838820 1589
   5.729212   -0.425966 1668
   5.255632    0.132840   40
  10.258664   -0.303861 1707
  23.466648   -0.286417 2564
  29.374119    0.042730  813
  23.478014    0.272019  927
   1.394465    0.664018   14
  18.121380   -0.937034 1980
   5.646181   -0.812511 1659
 353.890015   -0.826703 3097
   7.640100    0.660264   63
 349.168304   -0.155891 3062
 352.081848   -0.646068 3079
 345.099976   -0.284444 3032
   5.598030   -0.224654 1670
   9.517386    0.697990   81
  22.075347    1.126138  234
  10.858889   -0.581758 1710
  27.329349   -1.044798 2599
  30.545732   -0.373824 2435
  17.946569    0.354478  418
  20.910150    0.916501  165
   6.810909    0.761769   57
 352.208486    0.683094 1429
  25.290833    0.481738 1079
 347.822793   -0.631341 3051
 358.766266    0.084528 1487
  12.994872    0.173540  111
  11.024337    0.259683   93
 354.740112   -0.829575 3240
  35.664226   -0.968409 2469
   4.472115    0.458166   36
  23.558180    0.829526  871
   3.193279   -0.003576 1646
  13.896372   -0.797315 1736
  31.105570    0.160149  826
  25.751250    0.893975 1201
 351.824800    0.096052 1423
 351.345154   -0.410843 3069
  24.941545    0.836835  897
  16.272688    0.328729  205
 354.262451   -0.774209 3097
  10.796846   -0.142163 1710
 357.708923    0.867324 1477
  34.473778    0.980008  847
  22.946247   -0.176819 2667
  29.920030    0.836153  816
  25.332460   -0.433923 2503
  27.229139   -0.606347 2599
   3.835612    0.454615   30
  12.767908   -0.464671 1724
  18.528130    1.107433  365
 345.130341    0.863175 1372
   6.679081    0.669570   57
  19.125931    0.874700  274
   0.719689   -0.058601 1627
  16.255007    0.110075  205
 357.280243    0.266468 1470
   9.308817   -0.934484 1701
 357.080566    0.649922 1470
 345.648438    0.613396 1375
  31.735453   -0.052920 2446
  33.633758    0.661325  841
  31.926557   -0.858733 2446
  27.703472    0.690605  804
  34.746483    0.225323  847
 349.398712    0.091948 1404
  24.331005   -0.812994 2699
 359.987747   -0.378828 3255
   6.675722    0.120053   51
  24.886158   -1.020894 2705
   8.346254    1.010385   68
 345.849019    0.270880 1377
   5.707103    0.213862   45
 353.596903   -0.749885 3094
  17.094564    0.196660  293
  10.132781    0.701101   86
  27.659948    0.912061  804
   3.472359    0.863837   30
 346.286682    0.717733 1379
   6.366814   -0.563280 1668
  11.152603    1.000631   91
  12.872431   -0.612441 1724
  34.772575   -0.669317 2465
 354.646881   -0.889969 3240
 345.068237    0.643264 1367
   1.516566    0.935790   14
 345.634582    0.716603 1377
  25.244440    0.388282 1076
  26.350418   -0.509349 2730
 354.269806   -0.204194 3105
  22.206190    0.095527  191
  13.542466   -0.924996 1729
 348.535156   -0.660556 3055
   1.463816   -0.472407 1635
   2.098443    0.969694  598
  26.332640   -0.564660 2730
  19.316477    0.440832  143
   1.496240   -0.587212 1635
   7.053723   -0.166947 1681
 351.489441   -0.916206 3067
   2.266781    0.923006   19
  13.720234   -0.229049 1800
  11.821666   -0.014926 1719
  14.160248   -0.310514 2291
 353.493469    0.943876 1441
  19.489868   -0.667680 1855
 351.941986    0.605786 1429
  30.416599   -0.170269 2435
  20.693466    0.367698  340
  20.641220   -0.071420 2028
   6.611746    0.405273   51
  23.557531   -0.111586 2564
 339.620789   -0.599434 2985
  16.980442   -0.499892 1879
  23.460711   -0.962694 2600
  10.101637    0.751175   86
 344.498596    0.279333 1548
 346.626160   -0.454624 3040
  17.354332    0.436692  382
   8.519974    0.289576   68
  23.974310   -1.037750 2477
  15.615059    0.720583  402
 358.754273    0.869705 1488
   2.311330    0.405506   19
  30.437986   -0.054473 2435
   8.075402    0.135390   63
   4.189637    0.636338   36
 348.300323   -0.282759 3055
  11.208078   -0.074422 1716
 345.852936    0.219277 1377
 332.510467    0.604019 1217
   6.243607    1.028569   48
  18.422869   -0.597873 1986
   7.027602    0.513955   57
  24.146860   -0.390032 2519
 355.291687   -0.699756 3113
  19.547314   -0.523351 1950
   7.966072   -0.976428 1685
  33.672492    0.943217  841
   6.167382   -0.514094 1668
  24.207727    0.640689 1022
 347.236694    0.282356 1384
  12.544086    0.275162  107
  10.476557   -0.498859 1710
  21.015743    0.742436  165
  31.882021    1.063581  830
 335.385631    1.001622 1243
 357.813599    0.556490 1477
  27.362875    0.485795  799
  17.474056    0.659560  384
   8.769367   -0.852822 1688
  29.096905   -0.462733 2425
 356.268113   -0.709819 3116
 345.050690   -0.249733 3032
   9.844575    0.445249   81
  22.610222   -0.303899 2667
   1.994955    0.761019   19
 357.634601    0.421465 1477
  19.840668    1.019185  202
   0.078389   -0.672132 1624
 344.215003    0.100008 1548
 350.505646    0.009827 1410
 357.723114   -0.802844 3126
  20.640812    1.135581  148
 351.721039   -0.653274 3075
  34.283220   -0.605074 2461
  27.620874    0.891203  804
 345.872890   -0.080337 3038
 359.408569    0.205075 1623
 357.935730    0.747167 1482
  34.515194    0.214263  847
  31.927864   -0.042758 2446
  12.304984    0.691569  107
  27.564917    0.765475  804
 335.418907    0.983259 1243
  10.183463   -0.907518 1703
  34.342014    0.183912  847
   6.916910    1.024378   53
 346.405518   -0.824797 3040
  28.720844    0.437219  808
  30.556519   -0.891537 2434
 356.331024   -0.795464 3116
  25.022494   -1.059249 2657
  11.904001   -0.467773 1719
 351.230286    0.186103 1415
  10.598357   -0.070977 1710
  23.097124   -0.860836 2606
   5.503381    0.506157   45
   0.676275    0.892532    8
  35.596451   -0.327416 2470
  20.967367    1.091651  165
  33.645538   -0.465860 2453
  21.459267    0.212497  246
 357.211619   -0.574866 3128
   6.073402    0.146171   45
 355.446960    0.264437 1460
  24.090229   -0.204098 2519
  10.584690    0.381599   86
  14.806158   -1.083805 2066
 347.467895   -0.527512 3047
   0.214854    0.200713    0
  14.532101   -0.398697 2065
 355.608276    0.225543 1460
  16.364988   -0.492967 1760
  13.452704   -0.365895 1731
 355.624145   -0.276818 3118
  16.997524    0.641789  138
  23.240034    0.309270  927
  16.907697   -0.617701 1879
   2.171199    0.622267   19
  13.702463    0.714381  116
 347.098633    0.447166 1384
 346.671204    0.282710 1384
  18.008047    0.996304  366
  26.219494   -1.178988 2559
  34.024719   -0.701298 2461
 346.595551   -0.900597 3040
 344.844574    0.235140 1367
   9.078506   -0.774982 1688
 359.180825   -0.766846 3143
  17.192916    0.616544  384
  11.223847    0.011639   93
  28.609671   -0.132465 2422
  26.791416   -0.554201 2546
   4.287260    0.881531   36
  28.699879   -0.164394 2422
 346.566498   -0.779422 3040
   9.556601    0.958859   81
  21.023785   -0.735519 1903
   8.987893   -0.289533 2267
 349.655792    0.103328 1403
  19.881634    1.095568  202
  16.567566    0.365572  212
  22.980375   -0.518889 2665
  27.404331    0.017321  799
 343.701661   -0.886089 3021
  35.116257    0.110259  852
  30.291513   -0.668746 2429
  12.303848    0.355941  107
  21.752878   -0.766440 2389
  20.083296    0.126558  480
 344.792816    0.851004 1367
 354.867798    0.985113 1454
  20.557791    0.322524  448
  15.496386   -0.564921 2099
  12.274766   -0.526200 1719
  30.011637    0.425919  816
  15.862077    0.927405  490
  30.860291   -0.665010 2435
  29.895040    0.291911  816
  16.584988    0.958060  492
  11.818088   -0.597285 1719
 346.215332    0.859763 1379
 346.682312    0.657686 1384
   8.701554    0.383401   72
  27.371908    0.199614  799
 332.647675    0.139541 1263
 356.949585    0.950036 1470
  30.725641   -0.640432 2435
  22.784111    0.880069  981
  14.513097   -0.054695 1812
  18.388308   -0.005897 1886
  21.521811    1.015149  175
  28.188046   -1.017394 2414
  32.355194   -0.047175 2452
  31.385847    0.317760  826
 345.128632   -0.296737 3032
  33.508221   -0.661748 2453
  35.609600   -0.086073 2470
   6.988789   -0.200898 1681
 353.219666    0.518150 1441
 353.837067    0.832460 1447
  30.747997   -0.960730 2435
 348.390289    0.579594 1390
  12.906711   -0.933620 1727
 351.468994   -0.556797 3069
  34.138718    0.010747  841
  28.828258   -0.682275 2422
   6.917266    0.823186   57
   7.904512   -0.759419 1687
  11.956452   -0.020715 1719
 344.659271   -0.650837 3028
 344.659271   -0.650837 3028
  19.976229   -0.917670 1863
   2.367978   -0.436949 1641
   1.019647    0.010865    8
 346.324738    0.026753 1379
   6.705695    0.391682   57
 348.470764   -0.838806 3052
   4.958576   -0.678008 1653
  12.526459   -0.888691 1723
   7.823759    0.284738   63
  20.866631    0.286169  340
  25.436079   -1.152187 2643
 356.183624   -0.075126 3245
  32.757439    0.470262  833
 359.018738    0.524772 1488
 354.384979    0.263626 1447
  14.154585    0.554651  314
 359.326508    0.730653 1491
  33.071426    0.012203  839
 357.909149    0.558638 1482
   2.169483    0.456704   19
 356.500855   -0.044114 3123
  16.994883    1.105199  386
  12.274821    0.377069  107
   1.658320   -0.615639 1635
  18.513596   -0.829508 1975
 357.354645   -0.752306 3128
  16.580187    0.806476  492
  24.860718    0.349185  883
  27.550942    0.272996  803
  10.934604    0.758548   93
   9.716389   -0.589886 1702
  16.050953    0.678875  499
  26.456324    0.851728 1048
  20.488989    1.065198  148
 333.959198    0.855047 1229
 339.694031   -0.682378 2985
  18.535479   -0.870398 1894
  16.659641    1.145581  118
 354.043671   -0.970796 3097
 354.583954   -0.576398 3105
 339.856273    0.727156 1317
  20.890804    1.128047  165
 355.348206    0.603825 1460
  15.025463   -1.062895 2096
 346.648590   -0.471350 3040
   9.287656   -0.909319 1701
   1.248459   -0.429427 1635
  30.780720    0.804354  826
   5.996227   -0.184293 1668
 350.644287   -1.031641 3220
   3.603455    0.464894   30
 349.254211    0.534904 1403
  32.679867   -0.305135 2452
  17.542604    0.405442  291
 347.319891    0.167383 1386
   6.950156    1.002776   57
 353.800751   -0.176277 3097
 355.528905    0.603900 1460
  22.086723   -0.276965 2393
 350.337707    0.955470 1410
   1.382161   -0.578708 1635
  25.109110    0.885477 1095
  12.190136   -0.430553 1719
   8.855388    0.667428   75
  16.646809   -0.826201 1788
 340.527146    0.423264 1317
  15.500636    1.172051  127
  14.387143    0.998730  307
 347.501556   -0.724178 3210
   1.954867    0.688780   19
  14.263343    0.175650  129
   1.355253    0.830477   14
  32.761364   -0.152879 2452
  24.641310    0.969506  897
 356.506445   -0.648666 3123
   3.874398   -0.817866 1652
 335.566802   -0.068245 2898
  16.199114   -0.928973 1789
   3.325726    0.835046   30
  22.281062   -0.479341 2166
  32.736145    0.051348  833
   5.877779   -0.310170 1668
 339.781496    0.506241 1320
 353.729440   -0.172839 3097
  17.124873   -1.004370 2040
 341.351126    0.403954
 339.709141   -0.450504 3166
 332.920894    0.188590 1217
