#az(d)       el(d) polygon_ids
  26.500210   -1.191204 2559
 345.418488   -0.010386 3201
  29.178284    0.803114  813
  22.542078    1.071708  892
   9.082007    0.084836   75
  29.695328   -0.031865 2429
  33.265751    0.636631  839
  33.152718    0.788661  839
  28.166958    0.868929  808
 334.617218    0.250624 1233
 340.782715    0.450948 1326
 352.526337    0.004145 1429
 352.606079   -0.669799 3082
 331.830536    0.908152 1208
  10.790837   -0.544555 1710
 350.476898   -0.804835 3066
  17.084808   -1.371876 2358
 347.410492    0.417727 1389
  30.404146   -0.173975 2435
 336.039276   -0.256644 2898
  16.940090   -0.618551 1879
 359.938355    0.270974 1491
 344.715363   -0.440362 3028
 333.849853   -0.034416 2878
  15.525495   -0.343100 2097
   6.032542   -1.010390 1666
 349.375519    0.359581 1403
 333.503876    0.007872 1224
 353.786194    0.439553 1441
 357.777283   -0.826718 3126
 346.777191   -0.100046 3042
  15.819953    1.232825  126
  20.866165   -1.067989 1799
 343.512848   -0.704704 3017
  18.472313    0.955898  365
   4.048489    0.282701   33
  11.789654   -0.608248 1721
 352.835053   -0.660906 3082
  21.766960    0.459325  246
 335.063721    0.608118 1233
   8.610987   -0.157308 1690
  33.111893   -0.387309 2453
 335.640137    0.111109 1243
  30.837746    0.312284  822
   0.081693    0.746670    0
  30.820883   -0.679627 2435
 349.706329    0.263460 1403
  17.422548   -1.257893 2358
 357.337128    0.028983 1470
 345.975830    0.533799 1379
 348.262726    0.932576 1390
 337.447968    0.019254 1256
 338.485291   -0.436867 2971
 346.802612   -0.089402 3208
  12.649329    0.582044  111
 332.528015    0.522801 1217
 350.823883   -0.626924 3066
 354.188171    0.543998 1447
  20.435617    1.173025  148
  22.659836   -0.683579 2665
 354.440521    0.123231 1447
  24.234785    0.673460 1022
 346.960297   -0.149773 3047
 352.083862    0.156558 1429
 350.296387    0.229160 1410
 342.894562   -0.147353 3014
 350.386352   -0.750608 3066
  24.411076   -1.121813 2472
  20.744642    0.187194  340
  16.067524   -0.024740 1797
  25.647673    1.302425 1201
 334.899567    0.617929 1233
  24.913902   -0.042229 2511
   6.602530   -0.591572 2246
 334.273743    0.633070 1229
  32.160938   -0.960375 2446
  17.612263    0.646699  373
  18.452795   -0.603190 1894
  14.265687   -0.428985 1746
   3.996050   -0.992051 1647
  24.288591   -0.687143 2698
 358.032898   -0.406900 3136
 332.131714    0.388926 1210
 338.851013    0.074449 1309
 338.541046   -0.598563 2971
 353.187866    0.006922 1435
 334.691681   -0.141725 2883
 359.232117   -0.555457 3143
  21.378735   -0.231059 1756
  29.232405   -0.035268 2428
  35.492756    0.683311  848
 354.670563    0.528189 1454
  33.732284   -0.742039 2453
 344.485596    0.158566 1548
 349.872223   -0.398335 3064
  33.049602   -0.798615 2452
  27.460066   -1.134492 2537
 355.020782    0.968641 1449
  25.783882    0.920221 1201
  20.259586   -0.470010 2005
  19.758388    0.018147  136
 345.847992   -0.701128 3038
 348.665436   -0.380011 3055
 332.355988   -0.053582 2869
  11.924422    0.661538   99
 337.478394   -0.062475 2956
  22.151770    0.635850  234
 344.562592   -0.749954 3028
 346.160553   -0.869598 3035
  20.280922   -1.330534 1799
 350.933014   -0.086663 3069
 343.061371   -0.762840 3014
  25.829706    0.022988  924
  23.709494    0.593642 1025
 334.473877   -0.632387 2883
 338.821716   -0.567008 2971
  13.799835    0.524360  116
   6.307746   -0.749873 1666
  17.491417    1.178723  371
 331.682678    0.425323 1260
 343.519226   -0.814248 3017
  12.032463    0.002119   99
  30.732405   -0.489810 2435
  20.284365    0.093619  455
 348.196655   -0.449385 3051
  35.344563   -0.183545 2470
 340.222168    0.476307 1317
 340.437622   -0.652894 2986
 341.126648    0.622096 1326
 349.858551    0.854885 1410
 343.323883   -0.261362 3014
  12.455087    0.437991  107
  33.064182    0.668839  839
 354.916046    0.327231 1454
   7.614062   -0.293887 2256
  33.560741   -0.947334 2453
 342.892090   -0.695576 3004
 344.261932   -0.085010 3028
 352.472290   -0.006112 3082
 356.676788   -0.025076 3123
   7.804347    0.172326   63
  33.840324   -0.770674 2458
 358.137909   -0.257587 3136
  25.342705    0.273639  881
  10.661545   -0.707249 1710
   1.638969   -0.248141 1637
  13.489963    0.967485  115
  14.684926    0.447901  159
   3.466430   -0.989132 1643
 332.566071   -0.353022 2869
   3.236795   -0.003853 1646
  20.253153    1.142464  203
  17.468191    0.114822  291
   0.766056    0.579586    8
 350.059662   -0.369727 3064
 350.786438   -0.799528 3066
 339.823303    0.677922 1320
   8.857365    0.096040   75
 350.792481   -0.081864 3070
  32.080757   -0.377813 2446
  30.212597    0.162746  816
   2.159565   -0.865802 1637
  16.776249    1.114756  121
  32.643799   -0.526483 2452
 335.929991   -0.794958 2898
  32.502637    0.839836  833
 335.883057   -0.996760 2898
 337.978149   -0.633606 2965
 356.505479   -0.106799 3123
  30.664757    0.276762  822
 342.645386   -0.493530 3004
  30.718508    0.852175 1122
  21.051960   -1.013823 1906
  15.874094   -0.110018 1797
 331.508026    0.392668 1206
  24.656158    0.488642  899
 342.910858   -0.004089 3014
 342.630951   -0.767937 3004
 352.759742   -0.414460 3082
  22.680872   -0.126474 2667
 359.362315   -0.405249 3143
 357.569073    1.047759 1472
 331.830838    0.282383 1260
 333.895264   -1.004194 2878
   7.692129    0.020649   63
 343.544281    0.271000 1354
 342.337952   -0.117978 3004
   9.849736   -0.494303 1707
 347.245789   -0.095754 3047
 353.477471   -0.986523 3088
  35.440389   -0.547579 2470
  25.868028   -0.831319 2553
 338.613304   -0.238896 2971
   5.583403    1.021582   44
 342.752869   -0.888536 3004
  34.938318   -0.347391 2465
   6.348093   -0.153236 2246
 332.355438    0.230240 1210
 333.982117   -0.653774 2878
   1.299139    0.584937   14
  10.772941    0.498754   93
  31.983431   -0.938342 2446
  22.556780    0.048199 1070
   7.789838    0.108924   63
 331.880096    0.671521 1210
  33.909897    0.610530  841
 352.273804    0.744907 1429
 359.829712    0.174200 1491
  20.906361   -0.306983 2122
 335.359039   -0.313535 2889
  13.708720   -0.044254 1800
   8.824822    0.726038   75
 334.672992    0.887863 1233
 349.045672   -0.594991 3219
 354.866486    0.166290 1454
  19.744793    0.669390  202
  20.133617    0.102142  480
  11.706035    0.238407   99
  17.363790    1.022968  385
  29.331469   -0.599126 2428
 354.357717   -0.713453 3097
   6.321366   -0.181090 2246
  35.648663    0.047966 1138
 340.085705    0.113256 1317
  35.648663    0.047966 1138
   7.353250   -0.987406 1679
 355.988312    0.800767 1466
  15.130787   -0.395333 1769
 334.393596    0.625830 1225
  16.549853   -0.358390 1807
 343.658328   -0.649602 3021
  33.541103    0.036754  839
   1.144625    0.790835   12
  24.394253   -0.042582 2519
 342.657772    0.911340 1348
  31.907145   -0.525238 2446
 346.142639    0.582408 1379
 356.855530   -0.721236 3121
   4.299869    0.169208   36
  35.253944    0.029633  852
 342.860107   -0.781285 3004
   0.594734   -0.262753 1627
  30.249489   -0.866311 2429
   7.086158    0.542894   57
   3.474343   -0.153659 1646
  22.404273   -0.653300 2030
  23.947054   -1.088999 2477
 333.568220   -0.351520 2878
 334.281189   -0.846798 2878
 337.833404    0.729218 1306
 334.745453    0.119998 1233
 349.805298   -0.432730 3064
 359.207214    0.773538 1491
  13.106013    0.714205  111
 350.053467    0.334303 1410
 352.205566   -0.587476 3079
 332.458343    0.109550 1210
 358.121582    0.682318 1482
 345.908600   -0.807792 3035
  16.328247   -0.323897 1760
  33.551662   -0.476397 2453
 334.485413    0.595726 1233
  10.308847   -0.198172 1710
 358.755707    0.911622 1488
   4.230495   -0.115526 2240
 337.265442   -0.724409 2952
 331.975098    0.539124 1210
 341.521433   -0.090106 3002
  16.123972   -0.616112 1760
 352.673248   -0.204846 3082
  13.147975    0.497545  111
  14.487646   -0.215496 1773
  25.890337   -0.213719 2735
 345.120697   -0.294349 3032
 348.855286   -0.560517 3055
  33.643852    0.740839  841
 337.195751   -1.025520 2942
  28.488747    0.523851  808
 343.873077   -0.131691 3024
 332.503082   -0.142118 2869
  14.588450   -1.257137 1898
  15.382417   -0.238600 2292
  34.218268   -0.234449 2461
  33.224047    0.747346  839
  35.579906   -0.508257 2470
   9.021929    0.271866   75
 349.310089   -0.081957 3062
  29.431620   -0.364847 2428
  29.259321    0.084735  813
  26.626131    0.899008 1048
  17.173286    1.146743  388
   6.774586    0.416995   57
 351.145349    0.059719 1415
 354.798325    0.729465 1454
 357.555542   -0.691856 3126
  27.025703   -0.256157 2491
  13.224282   -0.541867 1731
 354.168823    0.631172 1447
  33.144737   -0.871033 2452
 336.905273    0.106928 1253
  21.089559    0.366197  354
 333.922280    0.566869 1229
 353.733032    0.530366 1441
 336.892487    0.896546 1253
   6.740685    0.826496   57
  20.560385   -0.730001 1843
 346.538513   -0.541919 3040
 340.569214   -0.613966 2986
  31.032196    0.053376  826
  33.744201    0.475539  841
   4.438541    0.266639   36
   3.326042   -0.771134 1646
 351.806763    0.068465 1423
 349.763733    0.671813 1403
 344.736694    0.830697 1367
 350.776123    0.229197 1415
 347.652100    0.014794 1389
 337.652039    0.071580 1302
 341.247681    0.009293 1326
  19.958771    1.253996  203
   2.807341    0.342323   25
  16.242510   -1.086892 1789
  17.253609    0.026989  293
  24.376327    1.074465  897
 348.324493   -0.289722 3055
 358.085327   -0.566809 3136
  20.241945    0.034711  455
  26.664686    0.433028  893
  32.901775    0.828669  839
  23.551230   -0.501143 2829
 350.659977    0.840492 1415
   7.061979    0.872902   57
  27.405872   -0.572003 2585
 341.781860   -0.596326 3002
 342.478546   -0.423077 3004
  17.828525   -0.901741 1980
  26.913916   -1.091992 2598
 356.961090   -0.177705 3128
   1.181278    0.395488    8
  11.439869    0.683944   99
 331.867218    0.344874 1210
  30.253160    0.345012  822
  30.220915    0.132753  816
 340.355347   -0.673105 2986
  25.277014   -1.338416 2800
  19.045575   -0.726158 1930
   9.389925   -0.654724 1702
  24.525570   -1.196717 2472
  22.032541   -1.112847 1755
 352.824341   -0.654797 3082
  33.572128   -0.519815 2453
 353.616536    0.002303 1441
 340.090317    0.924708 1317
   1.056637   -0.231640 1635
  20.622696    0.956852  148
  18.985851    0.021406  559
  26.504112    0.403066  893
 342.154611   -0.194380 3004
 357.872406   -0.011176 3136
  21.743584   -0.744724 2166
  18.156649    0.458914  421
 343.182526   -0.697058 3014
  16.698452    0.474033  215
   3.634728    0.438340   30
   5.083162   -0.439772 1665
   2.154152    0.856660   19
   3.208418    0.361230   25
 335.565338    0.518771 1243
  20.689060    0.502744  340
 355.618042   -0.108506 3118
  17.241783    0.854058  388
  27.618065    0.764380  804
  14.502097    0.533640  307
 351.340179    0.876394 1423
 344.597229    0.220899 1365
 339.685089   -0.811913 2980
 333.718872    0.069126 1224
 354.664856   -0.406745 3105
 339.905166    0.677496 1317
 348.862762   -0.500569 3055
   2.140099    0.870930   19
  26.901786    0.598199  894
  16.940778    0.940657  121
 348.692926   -0.368582 3055
  30.354867   -0.515117 2429
  11.230600    0.080757   93
 346.461945   -0.678245 3040
 333.445343    0.652656 1224
 345.845459   -0.672562 3038
 347.916573   -0.082737 3051
  10.900508   -0.019370 1716
  11.524561    0.724391   99
  13.774500    1.018175  668
  28.698677    0.341442  808
  12.568438   -0.396560 1724
 335.913390    0.661702 1249
 347.480804    0.498088 1389
 332.579068   -0.266360 2869
  21.972990    0.922836  234
  24.487551    0.392303  941
  26.314932    0.491972 1038
  31.416929   -0.580749 2440
   6.470200   -0.567460 2246
  20.117297    0.694982  201
  24.197256   -0.790844 2700
 333.635376   -0.308418 2878
 343.148895   -0.920371 3017
  33.129520    0.459985  839
  13.262671    0.517623  111
   2.085055   -0.965318 1637
 331.989527    0.338287 1210
  33.785229   -0.265200 2461
 344.661713   -0.589811 3028
  21.454317    0.880800  175
 332.027244    0.807842 1210
 346.430145    0.002327 1379
  20.718876   -0.158845 2128
  18.215163   -0.953137 1980
  21.310158   -0.061736 1756
  29.576010    0.087986  814
  25.792379   -1.056992 2640
 331.474365    0.733405 1206
 335.384037   -0.145400 2889
 358.634766   -0.687579 3140
 347.467731    0.003409 1389
   3.732792   -0.386679 1652
  17.277733    0.451419  382
  30.469544    0.487833  822
  24.978936   -1.107348 2721
   0.361083    0.005226    0
   7.907351    0.447126   63
 348.041351   -0.949634 3049
 346.509918    0.832318 1384
   5.809868   -0.078252 1668
  16.224615    0.072487  205
  27.044813    0.898643  799
  31.958597    0.068809  830
  13.266633   -0.425703 1731
 347.428803   -0.090739 3048
 347.581573    0.972923 1389
  29.748489    0.674077  816
 359.260620   -0.806681 3146
  31.980825   -0.961009 2446
  17.011653    0.685334  138
 354.689392   -0.058844 3105
  30.517292    0.641132  822
  14.067030   -0.569352 2291
 334.784018    0.865568 1233
 356.245483   -0.085603 3123
  21.139922   -0.059870 2122
 336.006627   -0.799791 2898
 334.250957   -0.860196 2878
  34.350960    0.672498  847
 334.508514   -0.962274 2883
 349.271460   -0.033875 3062
 338.648216    0.335997 1309
 353.774414   -0.668386 3097
  27.479677   -0.563564 2585
 333.703179    0.687964
  11.812793   -0.210343 1719
  16.107039    0.844236  490
  27.573786    0.484025  804
 339.504110   -0.194180 2985
   2.399646   -0.102781 1641
 334.150447    0.766477 1229
  16.161009    0.318108  205
 337.886902   -0.724488 2965
  18.289133   -0.177171 1890
 336.799119    0.728691 1253
  14.731476    1.149692  231
  18.079399    0.613294  421
 337.975159    0.061064 1302
  10.374152    0.987626   86
 354.123796   -0.530634 3097
 351.702606    0.904491 1421
  17.110668   -0.519125 1879
 336.716950    0.774375 1253
  21.467867    0.974356  175
  23.985226   -0.275683 2524
   0.119757   -0.277789 1624
 338.587860   -0.800152 2971
 353.937744    0.858909 1447
  25.129911   -0.551646 2503
   3.698172    0.820905   30
   6.607766   -0.808350 2246
 350.085558    0.677900 1410
   2.841118   -0.155170 1641
 340.476593    0.017279 1317
   7.418607    0.938289   58
  25.386910    1.011547 1201
 354.143409   -0.333593 3097
 338.011919    0.276657 1306
 356.800110   -0.227470 3123
   6.580645   -0.194132 2246
 354.622101   -0.992749 3240
 337.039581   -0.410404 2952
 332.506140   -0.206311 2869
 335.881531    0.676426 1249
 358.858246    0.878941 1488
  11.814676    0.518596   99
  10.239518   -0.881712 1703
  30.932104   -0.866534 2435
  19.103857   -0.679198 1941
   4.995635    0.911860   40
 341.021332   -0.186990 2994
   6.461154   -0.412961 2246
 344.535400    0.489052 1366
 352.380670   -0.343392 3082
   7.757642   -0.833403 1679
 334.144531   -0.788600 2878
  24.484367   -0.648244 2698
   8.928729    0.528583   75
 352.118131   -0.957560 3077
 341.539947   -0.160211 3002
  18.058155   -1.081515 1979
  32.566406   -0.848186 2452
 349.298462   -0.988557 3061
  20.055835    0.719803  202
 337.148717    0.851373 1256
 337.919691   -0.866952 2962
 341.952972    0.200994 1333
  20.279615    0.442638  473
  30.734608    0.876711 1122
 345.655548    0.402964 1375
  22.923311   -1.057021 2602
  18.645008    0.326597  563
  21.965754   -0.521070 2166
 339.548218    0.989573 1310
 348.930695    0.530036 1398
  26.844620   -1.149696 2540
   4.267785   -0.921146 1647
   6.226386    0.402580   51
 344.893646   -0.007356 3032
   2.697433   -0.000704 1641
  14.144759   -0.716180 2061
 335.931641   -0.958301 2898
  25.706154    0.618442 1080
 347.711700    0.172225 1389
  14.264124    0.235623  151
  27.914629   -0.339733 2416
  34.893867   -0.052934 2465
   4.565652    0.609777   39
  35.671703   -0.296293 2470
   5.918850   -0.451526 1668
  34.680794    0.202709  847
  31.470505   -0.923848 2440
  13.501317   -0.605548 1731
  14.554619   -1.109484 2066
 338.537476    0.000470 1306
   4.659987    0.825428   40
  15.254217    0.655149  552
   4.712524   -0.666977 1658
 331.785462    0.831176 1210
  32.914661   -0.102026 2452
 354.652332   -0.827443 3240
  32.809122   -0.103197 2452
  18.102306   -0.141077 2076
  26.080423   -0.504108 2750
 350.693970    0.944258 1412
 336.396606   -0.095868 2905
  24.508731    0.618008  900
   4.310082   -0.518633 1652
 332.329224   -0.104577 2869
 342.618164    0.370750 1348
 341.926269   -0.933208 2998
 356.994483   -0.425884 3246
 357.741150   -0.869421 3126
  32.285347    0.855964  833
   9.285267    0.482173   75
 353.729736   -0.495842 3097
 332.068298    0.326877 1210
   3.326464    0.415078   27
  13.542853    0.316991  116
 354.716003   -0.395168 3105
   1.650222   -0.553446 1635
  14.934222   -1.039523 2066
  21.998285   -0.024265 2211
  16.566906    0.256664  212
  22.679035   -0.447278 2667
 356.313385   -0.349786 3245
 349.357228    0.614885 1403
 354.377869    0.327193 1447
   9.700140    0.150441   81
   9.500752   -0.985230 2266
  29.764673   -0.819582 2428
 355.450928   -0.946893 3111
 336.199646    0.422068 1249
  27.718615    0.010278  804
   8.235154    0.347423   68
 339.082398    0.721116 1309
 350.397766   -0.748797 3066
   6.954348    0.550056   57
  12.412984   -0.116502 1724
  21.122814   -0.062409 2384
  16.358481    0.698181  499
 356.210175   -0.448422 3118
 340.727631   -0.797133 2986
  15.283095    0.907590  395
  18.632974   -0.793589 1931
  26.875343    0.556472  893
  22.235550    1.042881  234
 352.954408   -0.151543 3091
  25.030653    0.135726  883
 348.812408   -0.888571 3055
  12.369577   -0.867725 1717
 331.486420    0.973192 1203
   1.757748    0.777918   14
  12.194901    0.936228  107
 336.686615    0.838884 1253
 355.318512    0.836674 1460
   8.983523    0.732158   75
 355.589813    0.337437 1460
  22.406772   -0.201940 2083
 334.153412    1.067144 1226
  10.578001    0.543628   86
 357.925507    0.114896 1477
 337.124369    0.332252 1253
   6.361681    0.752310   51
 341.953888   -0.964429 2998
 353.964644    0.834734 1447
   4.890524    1.010128   37
 354.875030    0.504801 1454
 337.492676   -0.837039 2908
  22.343622    0.215460  189
  25.925867   -0.959007 2553
 345.687012    0.749299 1377
  27.739676   -0.763186 2410
  21.353962    0.001119  135
 359.572468   -0.266748 3151
 344.932068    0.547365 1367
  32.046181   -1.040379 2444
  15.718675   -0.977476 2099
  24.088800    1.041112 1014
 356.215101   -0.069736 3123
  14.675429   -0.938710 2066
  17.200369    0.935375  388
  13.276931   -0.400066 1731
 338.234929   -0.003673 2971
  11.869885    0.672283   99
  23.623142   -0.280197 2564
   0.325568   -0.854086 1624
  16.451544    0.962049  494
 336.403839   -0.958967 2902
  11.926550    0.757575  105
  26.298967   -0.724711 2553
 343.986359   -0.358632 3024
 335.723938    0.355025 1243
 354.229248   -0.375631 3097
 353.620293    0.181188 1441
 359.838165    0.816341 1496
  30.785593    0.940590  826
   6.903511   -0.897764 1671
   6.942067   -0.362369 2246
  17.723400   -0.776163 1980
  17.214030    0.880766  388
  29.939383   -0.541229 2429
  29.516475    0.327357  814
 342.886688   -0.870538 3004
   5.589895   -0.912960 1659
 334.099182   -0.734979 2878
 359.994264    0.430958 1496
  19.384314    0.147301  559
 343.396149    0.102011 1354
   3.954512    0.292221   30
 355.365753   -0.563809 3113
 344.785641   -0.697897 3028
 357.989258    0.677610 1482
 338.011871    0.774949 1306
 345.348785   -0.629167 3032
  20.239225    0.486470  473
  10.617005    0.061076   86
 358.419895   -0.601281 3140
  28.376429    0.095503  808
 342.894989    0.791165 1348
   0.588001    0.363704    0
 356.719940    0.765472 1470
 353.160473    0.631356 1593
  29.581589    0.159721  814
 332.143901    0.996263 1210
  13.140972    0.530257  111
 349.235173   -0.378049 3062
   6.790549    0.505649   57
   4.092038   -0.125439 1652
 347.088379    0.217842 1384
 348.984436    0.973984 1397
 354.188446    0.766662 1447
  11.371558    0.098735   93
 340.832031    0.049026 1326
  13.618764    0.081096  116
   5.403053   -0.554038 1665
  15.525127   -1.207461 1829
  17.718421    0.773356  380
 349.777104   -0.817913 3063
 356.411163    0.655476 1466
   3.304597    0.752097   30
   4.029804    0.590570   36
  27.889208    0.458006  804
  23.728640   -0.445678 2829
  32.101121   -0.916301 2446
 338.203174   -0.484277 3161
  14.466313    0.328559  159
 350.042084   -0.306800 3064
 343.209351    0.658613 1354
  34.429212   -0.457802 2795
 343.078766   -0.605105 3014
 347.137421   -0.392342 3047
 340.957916   -0.608339 3172
 357.060211    0.756808 1470
   2.923949   -0.071913 1646
   6.874345    0.096880   57
 354.403381   -0.131185 3105
  25.351725    0.358242  933
  24.024818    0.733426 1024
 343.920105    0.319369 1354
  31.984392   -0.483588 2446
  16.662744   -0.443504 1805
 356.829559   -0.963954 3121
  22.526196   -0.153977 2667
  12.458844    0.209117  107
 334.992554    0.619201 1233
  24.387278   -0.901447 2699
   7.554530   -0.662336 1681
  10.726426    0.082683   86
 359.354504    0.664128 1491
 350.723724   -0.565197 3066
  17.426578    0.275170  291
 334.497711    0.515357 1233
 334.402246    0.272934 1229
  12.083056    0.168316   99
 336.340698    0.465503 1249
 342.356903   -0.337864 3004
  20.498238   -0.096948 2147
   9.122173    0.865922   75
  33.313435    0.216842  839
 351.871051   -0.725948 3079
 336.777114    0.720945 1253
  26.764406   -0.324439 2491
 334.532990    0.874928 1233
 333.713654    0.753749 1229
 344.111440   -0.445203 3024
 337.559399    0.729599 1302
  17.232136   -0.340683 1869
  25.989746   -0.771716 2553
 358.135418    0.495439 1482
 334.726135   -0.016331 2926
  33.066597    0.605918  839
  16.826971   -0.533385 1875
 338.112030    0.824724 1306
 340.681793   -0.608937 2986
   5.046818   -0.755198 1653
 345.449890   -0.637897 3032
   0.137769   -0.942157 1624
 351.316511    0.780528 1423
  34.459118   -0.508512 2465
  27.857630    0.392427  804
 331.879961   -0.821709 2868
 355.108871    0.151260 1454
 356.739211   -0.053930 3123
 357.339845   -0.987557 3126
 354.467316   -0.514920 3105
   8.006420    0.875169   68
   7.678780    0.795423   63
  16.550921    0.322263  212
  14.158400    0.479153  314
 341.931305   -0.585459 3002
 344.591797   -0.354133 3028
 354.068440   -0.657860 3097
   1.682121   -0.200084 1637
 355.939850   -0.349686 3118
 359.024910    0.881418 1488
  34.781883   -0.071536 2465
  19.650280    1.040102  202
 334.472961   -0.548594 2883
 332.964477    0.528088 1217
  33.138361   -0.353028 2453
 343.278770    0.632989 1354
  15.628207    0.895640  744
 335.255371   -0.620650 2889
 342.386932    0.684638 1340
  10.580864   -0.714243 1710
  14.820238    0.591273  280
 351.755005    0.360116 1423
  12.521809    0.041109  107
  30.901354   -0.696557 2435
  35.348961    0.226540  852
  30.018910    0.439942  816
  22.547859    1.117249  892
  15.735632    0.501291  183
  18.955150   -0.628528 1889
   1.527101    0.679094   14
 338.223206   -0.188733 2971
  18.507606   -1.090159 1973
 340.149822    0.975935 1317
  10.902090    0.093828   93
 343.120758    0.365892 1348
  19.195280    0.604457  277
 333.428613    0.672494 1224
 354.440417    0.552737 1447
 350.660379    0.848192 1415
  19.047621    0.009307  559
  12.464059   -0.890956 1717
  12.062746   -0.080832 1719
  16.464674   -0.188975 1807
  16.165302   -1.084194 1830
 353.417847   -0.561601 3091
   0.669257    0.107321    0
 336.224915   -0.764907 2898
   0.901964    0.319584    8
 351.360443    0.404539 1423
  12.467917   -0.799949 1717
 359.340973    0.898777 1491
   9.080072   -0.164524 1702
  20.983110   -0.314851 2122
 332.253251    0.399351 1210
  16.370077   -1.176557 1741
  23.143338    0.133621  927
  10.533156    0.138382   86
  19.229368    0.222510  562
  21.102713   -0.712279 1903
 346.806000   -0.667578 3040
  26.217528    0.800487 1048
 344.617401    0.388874 1367
 332.237823   -0.097560 2869
 353.045624   -0.787863 3085
  13.820785    1.145747  313
   8.832220   -0.877419 1688
  29.479423    0.383558  814
   2.134891    0.838185   19
 332.428925   -0.770218 2869
 340.684784   -0.794274 2986
  33.981735   -0.517995 2461
   2.829885    0.876212   25
   3.737913    0.898168   30
   2.273876    0.625038   19
 359.638275    0.646803 1491
  24.269196   -0.183271 2519
  34.239849   -0.549774 2461
  10.762001   -0.204912 1710
 343.219666   -0.811343 3014
 341.270630    0.811807 1333
   2.986034   -0.094628 1646
  33.196358    0.027409  839
  21.921873    0.883896  238
  14.812714   -0.968969 2066
  23.958073    1.211455 1014
 334.930512    0.688459 1233
 338.236114   -0.212955 2971
 348.760480   -0.211039 3055
   4.573915   -0.449725 1658
 357.789734   -0.017118 3136
  24.539393   -0.906048 2699
  16.454484   -0.289516 1807
  19.631070    1.028119  202
 332.951447   -0.447601 2875
  14.342959    0.279077  155
  18.763086   -0.465574 1889
   7.549089    0.797219   63
 334.439880   -0.823729 2883
  28.607417    0.885191  808
  32.283067   -0.890026 2446
  13.206375    0.283131  111
 344.640595    0.898638 1367
  25.422195    1.201602 1201
 347.261536   -0.109467 3047
 331.567566    0.846237 1203
  33.077632   -0.093722 2453
 353.859436   -0.513340 3097
 342.740631   -0.941821 3004
 338.568540    0.252818 1309
  20.779459    0.970116  148
 347.422574   -0.616371 3047
  28.811001    0.192941  808
 340.941071    0.294917 1326
  24.551279   -0.396772 2519
   5.597862    0.267638   45
  29.289987   -0.302929 2428
 352.896240    0.866144 1435
  34.244152    0.450098  847
 335.840899   -0.241177 2898
 344.078491    0.705561 1548
 334.595732   -0.921527 2883
 356.112410   -0.724834 3116
 332.715879   -0.889465 2869
 332.656189    0.548737 1217
 354.422211   -0.334005 3105
 342.276123    0.835710 1340
   5.591166   -0.748634 1659
 340.440460   -0.421252 2986
 342.107483   -0.852471 2998
  29.846172   -0.684701 2429
 352.987030    0.535345 1435
  27.037503   -0.919119 2543
  32.162228   -0.488512 2446
  14.078915    0.064786  116
  25.740837    0.204010  879
  20.041780    0.636511  461
  28.299984   -0.328229 2416
 358.125661    0.097795 1482
  20.352415   -0.184812 2008
  10.147595   -1.018217 1705
  16.801855   -1.119048 2301
 346.356598    0.720484 1379
  19.464019   -0.631210 1950
 335.953644   -0.065166 2898
   3.553924   -0.350730 1646
  31.001453    0.028388  826
 344.992815    0.775456 1367
 335.775879   -0.379553 2898
  35.579567   -0.188497 2470
   2.592273   -0.616996 1641
 341.618469    0.618367 1333
  23.746636    0.504848 1022
   1.149546    0.034541    8
  11.401965   -0.005055 1716
  32.886101    0.729691  839
  21.248376   -0.266849 2122
  25.395626    0.106950  953
  28.867526   -0.811035 2422
  25.588482    1.282718 1201
 344.943848    0.294886 1367
 355.484997    0.044391 1460
 352.273010   -0.643227 3079
  24.031021    1.281816 1014
 336.088104    0.135376 1249
  10.015117   -0.416921 1707
  27.659273    0.975933  804
  16.442900   -0.432293 1807
 345.237091   -0.859644 3032
 347.226562   -0.644271 3047
   5.253310    0.809808   45
   9.464749    0.755250   81
  19.747225    1.186716  202
 335.460510    0.824107 1243
   8.637437   -0.763803 1690
  15.340738    1.233713  396
 342.942047    0.973119 1348
 341.816711   -0.521043 3002
 331.485889    0.838938 1203
   3.182996   -0.634082 1646
 336.712647    0.983430 1253
  13.363404   -0.114745 1731
 338.697967    0.616832 1309
   9.650244   -0.666324 1702
   5.672374    0.240120   45
 343.787323   -0.327490 3024
 344.617952   -0.421060 3028
  16.072001   -0.377715 1759
  31.736626    0.749683  830
 358.585846   -0.592793 3140
 343.468567    0.900490 1354
  26.583229   -0.774670 2547
 338.904510    1.071520 1309
  10.011166    0.311434   81
 349.967163   -0.812193 3064
  16.648617    0.737577  492
  26.018513    0.934486 1048
 342.497589    0.094498 1340
  27.004705    0.363457  802
 340.171234    0.410064 1317
   3.305808   -0.553338 1646
   9.470264    0.024472   75
 344.719929   -0.611752 3028
  33.486862    0.679582  840
  23.127325   -0.754086 2609
 341.146936   -0.491632 2994
 332.572940   -0.052244 2869
  15.951018   -0.300350 1759
   0.818295   -0.125677 1627
  23.205761    0.440857  927
 356.145565    0.230101 1466
  18.969149    0.100264  573
 342.205933   -0.603700 3002
 334.042877    0.419978 1229
 356.008667    0.067937 1460
 338.142548    0.540235 1306
 342.823547   -0.094286 3014
 343.837189    0.095335 1354
 356.056061   -0.447725 3118
   4.305819   -0.413498 1652
  19.156031    0.892888  274
  24.411332   -0.863948 2699
   6.689635   -0.635276 2246
  32.791588   -0.618395 2452
 337.283051    0.430983 1256
  33.172375    0.471154  839
 335.695923    0.216948 1243
 333.567505    0.499661 1224
 334.036255   -0.180163 2878
  14.392983   -0.304153 1773
   2.672071   -0.413917 1641
 356.630167   -0.927650 3121
 347.683021   -0.696640 3210
 345.334595    0.664851 1375
 333.405701    0.671078 1224
 337.759094   -0.959319 2962
 346.278524   -0.582105 3040
  33.000226    0.182101  839
  14.674576   -0.989159 2066
  15.058283    1.146318  231
 337.574707   -0.392987 2965
 352.278116    0.263418 1429
  34.415726   -0.695922 2461
  16.119329   -0.738199 1789
 353.457519   -0.424172 3091
 347.931152   -0.753364 3051
  14.038154   -0.318187 2291
   3.045074    0.886381   25
  15.738543   -0.751064 2103
  20.452663   -1.205362 1799
 358.568848   -0.209316 3140
  13.594501    0.271136  116
   7.454639    0.761656   63
  35.070328    0.121044  852
  19.002993   -0.016174 2175
 340.835965   -0.662740 2986
  34.754030   -0.076209 2465
  35.495167   -0.181258 2470
 349.853276    0.478386 1403
   1.256845   -0.643030 1635
 346.840485    1.048823 1380
 355.973480   -0.747420 3118
   8.001478   -0.653037 1687
 356.031677   -0.981320 3116
 354.019958    0.443182 1447
 351.912781   -0.811688 3077
   6.141229   -0.425938 1668
  12.070530   -0.003974 1719
  24.397787   -0.789834 2699
  26.272433   -0.865169 2553
  13.092176    0.222117  111
 333.519102   -0.496195 2874
 331.992279    0.813933 1210
  20.582377    1.164729  148
 337.102820    0.479606 1253
   4.110577    0.609008   36
   2.787544   -0.622580 1641
 356.543030   -0.562596 3123
 345.844788   -0.243969 3038
   5.554254   -0.755540 1659
  13.285535    0.322479  111
 338.971710   -0.148731 2972
 354.244070    0.318467 1447
 349.202820    0.831309 1403
 359.787252   -0.226552 3255
 340.246778    1.054575 1507
  11.480882    0.333900   99
 348.592765    0.054342 1390
 351.315704    0.105288 1415
  35.152706    0.521805  852
 337.245972   -1.035614 2942
   0.441354    0.886375    1
 342.957275   -0.469925 3014
  11.083818    0.178949   93
 332.797668    0.627532 1217
  26.488470    0.053745  914
 339.652629    0.125296 1313
 340.834203    0.487352 1326
  27.756207    0.496965  804
   8.941086    0.384953   75
  12.273874   -0.514230 1719
  25.322155   -0.429369 2503
  28.473522    0.335561  808
 355.246521    0.004985 1454
  17.845600   -0.043560 1820
  30.450333    0.706688  822
   8.609297    0.433895   68
  22.642412   -0.351849 2667
 336.750987   -0.079486 2952
 337.256988   -0.977320 2908
 331.879852    0.803844 1210
 345.736023   -0.606145 3038
 345.234075   -0.793724 3032
  29.925697   -0.318769 2429
  21.678799    0.044169  589
  24.281347    0.854686  903
   8.337523    0.693555   68
  33.378311   -0.979044 2453
 338.543457   -0.554300 2971
  29.680954   -0.926762 2428
  10.962759    0.979540   93
   8.144255   -0.265857 1687
  14.228700   -0.535462 2061
  11.398627    0.233612   93
 347.977875    0.346089 1390
   6.661078   -0.573156 2246
  13.654560    0.511029  116
 337.328095   -0.222889 2952
  28.368742    0.163918  808
  20.671713   -0.835521 1843
  16.214805    0.699624  499
   3.380271   -0.252602 1646
  35.312683   -0.812604 2470
 336.678925    0.759901 1253
 352.133026   -0.302709 3079
  29.019747   -0.718440 2422
 358.515472   -0.611476 3140
  18.820328    0.695407  359
 349.945386   -0.337033 3064
  11.065954   -0.717535 1708
 341.034302    0.883970 1326
 338.609345   -0.851318 2968
  30.050775   -0.355358 2429
   3.824779    0.159883   30
   2.994980   -0.618178 1641
  23.699945    0.791109 1014
 334.625304    0.001380 1229
 339.729177    0.167244 1313
 333.463875    0.219909 1224
  14.247094    0.728583  307
  26.334963    0.059080 1097
 348.868500   -0.856364 3055
 355.511414    0.562696 1460
   1.303097   -0.935869 1635
  31.746122    0.501876  830
 353.225439   -0.946713 3094
 348.951632    0.123301 1398
 353.105566    0.011845 1435
 353.474290   -0.905283 3094
 358.942261   -0.395264 3140
  31.897274    0.208125  830
   5.229065   -0.854102 1659
  16.967621   -1.151388 1748
   7.417146    0.901614   63
 352.188489   -0.528896 3079
  18.488020    0.639597  365
  17.721599    0.098266  286
 338.759146    0.361628 1309
  34.148697    0.191031  841
   5.986948   -0.640548 1668
  19.477182    1.097503  198
  28.765647    0.314882  808
 349.492637   -0.029196 3064
   5.725051   -0.415842 1668
 341.416412   -0.405471 2994
  19.088367    0.680185  277
   0.148753    0.305334    0
 337.607269   -0.000421 2965
  13.288899   -0.444876 1731
   8.314671    0.012967   68
  17.664022   -0.391070 1817
 338.074158    0.444448 1306
 350.754828    0.160795 1415
  29.854474   -0.298727 2429
 347.875244   -0.277581 3051
 333.580915   -0.444819 2878
 344.944306   -0.599136 3030
 344.585772   -0.379479 3028
  29.897854    0.067015  816
   3.000763    0.147238   25
  23.411558   -0.642068 2619
 350.581726   -0.823167 3066
   8.693711    0.235936   68
 342.699554    0.270629 1348
  23.861427    0.542079 1022
 346.149139   -0.843701 3035
 349.369049    0.595598 1403
 333.150269    0.829457 1224
 334.747040    0.014286 1233
  20.766672   -0.744758 2121
  28.185173   -0.372188 2416
  13.720327    1.006985  116
   8.459215   -0.547302 1690
  17.510050    0.200057  291
 341.157745    0.359036 1326
  15.838945   -0.792722 1758
  28.727642    0.264775  808
 344.468964    0.375107 1548
  11.569726    0.913208   99
  29.674053   -0.855678 2428
  19.066341   -0.351074 1948
   2.038927    0.826534   19
  26.972952   -0.926037 2543
  34.886509    0.814064  852
 343.732499    0.531504 1354
   9.422316    0.029680   75
  31.909277    0.164820  830
  24.863550    0.892810  897
 343.549852   -0.830413 3017
 337.113194    0.561532 1253
  34.459236    0.814939  847
   9.852259    0.417094   81
  12.496845    0.317538  107
 338.823944    0.865646 1309
 339.244657   -0.220148 2972
  28.015516   -0.877756 2416
  23.489718    0.235234  927
 341.502075   -0.411021 2994
   3.962127    0.606496   36
  22.445299    0.466263  189
 348.125244    0.255954 1390
 341.387154   -0.003633 3000
 349.534363   -0.534595 3062
 348.477600    0.547322 1395
   4.845069   -0.827274 1653
 331.310120    0.860613 1257
 349.346130    0.835272 1403
  27.151379    0.086544  859
  17.125109    0.231818  293
  33.575295   -0.593491 2453
 348.856232   -0.143466 3218
 339.206696    0.903759 1313
  19.797884    1.127359  202
  30.800394   -0.861713 2435
   8.659953    0.238155   68
 346.172974    0.552007 1379
 348.676127   -0.160331 3055
 357.388733    0.315792 1477
 332.867640   -0.589488 2869
  23.770411   -0.667600 2600
  35.402923    0.588204  852
   5.468358   -0.461087 1665
 352.479401   -0.787505 3082
  15.877660    1.129375  490
  14.767319   -0.591406 2064
 342.483673    0.038368 1340
   4.510682   -0.337193 1658
 337.657702    1.015438 1302
   7.812736    0.892346   61
 351.372894   -0.031391 3069
  26.516905   -0.641852 2550
   6.858473   -0.981596 1671
 353.250916   -0.341815 3091
  24.077503    0.008014  973
 333.505212   -0.036685 2878
  17.012114   -1.162797 1748
 350.465241   -0.202637 3066
   6.262250    0.694297   51
 345.685547    0.153414 1375
  10.621551    0.230914   86
  21.440983   -0.973992 1906
  19.534527   -0.531977 1950
 350.676922    0.712476 1415
  26.430523   -0.425659 2730
   9.993007   -0.230795 1707
  26.853275   -0.207473 2491
 359.603027    0.270381 1491
   4.135158    0.239341   36
 335.037506   -0.395458 2889
   0.145326    0.398285    0
  25.406120   -0.912770 2644
  33.482082    0.826042  841
  22.522470    0.475340  955
  33.497642   -0.513260 2453
   4.577952    0.452542   36
 332.529022   -0.396141 2869
 358.084387    0.293295 1482
  14.546705    0.781837  307
   2.616072   -0.312527 1641
 333.282074   -0.400924 2874
  31.765953    0.447993  830
  34.623883   -0.838193 2465
  23.955073    0.282463  939
   6.823832   -0.973977 1671
  32.857453    0.379215 1129
  31.569363    0.859384  830
  31.835131   -0.778447 2443
   9.800192    0.215441   81
  28.901643   -1.001647 2420
  15.021810   -1.062280 2096
 358.793640   -0.778190 3140
 351.279205    0.714900 1423
 359.273132    0.372699 1488
  22.626036   -0.224424 2667
 350.059326   -0.615929 3064
 338.923309   -0.782935 2968
  22.981566   -1.210269 2602
  16.616736   -0.428355 1805
   8.326158    0.271435   68
  22.829949    0.136492 1070
 351.142954    0.267718 1415
 345.244507    0.802989 1375
 358.397613   -0.883459 3136
 339.369263    0.885702 1313
  31.350933    0.470634  826
  13.214082    0.806940  111
 334.342790    0.277792 1229
  25.162676   -0.769939 2644
 349.488586    0.879515 1403
  16.321177   -0.500677 1760
 341.162415    0.015748 1326
 345.671553    0.142871 1375
 332.761394    0.556936 1217
 334.162262    0.676286 1229
 342.221649   -0.544993 3002
  25.561468    0.390061  877
   9.107867    0.059124   75
  27.297235   -0.988988 2599
 335.984467    0.314176 1249
  13.576201   -0.760669 1729
 343.265655   -0.657306 3014
 342.853973   -0.122321 3014
  20.754482    1.070006  148
  25.281125    1.037933 1201
 347.082367    0.439371 1384
 332.980275    0.686657 1223
 340.566498   -0.890630 2986
 351.593597   -0.301432 3079
 337.721588    0.170579 1302
  25.722448    0.148972  879
  35.813651   -0.684789 2468
  33.338566   -0.372253 2453
  24.094000   -0.800900 2720
 358.734039    0.972815 1485
  16.088491    0.831221  490
  19.346628   -0.402454 1939
  31.136753    0.455995  826
  24.248324   -0.274463 2519
 359.144592   -0.751044 3145
  18.822516    0.900129  277
 352.292176    0.227220 1429
  31.514252    0.893136  830
  12.412040    1.005784  107
 341.800201    0.366299 1333
  33.725056    0.336549  841
  35.567070    0.086933  852
  30.134420    0.389733  816
  31.831896   -0.333300 2446
   1.969307    0.654543   19
 340.162567   -0.008677 2986
  18.301590   -0.586912 1974
 343.357697   -0.491746 3014
 339.669916   -0.607799 2985
 334.484314   -0.761016 2883
  18.198600   -0.327434 1887
 346.186035   -0.312141 3040
  10.641547   -0.891790 1708
  22.260617   -0.294290 2200
  22.446304   -0.321352 2083
  13.506180    0.479934  116
  27.519274    0.898156  804
   3.974904   -0.371353 1652
  23.564138   -1.049314 2620
   6.351230   -0.816165 1666
  21.711292    0.159271  246
 342.971544    0.261812 1348
 356.581177    0.884387 1468
   3.071320    0.297508   25
  18.819582   -0.567030 1889
  12.810820    0.311490  111
 346.700378   -0.656432 3040
  17.508297   -0.687173 2039
 339.439143   -0.722093 2972
 358.079529   -0.003364 3136
  15.406041   -0.043153 2158
  30.033905   -0.833639 2429
 334.489183    0.100183 1229
 352.705776   -0.065901 3082
  18.278460    0.031020  411
 337.388931   -0.310611 2952
  12.500384   -0.535458 1724
 357.790710   -0.809663 3126
 339.681549    0.279992 1313
  15.401408    0.299705  518
 335.209717    0.877182 1243
   2.803090   -0.703594 1641
 351.752075    0.040075 1423
 335.375349   -0.138585 2889
 352.335053   -0.291296 3082
 338.088391   -0.716907 2965
  11.117696   -0.113134 1716
 356.727325   -0.736037 3123
  26.240787   -0.708467 2553
 338.776154    0.251583 1309
   7.877682    0.164747   63
 332.712769    1.015126 1261
 359.493500    0.304445 1491
  35.306473    0.337390  852
 347.733429   -0.329850 3051
 358.194428   -0.957977 3136
 332.764221   -0.752816 2869
 337.827889    0.364377 1302
  11.997675    0.632285  107
 348.683709   -0.052700 3055
  30.708897    0.650745  822
 333.221863   -0.221521 2874
  21.979316   -0.617286 2166
 356.606964   -0.266785 3123
   7.930942    0.790909   68
 344.836212    0.682829 1367
  20.603127    1.163713  148
 342.541992   -0.249066 3004
   4.818822   -0.742158 1653
 356.450732    0.096780 1466
  30.637526    0.279399  822
 346.340607    0.916988 1378
 356.822174   -0.984080 3121
 339.602264    0.417519 1313
 343.582306    0.868569 1354
 337.855591   -0.953403 2962
  11.794638    0.708447   99
 339.674255   -0.018121 2981
  20.730928    1.054273  148
 333.328125   -0.295865 2874
   7.068569   -0.885113 1671
   1.517507    0.571848   14
 339.453960   -0.260519 2980
   6.994726   -0.323264 2252
   6.108322    0.636627   51
 350.985352   -0.611572 3066
  29.806143   -0.714606 2428
   9.432060   -0.593523 1702
  33.465027   -0.813932 2453
  23.289167    1.184220  872
 350.625702    0.208709 1410
 339.526977   -0.404293 2980
 357.795074    0.039235 1477
  16.968851    1.393609  118
  32.259358    0.298461  833
  16.351652   -0.424204 1760
 345.688202    0.106512 1375
 336.701355    0.015126 1245
  30.949469   -0.059021 2435
  28.032755    0.405439  804
  13.902509   -0.880578 1734
 339.743774   -0.973841 2980
 346.798462   -0.286477 3040
   9.659905   -0.124518 1707
 358.526292   -0.352934 3140
 334.937775    0.618923 1233
 356.944885    1.070791 1606
 345.209717    0.237029 1367
  11.107565    1.020709   93
   0.402171    0.053825    0
 352.182953    0.781751 1429
   8.612839   -0.362749 1690
   6.013780   -0.465103 1668
 347.793335   -0.166688 3051
  14.743542    1.033210  283
  21.388103   -0.718412 1906
  30.720090   -0.276242 2435
   5.429404   -0.506030 1665
  33.059437   -0.751046 2452
 354.836548    0.430788 1454
   7.793083   -0.845408 1679
   1.264541    0.563186   14
 356.051037   -0.948499 3116
   3.066033    0.390859   25
 348.114522    0.875488 1390
 338.659393   -0.789061 2968
   0.920440    0.471790    8
 335.921600   -0.298109 2898
   6.857982   -0.733096 1671
 331.773438   -0.233561 2868
   1.197451   -0.694836 1635
 338.901672   -0.140369 2972
  10.554709    0.270800   86
  31.718197   -0.104894 2446
 354.306732   -0.530645 3097
  13.757525    0.946018  116
  11.837763    0.158985   99
 348.594434   -0.837761 3055
  34.748519    0.407724  847
 346.678406   -0.513955 3040
  19.579451   -0.983513 1861
 337.633240    0.050281 1302
 346.202942    0.357343 1379
  14.967710    1.099165  395
 346.598755   -0.769789 3040
 346.736176    0.927302 1384
 350.970581   -0.661878 3066
   0.397975   -0.701894 1624
   0.828268    0.356780    8
  31.261715   -0.294187 2440
  18.192486   -1.218742 1973
 341.463562   -0.836259 2992
 350.374176   -0.412715 3066
 332.408142    0.470551 1210
 350.757364    0.252800 1415
  18.631702    0.336675  563
   4.900725    0.494791   40
 345.724567   -0.762738 3036
  11.219827   -0.140617 1716
 343.070312   -0.290350 3014
  33.573781    0.447391  841
 353.239319   -1.045324 3094
  33.480141   -0.904221 2453
 358.678284   -0.140990 3140
 352.405121    0.838820 1589
   5.729212   -0.425966 1668
   5.255632    0.132840   40
  10.258664   -0.303861 1707
 342.166931   -0.910872 2998
  23.466648   -0.286417 2564
  29.374119    0.042730  813
  23.478014    0.272019  927
   1.394465    0.664018   14
  18.121380   -0.937034 1980
 341.139160   -0.125954 2994
   5.646181   -0.812511 1659
 337.970673   -0.821338 2962
 353.890015   -0.826703 3097
   7.640100    0.660264   63
 349.168304   -0.155891 3062
 352.081848   -0.646068 3079
 345.099976   -0.284444 3032
   5.598030   -0.224654 1670
   9.517386    0.697990   81
  22.075347    1.126138  234
  10.858889   -0.581758 1710
  27.329349   -1.044798 2599
  30.545732   -0.373824 2435
  17.946569    0.354478  418
  20.910150    0.916501  165
 339.603332    0.348711 1313
   6.810909    0.761769   57
 352.208486    0.683094 1429
 344.276886    0.012580 1548
  25.290833    0.481738 1079
 347.822793   -0.631341 3051
 358.766266    0.084528 1487
  12.994872    0.173540  111
  11.024337    0.259683   93
 354.740112   -0.829575 3240
  35.664226   -0.968409 2469
   4.472115    0.458166   36
  23.558180    0.829526  871
   3.193279   -0.003576 1646
  13.896372   -0.797315 1736
 342.889069    0.867896 1348
  31.105570    0.160149  826
  25.751250    0.893975 1201
 351.824800    0.096052 1423
 346.704468    0.849989 1384
 351.345154   -0.410843 3069
  24.941545    0.836835  897
  16.272688    0.328729  205
 354.262451   -0.774209 3097
  10.796846   -0.142163 1710
 340.729248   -0.869129 2986
 357.708923    0.867324 1477
  34.473778    0.980008  847
  22.946247   -0.176819 2667
  29.920030    0.836153  816
 341.124329   -0.623482 2994
  25.332460   -0.433923 2503
  27.229139   -0.606347 2599
 331.488586    0.202735 1204
 343.226379    0.615595 1354
   3.835612    0.454615   30
 342.840576    0.896653 1348
 336.507385   -0.847821 2902
  12.767908   -0.464671 1724
  18.528130    1.107433  365
 345.130341    0.863175 1372
   6.679081    0.669570   57
  19.125931    0.874700  274
   0.719689   -0.058601 1627
  16.255007    0.110075  205
 357.280243    0.266468 1470
   9.308817   -0.934484 1701
 357.080566    0.649922 1470
 345.648438    0.613396 1375
  31.735453   -0.052920 2446
  33.633758    0.661325  841
  31.926557   -0.858733 2446
  27.703472    0.690605  804
  34.746483    0.225323  847
 349.398712    0.091948 1404
 343.580109   -0.031958 3024
  24.331005   -0.812994 2699
 342.366303    0.850212 1340
 359.987747   -0.378828 3255
 338.546570    0.577545 1309
   6.675722    0.120053   51
  24.886158   -1.020894 2705
   8.346254    1.010385   68
 345.849019    0.270880 1377
 343.720306    0.806301 1354
   5.707103    0.213862   45
 353.596903   -0.749885 3094
  17.094564    0.196660  293
  10.132781    0.701101   86
  27.659948    0.912061  804
 343.253754   -0.592348 3014
   3.472359    0.863837   30
 346.286682    0.717733 1379
   6.366814   -0.563280 1668
  11.152603    1.000631   91
  12.872431   -0.612441 1724
  34.772575   -0.669317 2465
 354.646881   -0.889969 3240
 345.068237    0.643264 1367
   1.516566    0.935790   14
 345.634582    0.716603 1377
  25.244440    0.388282 1076
  26.350418   -0.509349 2730
 354.269806   -0.204194 3105
  22.206190    0.095527  191
  13.542466   -0.924996 1729
 348.535156   -0.660556 3055
   1.463816   -0.472407 1635
   2.098443    0.969694  598
   2.145641   -0.337473 1637
  26.332640   -0.564660 2730
  19.316477    0.440832  143
  22.846483   -1.285108 2602
   1.496240   -0.587212 1635
 335.519684   -0.824089 2887
   7.053723   -0.166947 1681
 337.412323   -0.393072 2952
 351.489441   -0.916206 3067
 333.763458    0.393339 1224
   2.266781    0.923006   19
 334.982941   -0.679862 2891
  13.720234   -0.229049 1800
 334.801636   -0.900905 2883
 336.900818    0.084642 1253
 341.214722    0.235955 1326
  11.821666   -0.014926 1719
  14.160248   -0.310514 2291
 353.493469    0.943876 1441
  19.489868   -0.667680 1855
 351.941986    0.605786 1429
  30.416599   -0.170269 2435
  20.693466    0.367698  340
  20.641220   -0.071420 2028
 341.150238    0.145961 1326
 333.191894   -0.323388 2874
   6.611746    0.405273   51
 343.969605    0.180374 1354
 337.946472   -0.378806 2965
  23.557531   -0.111586 2564
 339.620789   -0.599434 2985
  16.980442   -0.499892 1879
  23.460711   -0.962694 2600
  10.101637    0.751175   86
 344.498596    0.279333 1548
 335.778904    0.521823 1243
 346.626160   -0.454624 3040
  17.354332    0.436692  382
   8.519974    0.289576   68
 349.538025    0.795226 1403
  23.974310   -1.037750 2477
  15.615059    0.720583  402
 332.136258    0.259012 1210
 334.050690    0.125414 1229
 358.754273    0.869705 1488
   2.311330    0.405506   19
  30.437986   -0.054473 2435
   8.075402    0.135390   63
   4.189637    0.636338   36
 348.300323   -0.282759 3055
  11.208078   -0.074422 1716
 345.852936    0.219277 1377
 332.510467    0.604019 1217
 337.409119   -0.293965 2952
   6.243607    1.028569   48
  18.422869   -0.597873 1986
   7.027602    0.513955   57
  24.146860   -0.390032 2519
 355.291687   -0.699756 3113
 332.565641   -0.777816 2869
  19.547314   -0.523351 1950
   7.966072   -0.976428 1685
  33.672492    0.943217  841
   6.167382   -0.514094 1668
  24.207727    0.640689 1022
 337.330536   -0.316076 2952
 347.236694    0.282356 1384
  12.544086    0.275162  107
  10.476557   -0.498859 1710
  21.015743    0.742436  165
  31.882021    1.063581  830
 336.594940   -0.336050 2905
 332.110230    0.323654 1210
 335.385631    1.001622 1243
 357.813599    0.556490 1477
  27.362875    0.485795  799
 344.463783    0.771093 1550
  17.474056    0.659560  384
   8.769367   -0.852822 1688
  29.096905   -0.462733 2425
 339.692718    0.794218 1320
 356.268113   -0.709819 3116
 345.208008    0.064254 1367
 345.050690   -0.249733 3032
   9.844575    0.445249   81
  22.610222   -0.303899 2667
 346.760936    0.680091 1384
 342.410828   -0.669081 3004
   1.994955    0.761019   19
 341.585205    0.894689 1333
 357.634601    0.421465 1477
  19.840668    1.019185  202
 343.490814   -0.691121 3014
   0.078389   -0.672132 1624
 344.215003    0.100008 1548
 350.505646    0.009827 1410
 357.723114   -0.802844 3126
  20.640812    1.135581  148
 351.721039   -0.653274 3075
 342.796661    0.995616 1345
 337.515106    0.386656 1302
 338.898315    0.600567 1309
  34.283220   -0.605074 2461
  27.620874    0.891203  804
 345.872890   -0.080337 3038
 359.408569    0.205075 1623
 357.935730    0.747167 1482
  34.515194    0.214263  847
 344.271942    0.995307 1359
  31.927864   -0.042758 2446
 337.010712    0.829513 1253
  12.304984    0.691569  107
  27.564917    0.765475  804
 335.418907    0.983259 1243
  10.183463   -0.907518 1703
  34.342014    0.183912  847
   6.916910    1.024378   53
 346.405518   -0.824797 3040
  28.720844    0.437219  808
  30.556519   -0.891537 2434
 356.331024   -0.795464 3116
  23.914656    1.240144 1014
  25.022494   -1.059249 2657
  11.904001   -0.467773 1719
 351.230286    0.186103 1415
  10.598357   -0.070977 1710
 336.699768    0.822733 1253
  23.097124   -0.860836 2606
   5.503381    0.506157   45
   0.676275    0.892532    8
  35.596451   -0.327416 2470
  20.967367    1.091651  165
  33.645538   -0.465860 2453
  21.459267    0.212497  246
 357.211619   -0.574866 3128
   6.073402    0.146171   45
 355.446960    0.264437 1460
  24.090229   -0.204098 2519
  10.584690    0.381599   86
  14.806158   -1.083805 2066
 347.467895   -0.527512 3047
   0.214854    0.200713    0
  14.532101   -0.398697 2065
 355.608276    0.225543 1460
 336.993317    0.188089 1253
 340.629608    0.826403 1326
  16.364988   -0.492967 1760
  13.452704   -0.365895 1731
 355.624145   -0.276818 3118
  16.997524    0.641789  138
  23.240034    0.309270  927
  16.907697   -0.617701 1879
   2.171199    0.622267   19
  13.702463    0.714381  116
 336.554138   -0.516342 2905
 347.098633    0.447166 1384
 346.671204    0.282710 1384
  18.008047    0.996304  366
  26.219494   -1.178988 2559
  34.024719   -0.701298 2461
 346.595551   -0.900597 3040
 344.844574    0.235140 1367
   9.078506   -0.774982 1688
 331.818817    0.740246 1210
 359.180825   -0.766846 3143
  17.192916    0.616544  384
  11.223847    0.011639   93
  28.609671   -0.132465 2422
  26.791416   -0.554201 2546
   4.287260    0.881531   36
  28.699879   -0.164394 2422
 346.566498   -0.779422 3040
   9.556601    0.958859   81
 341.643219    0.651545 1333
  21.023785   -0.735519 1903
   8.987893   -0.289533 2267
 349.655792    0.103328 1403
  19.881634    1.095568  202
  16.567566    0.365572  212
  22.980375   -0.518889 2665
  27.404331    0.017321  799
 343.701661   -0.886089 3021
  35.116257    0.110259  852
  20.460102    1.217055  148
  30.291513   -0.668746 2429
  12.303848    0.355941  107
 344.101440    0.788950 1548
  24.256901   -1.232948 2686
  21.752878   -0.766440 2389
  20.083296    0.126558  480
 337.921875    0.004265 1302
 344.792816    0.851004 1367
 354.867798    0.985113 1454
  20.557791    0.322524  448
 332.496826   -0.180616 2869
  15.496386   -0.564921 2099
 334.389139   -0.707155 2883
 331.795898   -0.480564 2868
  12.274766   -0.526200 1719
 336.148163    0.252311 1249
 342.422333    0.265727 1340
  26.412518    1.201855 1048
  30.011637    0.425919  816
  15.862077    0.927405  490
  30.860291   -0.665010 2435
  29.895040    0.291911  816
  16.584988    0.958060  492
  11.818088   -0.597285 1719
 346.215332    0.859763 1379
 346.682312    0.657686 1384
   8.701554    0.383401   72
  27.371908    0.199614  799
 332.647675    0.139541 1263
 356.949585    0.950036 1470
 334.276794   -0.346016 2883
  14.760863    1.240599  278
  21.091387   -1.200534 1784
  30.725641   -0.640432 2435
  22.784111    0.880069  981
  14.513097   -0.054695 1812
  20.207743   -1.212397 1799
  18.388308   -0.005897 1886
  21.521811    1.015149  175
  28.188046   -1.017394 2414
  32.355194   -0.047175 2452
  31.385847    0.317760  826
 345.128632   -0.296737 3032
  33.508221   -0.661748 2453
 339.539337    0.218230 1313
 337.769012    0.718214 1302
  35.609600   -0.086073 2470
   6.988789   -0.200898 1681
 353.219666    0.518150 1441
 342.463348   -0.553820 3004
 335.175171   -0.771696 2889
 353.837067    0.832460 1447
  30.747997   -0.960730 2435
 348.390289    0.579594 1390
  12.906711   -0.933620 1727
 351.468994   -0.556797 3069
  34.138718    0.010747  841
 336.582489   -0.794696 2905
  28.828258   -0.682275 2422
  17.767040    1.217101  131
   6.917266    0.823186   57
 335.704631    0.084588 1243
   7.904512   -0.759419 1687
  11.956452   -0.020715 1719
 344.659271   -0.650837 3028
 344.659271   -0.650837 3028
 342.272797   -0.868962 2998
  25.188074   -1.285253 2635
  19.976229   -0.917670 1863
   2.367978   -0.436949 1641
 342.252777    0.376404 1340
   1.019647    0.010865    8
 346.324738    0.026753 1379
 342.916931   -0.012695 3014
   6.705695    0.391682   57
 335.119202   -0.702658 2889
 340.014893    0.978542 1317
 348.470764   -0.838806 3052
   4.958576   -0.678008 1653
  12.526459   -0.888691 1723
   7.823759    0.284738   63
  20.866631    0.286169  340
  25.436079   -1.152187 2643
 356.183624   -0.075126 3245
 341.855438   -0.893263 2998
 337.888153    0.635528 1306
  32.757439    0.470262  833
 333.533386   -0.029476 2878
 359.018738    0.524772 1488
 354.384979    0.263626 1447
  14.154585    0.554651  314
 359.326508    0.730653 1491
  33.071426    0.012203  839
 335.380554   -0.762434 2887
 357.909149    0.558638 1482
  22.753506   -1.216650 2602
   2.169483    0.456704   19
 356.500855   -0.044114 3123
 343.393707   -0.501765 3014
  16.994883    1.105199  386
  12.274821    0.377069  107
  18.639130   -1.260125 1767
   1.658320   -0.615639 1635
  18.513596   -0.829508 1975
 343.611084    0.130682 1354
 357.354645   -0.752306 3128
 337.252350    0.180866 1253
  16.580187    0.806476  492
 334.744049    0.549382 1233
  24.860718    0.349185  883
  27.550942    0.272996  803
  10.934604    0.758548   93
   9.716389   -0.589886 1702
  16.050953    0.678875  499
 342.223846   -0.920311 2996
  26.456324    0.851728 1048
 335.547546    0.233312 1243
  20.488989    1.065198  148
 340.893738    0.973985 1326
 337.567200   -0.315932 2965
 333.959198    0.855047 1229
 342.968292    0.890285 1348
 339.694031   -0.682378 2985
  18.535479   -0.870398 1894
 341.336121    0.465585 1333
  16.659641    1.145581  118
 341.560516    0.404342 1333
 341.525146   -0.873844 2992
 344.147675    1.017402 1356
 337.345917   -0.242293 2952
 354.043671   -0.970796 3097
 354.583954   -0.576398 3105
 334.638977   -0.348418 2883
 335.145203    0.145304 1233
 339.856273    0.727156 1317
 334.826752    0.122995 1233
  20.890804    1.128047  165
 355.348206    0.603825 1460
  15.025463   -1.062895 2096
 346.648590   -0.471350 3040
 332.146851   -0.656935 2868
 334.557159   -0.096617 2883
   9.287656   -0.909319 1701
 343.332703   -0.822323 3017
 340.407410    0.610204 1317
   1.248459   -0.429427 1635
  30.780720    0.804354  826
   5.996227   -0.184293 1668
 350.644287   -1.031641 3220
 338.082977   -0.777665 2962
 334.752930   -0.520997 2883
   3.603455    0.464894   30
 337.031586    0.590643 1253
 334.273804   -0.218788 2883
 349.254211    0.534904 1403
 334.216553    0.848112 1232
 335.211700    0.333101 1233
  32.679867   -0.305135 2452
  17.542604    0.405442  291
 347.319891    0.167383 1386
   6.950156    1.002776   57
 335.769714    0.026816 1243
 343.361511    0.562291 1354
 353.800751   -0.176277 3097
 355.528905    0.603900 1460
  22.086723   -0.276965 2393
 350.337707    0.955470 1410
   1.382161   -0.578708 1635
 333.614563    0.143941 1224
 331.890991   -0.861496 2868
  25.109110    0.885477 1095
 338.245819    0.332888 1306
  12.190136   -0.430553 1719
 341.244324   -0.910677 2992
   8.855388    0.667428   75
 334.270874   -0.813572 2878
  16.646809   -0.826201 1788
 340.527146    0.423264 1317
  15.500636    1.172051  127
  14.387143    0.998730  307
 334.272369   -0.827307 2878
 347.501556   -0.724178 3210
   1.954867    0.688780   19
  14.263343    0.175650  129
 336.288300   -0.235228 2905
 343.444519   -0.637179 3014
   1.355253    0.830477   14
  32.761364   -0.152879 2452
  24.641310    0.969506  897
 340.575958    0.211804 1317
 356.506445   -0.648666 3123
   3.874398   -0.817866 1652
 335.566802   -0.068245 2898
 333.214569   -0.708525 2874
  16.199114   -0.928973 1789
   3.325726    0.835046   30
  22.281062   -0.479341 2166
 338.886963    0.938610 1309
  32.736145    0.051348  833
   5.877779   -0.310170 1668
 339.781496    0.506241 1320
 332.177704   -0.515952 2869
 353.729440   -0.172839 3097
  17.124873   -1.004370 2040
 332.497192   -1.012005 2869
 341.351126    0.403954
 339.709141   -0.450504 3166
 332.920894    0.188590 1217
