# ra                   dec                    
  8.8573647            0.0960397              
  350.7924805          -0.0818638             
  32.0807571           -0.3778131             
  30.2125969           0.1627459              
  2.1595649999999997   -0.8658019444444444    
  16.7762489           1.1147563              
  32.6437988           -0.5264828             
  335.929991214        -0.794958312046        
  32.5026366379        0.83983622997          
  356.505479287        -0.106798940418        
  30.66475694444444    0.2767619444444444     
  30.718508055555553   0.8521749999999999     
  21.051959999999998   -1.0138230555555554    
  15.874093888888886   -0.11001805555555554   
  24.6561584           0.4886418              
  352.759741905        -0.414459569844        
  22.68087194444444    -0.12647388888888889   
  359.362315491        -0.405249256097        
  357.569072644        1.04775884953          
  331.830837666        0.282383117242         
  7.6921287            0.0206486              
  9.8497362            -0.4943034             
  347.2457886          -0.095754              
  353.477470595        -0.986522761608        
  35.440388504         -0.547578806025        
  25.8680281903        -0.831319075702        
  338.613303778        -0.238896439621        
  5.5834031            1.0215818              
  34.9383184598        -0.347390961735        
  6.348093055555554    -0.1532361111111111    
  1.2991388888888886   0.5849369444444443     
  10.7729414561        0.49875352309          
  31.9834309           -0.9383422             
  22.5567799921        0.0481989920093        
  7.78983808569        0.108923798807         
  33.9098969           0.6105301              
  352.2738037          0.7449065              
  359.8297119444444    0.17419999999999997    
  20.9063606           -0.3069827             
  13.7087202           -0.0442544             
  8.824821944444443    0.7260380555555555     
  334.67299163         0.887863450624         
  349.045671504        -0.594991283184        
  354.86648611111104   0.16628999999999997    
  19.7447929           0.6693896              
  20.1336174           0.1021421              
  11.7060347           0.2384072              
  17.3637905           1.0229681              
  29.3314686           -0.5991258             
  354.357716736        -0.713452656362        
  6.32136649495        -0.181089824107        
  35.6486626           0.0479659              
  340.085705233        0.113255948442         
  35.64866305555555    0.047966111111111105   
  7.353249999999999    -0.987406111111111     
  355.9883118          0.8007668              
  15.130786937         -0.395333075731        
  334.393596114        0.625830377866         
  16.5498525688        -0.358390256719        
  343.658328088        -0.649602101291        
  33.5411034           0.0367538              
  1.14462461799        0.790834674985         
  24.3942527086        -0.0425815530733       
  31.9071446823        -0.525237788691        
  346.1426392          0.5824078              
  356.8555298          -0.7212365             
  4.29986934449        0.169208001359         
  35.2539444           0.0296326              
  0.594733906049       -0.262753266884        
  30.2494888           -0.8663111             
  7.086158055555555    0.5428938888888888     
  3.4743426            -0.1536588             
  22.4042734852        -0.653300072462        
  23.9470541807        -1.08899939366         
  349.8052979          -0.4327302             
  359.2072144          0.7735377              
  13.1060133287        0.71420466991          
  350.0534668          0.3343028              
  352.2055664          -0.5874762             
  358.121582           0.682318               
  345.9085999          -0.8077923             
  16.3282468967        -0.323897166697        
  33.55166194444444    -0.47639694444444436   
  10.3088474           -0.198172              
  358.7557069444444    0.9116219444444443     
  4.230495             -0.1155264             
  341.521433089        -0.0901064002262       
  16.123971944444442   -0.6161119444444444    
  352.6732480555555    -0.2048461111111111    
  13.147975            0.4975445              
  14.4876457666        -0.215495806204        
  25.890337            -0.2137193             
  345.120697           -0.2943487             
  348.8552856          -0.5605171             
  33.6438522           0.7408394              
  28.4887466           0.5238512              
  15.3824167           -0.2386004             
  34.2182683424        -0.234448623483        
  33.2240465617        0.747346406179         
  35.5799065           -0.5082566             
  9.02192863929        0.271866247183         
  349.31008888888886   -0.08195694444444443   
  29.4316196           -0.364847              
  29.2593212           0.0847353              
  26.626131111111107   0.8990080555555554     
  17.1732859711        1.14674292118          
  6.77458574273        0.416995112968         
  351.145349061        0.0597188198274        
  354.798324568        0.729464759548         
  357.55554194444437   -0.691856111111111     
  27.0257034           -0.2561568             
  13.224281844         -0.5418668157          
  354.1688230555555    0.6311719444444444     
  33.1447372           -0.871033              
  21.0895591448        0.366197027308         
  353.7330319444444    0.5303661111111111     
  6.740684999999999    0.826496111111111      
  20.5603849788        -0.730000579856        
  346.5385132          -0.5419189             
  31.032196            0.0533763              
  33.744201029         0.475539179345         
  4.43854111111111     0.26663888888888887    
  3.32604216391        -0.77113418803         
  351.8067633          0.0684651625531        
  349.7637329          0.6718132              
  344.7366943          0.8306969              
  350.776123           0.2291972              
  347.65209999999996   0.014793888888888888   
  2.8073411111111106   0.34232305555555553    
  16.24251             -1.0868919444444443    
  17.253608888888888   0.026988888888888885   
  24.37632694444444    1.0744649999999998     
  348.32449305555554   -0.2897219444444444    
  358.0853269444444    -0.5668088888888888    
  20.241944999999998   0.03471111111111111    
  26.6646862           0.433028               
  32.901774999999994   0.8286688888888888     
  23.551229999999997   -0.5011430555555555    
  350.659977216        0.840491911271         
  7.06197868982        0.872902269065         
  27.4058723           -0.5720034             
  17.8285255           -0.9017406             
  26.9139158911        -1.09199195224         
  356.96108999999996   -0.17770499999999997   
  11.4398688348        0.683943666047         
  30.2531605           0.345012               
  30.2209148           0.132753               
  19.0455753255        -0.726158448529        
  9.389925             -0.6547244             
  24.5255699           -1.1967175             
  22.0325413           -1.1128467             
  352.8243408          -0.6547974             
  33.5721283           -0.5198151             
  353.616535551        0.00230253123063       
  340.090316854        0.924707763778         
  1.0566366            -0.2316397             
  20.6226959           0.9568516              
  18.98585111111111    0.02140611111111111    
  26.504111522         0.403066403327         
  357.87240611111105   -0.011176111111111109  
  21.743583888888885   -0.7447238888888887    
  18.1566486           0.4589143              
  16.698451944444443   0.47403305555555547    
  3.63472816748        0.438340462964         
  5.0831623            -0.4397721             
  2.15415241452        0.856659588185         
  3.20841826959        0.361229504141         
  20.6890602           0.5027441              
  355.618042           -0.1085058             
  17.241783055555555   0.8540580555555555     
  27.6180649           0.76438                
  14.5020968218        0.533639810742         
  351.3401794          0.876394               
  339.6850891          -0.8119134             
  354.6648561111111    -0.40674499999999997   
  348.8627625          -0.5005686             
  2.140099119          0.870930463351         
  26.9017862763        0.598199363612         
  16.9407777072        0.940657300434         
  348.692926           -0.3685820749          
  30.3548672149        -0.515117419484        
  11.2306004           0.080757               
  346.46194499999996   -0.6782449999999999    
  333.445343           0.6526562              
  347.916573002        -0.082736776243        
  10.9005076452        -0.0193701030046       
  11.5245609           0.7243912              
  13.7744996702        1.01817479818          
  28.6986765729        0.341442180031         
  12.568438055555553   -0.39655999999999997   
  335.913390197        0.661701711822         
  347.48080388888883   0.49808805555555546    
  21.97299             0.9228361              
  24.4875507           0.3923035              
  26.314931944444442   0.49197194444444436    
  31.4169292           -0.5807493             
  6.4702005            -0.5674596             
  20.1172972595        0.694981646333         
  24.19725611111111    -0.7908438888888888    
  33.1295204           0.4599847              
  13.2626715           0.5176231              
  2.0850554515         -0.965318254277        
  33.7852287           -0.2651998             
  344.6617126          -0.5898109             
  21.4543168776        0.880799884989         
  332.027243525        0.807841813564         
  346.4301453          0.0023267              
  20.7188759           -0.1588447             
  18.2151627204        -0.953137278392        
  21.3101579268        -0.0617357058009       
  29.5760098           0.0879861              
  25.7923794           -1.0569921             
  335.384037           -0.1454002             
  358.6347656          -0.6875795             
  347.467731435        0.0034085644735        
  17.277733055555554   0.4514188888888888     
  30.4695435           0.4878328              
  24.9789355663        -1.10734816431         
  0.361083409375       0.00522568520639       
  7.90735111111111     0.44712611111111106    
  348.04135111111106   -0.9496338888888888    
  5.8098683            -0.0782517             
  16.2246151           0.0724875              
  27.0448132           0.8986426              
  31.9585968404        0.0688092213891        
  13.2666328962        -0.425702593311        
  347.42880305555553   -0.09073888888888888   
  347.5815735          0.9729233              
  29.7484894           0.6740766              
  359.26061999999996   -0.806681111111111     
  31.9808254           -0.9610091             
  17.0116534522        0.68533436306          
  354.6893919444444    -0.05884388888888888   
  30.51729194444444    0.6411319444444443     
  14.0670298558        -0.569352320311        
  356.2454834          -0.0856029             
  21.1399216952        -0.0598696669927       
  334.250956837        -0.860196497038        
  34.3509598           0.6724975              
  349.271460492        -0.0338752518513       
  353.7744141          -0.6683858             
  27.4796772           -0.563564              
  333.703179           0.6879643              
  11.8127928           -0.2103428             
  16.1070385218        0.844236086437         
  27.573786111111108   0.4840249999999999     
  2.39964636084        -0.102781348888        
  16.1610088           0.3181081              
  18.289132745         -0.177170500093        
  14.7314758           1.1496919              
  18.0793990741        0.61329384229          
  10.3741524222        0.98762589698          
  354.123796072        -0.5306340527          
  351.7026062          0.9044915              
  17.1106682           -0.5191253             
  336.716950437        0.77437494485          
  21.46786694444444    0.974356111111111      
  23.985226111111107   -0.2756830555555555    
  0.1197571            -0.277789              
  353.9377441          0.8589086              
  25.12991111111111    -0.5516461111111111    
  3.6981719            0.8209051              
  6.607765715          -0.80835031179         
  350.085557794        0.677900312808         
  2.841118055555555    -0.15516999999999997   
  7.4186072            0.9382888              
  25.3869099434        1.01154705652          
  354.143409339        -0.333593226214        
  356.8001099          -0.2274703             
  6.58064456524        -0.194131952485        
  354.6221011111111    -0.9927488888888888    
  358.8582458          0.8789408              
  11.8146763           0.5185961              
  10.2395180819        -0.881711701999        
  30.9321041761        -0.866533622248        
  19.103857            -0.6791975             
  4.99563539763        0.911860403008         
  6.4611535            -0.4129611             
  344.5354             0.4890519444444444     
  352.380670135        -0.343392437587        
  7.7576418            -0.8334025             
  24.4843674           -0.6482441             
  8.92872872871        0.528583382547         
  352.11813128         -0.957559548265        
  32.5664062           -0.8481858             
  349.2984619          -0.9885567             
  20.0558353196        0.719803390582         
  337.9196914          -0.866951909599        
  20.2796154           0.4426377              
  30.7346077           0.8767107              
  345.6555481          0.4029638              
  22.923311111111108   -1.057021111111111     
  18.6450081           0.3265972              
  21.965753888888887   -0.5210699999999999    
  348.9306946          0.5300355              
  26.8446198           -1.1496964             
  4.26778544513        -0.921146446657        
  6.22638600048        0.402580158213         
  2.697433055555555    -7.038888888888888E-4  
  14.1447592           -0.7161804             
  25.7061539           0.6184423              
  347.71169999999995   0.172225               
  14.264123888888887   0.23562305555555552    
  27.914629            -0.3397331             
  34.89386694444444    -0.052933888888888884  
  4.5656519            0.6097767              
  35.6717033           -0.2962929             
  5.9188499            -0.4515264             
  34.680793888888886   0.20270888888888886    
  31.4705048           -0.9238485             
  13.501316944444442   -0.6055480555555555    
  4.6599874            0.8254276              
  15.254216944444442   0.6551488888888888     
  4.71252357229        -0.666977374633        
  331.785462062        0.831176342245         
  32.9146614           -0.1020256             
  354.65233216         -0.827442567697        
  32.8091224325        -0.103196896981        
  18.10230611111111    -0.14107694444444444   
  26.0804234           -0.5041083             
  350.6939697          0.9442577              
  24.5087310596        0.618007836405         
  4.31008222407        -0.518633337433        
  356.994482582        -0.425883693164        
  357.74114999999995   -0.869421111111111     
  32.285347            0.8559641              
  9.2852669            0.4821735              
  353.7297363          -0.4958419             
  3.32646427816        0.415078209902         
  13.5428534           0.3169913              
  354.7160034          -0.395168              
  1.65022187964        -0.553445732263        
  14.9342222           -1.0395228             
  21.998284999999996   -0.024265              
  16.56690611111111    0.25666388888888886    
  22.6790352           -0.4472784             
  356.313385           -0.349786              
  349.357228488        0.614884518551         
  354.3778687          0.3271929              
  9.70013964472        0.150441131344         
  9.5007516265         -0.985229637225        
  29.7646732           -0.8195818             
  355.4509277          -0.9468933             
  27.7186146           0.0102777              
  8.235153888888888    0.3474230555555555     
  350.3977661          -0.7487965             
  6.9543476            0.5500565              
  12.412983888888887   -0.11650194444444444   
  21.1228142           -0.0624087             
  16.3584805           0.6981813              
  356.2101746          -0.4484223             
  15.2830954           0.90759                
  18.632973977         -0.793589344463        
  26.8753433           0.556472               
  22.2355499           1.0428809              
  352.954407939        -0.151542735951        
  25.0306529012        0.135726281571         
  348.8124080555555    -0.888571111111111     
  12.3695769276        -0.867725253101        
  331.4864197          0.9731922              
  1.7577481            0.7779176              
  12.1949012615        0.936228444257         
  355.318512           0.8366742              
  8.9835234            0.7321579              
  355.5898132          0.3374367              
  22.4067722187        -0.201940185017        
  334.15341194444443   1.0671438888888887     
  10.57800111111111    0.5436280555555555     
  357.9255066          0.114896               
  337.124368941        0.332252413235         
  6.361681             0.7523098              
  353.964643884        0.834734463564         
  4.8905244            1.010128               
  354.87503            0.504801111111111      
  22.3436222           0.2154602              
  25.9258671           -0.9590075             
  345.6870117          0.7492994              
  27.73967611111111    -0.763186111111111     
  21.3539619           0.0011186              
  359.572468497        -0.266748165544        
  344.93206805555553   0.5473649999999999     
  32.0461807           -1.0403792             
  15.7186749851        -0.977476490295        
  24.0888004           1.0411118              
  356.215100953        -0.0697362721635       
  14.675428939         -0.9387102991          
  17.2003689           0.9353749              
  13.2769308           -0.400066              
  11.8698846464        0.672283404269         
  23.62314194444444    -0.28019694444444443   
  0.3255680555555555   -0.854086111111111     
  16.4515438           0.9620493              
  11.9265499           0.757575               
  26.29896694444444    -0.724711111111111     
  354.229248           -0.3756306             
  353.620292507        0.181187849927         
  359.8381653          0.8163412              
  30.78559305555555    0.9405899999999999     
  6.903511             -0.8977637             
  6.9420671            -0.3623687             
  17.7234003756        -0.776163149795        
  17.2140295237        0.880766449931         
  29.9393826           -0.5412294             
  29.5164748019        0.327356997002         
  5.5898948            -0.9129599             
  359.994263752        0.430958423362         
  19.3843136           0.1473008              
  3.95451222315        0.292221389894         
  355.3657530555555    -0.5638088888888888    
  344.785641194        -0.697897485549        
  357.9892578          0.6776104              
  20.2392254           0.48647                
  10.6170053           0.0610755              
  358.419895396        -0.601280974922        
  28.376428888888885   0.09550305555555555    
  0.5880011111111111   0.3637038888888888     
  356.7199402          0.7654719              
  353.160473419        0.631356126661         
  29.581588888888884   0.1597211111111111     
  332.143901251        0.996262669393         
  13.1409721           0.5302567              
  349.235172789        -0.378049100911        
  6.790548888888888    0.5056488888888888     
  4.092038055555555    -0.12543888888888888   
  347.0883789          0.2178424              
  348.984436           0.9739843              
  354.188446           0.766662               
  11.371558055555553   0.09873499999999999    
  13.6187640013        0.0810959876795        
  5.4030533            -0.5540379             
  17.7184214641        0.773356491487         
  349.77710405         -0.81791250351         
  356.4111633          0.6554756              
  3.3045969            0.7520971              
  4.02980397995        0.590569711554         
  27.8892078           0.4580061              
  23.7286396           -0.4456775             
  32.101121398         -0.916300525052        
  14.4663134           0.3285594              
  350.0420837          -0.3068003             
  34.4292122081        -0.45780164587         
  347.13742111111105   -0.39234194444444437   
  357.0602112          0.7568079              
  2.92394869553        -0.0719131361653       
  6.87434476669        0.0968796783893        
  354.4033813          -0.1311851             
  25.3517246           0.3582417              
  24.0248176384        0.733426115728         
  31.9843921894        -0.483587716286        
  16.662743888888887   -0.4435038888888888    
  356.8295593          -0.9639543             
  22.5261955           -0.1539773             
  12.4588442           0.2091168              
  24.3872776           -0.9014471             
  7.5545297            -0.6623363             
  10.72642611111111    0.08268305555555555    
  359.354504142        0.664127995989         
  350.7237244          -0.5651969             
  17.4265785           0.2751703              
  12.0830564           0.1683163              
  20.4982376           -0.0969483             
  9.1221733            0.8659225              
  33.313435            0.2168419444444444     
  351.871051066        -0.725947740523        
  336.777113769        0.720945003125         
  26.7644062           -0.3244385             
  333.7136536          0.7537494              
  337.559398853        0.729599480007         
  17.2321358           -0.3406827             
  25.9897461           -0.7717162             
  358.135417712        0.495438685462         
  33.06659694444444    0.6059180555555554     
  16.82697111111111    -0.5333849999999999    
  5.046818055555555    -0.7551980555555554    
  0.1377689            -0.9421566             
  351.316511041        0.780528230949         
  34.45911805555555    -0.5085119444444444    
  27.8576298           0.3924273              
  355.108870719        0.151259712883         
  356.739211106        -0.05392951932         
  357.339845204        -0.98755707984         
  354.4673157          -0.5149198             
  8.0064201            0.875169               
  7.67878040044        0.795423200351         
  16.55092111111111    0.3222630555555555     
  14.1584005           0.4791532              
  344.5917969          -0.3541327             
  354.068440023        -0.657859526783        
  1.68212114847        -0.200084156584        
  355.93985            -0.3496861111111111    
  359.024910136        0.881417906531         
  34.781883055555554   -0.0715361111111111    
  19.65028             1.0401016              
  33.1383605972        -0.353027750034        
  15.6282072           0.8956397              
  10.580864            -0.7142432             
  14.8202381           0.5912734              
  351.7550049          0.3601155              
  12.5218086           0.0411091              
  30.9013538           -0.696557              
  35.3489609           0.2265399              
  30.0189098766        0.439941931767         
  22.5478592           1.117249               
  15.7356317831        0.501290659917         
  18.9551504383        -0.628527581676        
  1.5271008            0.6790939              
  10.90209             0.09382805555555554    
  19.1952801           0.6044573              
  333.428613229        0.672493555025         
  354.440417141        0.552737432708         
  350.660378699        0.848191934727         
  19.04762111111111    0.009306944444444444   
  12.464058888888887   -0.890956111111111     
  12.062746            -0.0808316             
  16.464674            -0.1889747             
  16.1653023           -1.0841938             
  353.4178467          -0.5616007             
  0.6692566            0.1073211              
  0.901964026856       0.31958442014          
  351.3604430555555    0.40453888888888884    
  12.4679174           -0.7999488             
  359.3409729          0.8987765              
  9.0800724            -0.1645243             
  20.983109999999996   -0.3148511111111111    
  332.253250872        0.399350694119         
  23.143337909         0.133620678555         
  10.5331562086        0.138381629457         
  19.2293682           0.2225097              
  21.102713055555554   -0.7122788888888888    
  346.8059998          -0.6675785             
  26.2175281137        0.800487416632         
  344.61740111111106   0.38887388888888885    
  353.0456238          -0.787863              
  13.820784999999999   1.1457469444444444     
  8.83221959329        -0.877419379024        
  29.4794233055        0.38355849694          
  2.1348906            0.838185               
  33.9817352           -0.5179955             
  2.8298852            0.8762121              
  3.7379127            0.8981679              
  2.27387552697        0.625038007265         
  359.63827499999996   0.6468030555555555     
  24.2691962973        -0.183270941344        
  34.239848888888886   -0.5497738888888888    
  10.762001            -0.204912              
  2.98603364118        -0.0946276929262       
  33.19635805555555    0.027408888888888885   
  21.9218731           0.8838963              
  14.8127136           -0.9689691             
  348.760479773        -0.211038657791        
  4.5739145            -0.4497247             
  357.7897339          -0.0171181             
  24.539392794         -0.906048315636        
  16.4544840422        -0.289516473525        
  19.6310697958        1.02811882767          
  14.342958888888887   0.2790769444444444     
  18.7630863           -0.4655741             
  7.549088888888888    0.7972188888888888     
  28.6074165268        0.88519109987          
  32.283067024         -0.890025765674        
  13.2063751           0.2831307              
  347.26153611111107   -0.10946694444444444   
  33.0776324998        -0.0937220996694       
  353.859436           -0.5133403             
  20.779459            0.970116               
  347.422574048        -0.616371002305        
  28.8110008           0.1929412              
  24.551278888888884   -0.3967719444444444    
  5.59786185544        0.267637867079         
  29.2899874073        -0.302928819643        
  352.8962402          0.8661438              
  34.2441521           0.4500977              
  335.840898976        -0.241177261142        
  356.112409823        -0.724834003956        
  332.65618888888883   0.5487369444444443     
  354.4222107          -0.3340054             
  5.59116615265        -0.748633555218        
  29.84617194444444    -0.684701111111111     
  352.98702999999995   0.535345               
  27.0375029493        -0.919118764783        
  32.16222805555555    -0.4885119444444444    
  14.0789146           0.0647858              
  25.7408371           0.2040096              
  20.0417805           0.6365109              
  28.299984            -0.3282289             
  358.125661422        0.0977947851959        
  20.3524151           -0.1848118             
  10.1475954           -1.0182167             
  346.3565979          0.7204835              
  19.4640185117        -0.631209757641        
  3.5539238888888884   -0.35072999999999993   
  31.0014534           0.0283877              
  35.57956694444444    -0.18849694444444443   
  2.59227275836        -0.616996313429        
  23.7466361817        0.504847801011         
  1.14954601688        0.0345408679994        
  11.401964999999999   -0.005055              
  32.88610111111111    0.7296911111111111     
  21.2483759318        -0.266848886979        
  25.3956256641        0.106949586171         
  28.8675256329        -0.811035479316        
  355.484997007        0.0443911215467        
  352.2730103          -0.6432267             
  10.0151167           -0.4169212             
  27.6592731           0.975933               
  16.4428997           -0.432293              
  345.23709111111106   -0.8596438888888888    
  347.2265619444444    -0.644271111111111     
  5.2533097            0.8098083              
  9.4647493            0.7552497              
  19.747224999999997   1.1867161111111109     
  8.63743712039        -0.763803316488        
  13.3634037365        -0.114744795478        
  9.6502438            -0.6663244             
  5.6723738            0.2401198              
  344.617952086        -0.421060209303        
  16.0720005058        -0.377715351218        
  31.7366264878        0.749683463051         
  358.58584611111104   -0.5927930555555555    
  26.583228888888886   -0.7746699999999999    
  10.0111656           0.3114338              
  349.9671631          -0.8121931             
  16.6486168           0.7375772              
  26.0185127           0.9344858              
  27.004704999999998   0.3634569444444444     
  3.3058083            -0.553338              
  9.47026414711        0.0244722962769        
  344.719928829        -0.611751930523        
  33.4868622           0.6795817              
  23.1273249566        -0.754086316419        
  332.572939513        -0.0522438015558       
  15.9510183           -0.3003504             
  0.81829453543        -0.125677180061        
  23.20576111111111    0.4408569444444444     
  356.14556468         0.230100525059         
  18.969148888888885   0.10026388888888887    
  356.00866694444437   0.06793694444444444    
  356.0560608          -0.4477245             
  4.30581925412        -0.41349786796         
  19.1560307           0.8928881              
  24.4113321152        -0.863948259713        
  6.68963543094        -0.63527607842         
  32.7915878           -0.6183954             
  33.1723747           0.4711537              
  333.5675049          0.4996608              
  14.392983055555554   -0.3041530555555555    
  2.672071111111111    -0.4139169444444444    
  356.63016703         -0.927650048916        
  347.683020764        -0.696639937948        
  333.4057007          0.6710775              
  346.278524119        -0.582104814138        
  33.000225519         0.182101217841         
  14.6745756333        -0.989158592282        
  15.0582829           1.1463178              
  352.278115667        0.263417704748         
  34.4157257           -0.6959224             
  16.1193295           -0.7381994             
  353.4575195          -0.424172              
  347.9311523          -0.7533637             
  14.0381542584        -0.318187311381        
  3.0450738888888886   0.886381111111111      
  15.7385430636        -0.751063753569        
  358.5688477          -0.2093164             
  13.5945005956        0.271136100702         
  7.454638888888888    0.761656111111111      
  35.0703278           0.1210436              
  19.002993055555553   -0.016173888888888887  
  340.835964664        -0.662739890526        
  34.7540303512        -0.0762090309173       
  35.49516694444444    -0.18125805555555552   
  349.853275532        0.478386201424         
  1.25684543454        -0.643029977303        
  355.97347999999994   -0.7474199999999999    
  8.0014782            -0.6530375             
  356.03167694444437   -0.9813199999999999    
  354.0199580555555    0.44318194444444436    
  351.9127808          -0.8116882             
  6.1412292            -0.425938              
  12.0705295136        -0.00397430596947      
  24.39778694444444    -0.7898338888888888    
  26.2724333312        -0.865169364443        
  13.0921761492        0.222116946459         
  333.519101794        -0.496195002595        
  331.99227888888885   0.8139330555555554     
  20.5823769472        1.16472941156          
  4.11057705283        0.609007790067         
  356.5430298          -0.5625961             
  5.5542536            -0.7555401             
  13.2855349           0.3224789              
  354.244070438        0.318467004375         
  349.20282            0.8313088888888888     
  359.787251903        -0.226551611808        
  11.4808817           0.3339001              
  348.592765082        0.0543420327473        
  351.31570388888883   0.10528805555555554    
  35.1527061           0.5218048              
  0.4413536            0.886375               
  11.083818055555554   0.17894888888888888    
  332.7976685          0.6275325              
  26.4884701854        0.0537450558219        
  27.7562065           0.4969651              
  8.94108611111111     0.3849530555555555     
  12.273873888888888   -0.51423               
  25.322155            -0.4293686             
  28.4735222           0.3355606              
  355.24652111111106   0.004984999999999999   
  17.8456001           -0.0435603             
  30.4503326           0.706688               
  8.609296944444443    0.4338949999999999     
  22.6424121357        -0.351848714396        
  345.234075221        -0.793724430827        
  29.9256973           -0.3187692             
  21.678798888888885   0.04416888888888888    
  24.2813473           0.8546863              
  8.3375235            0.693555               
  33.3783112           -0.9790441             
  338.54345733         -0.554299682453        
  29.680954            -0.9267624             
  10.9627585064        0.979539661672         
  8.14425519222        -0.265856738547        
  14.228699999999998   -0.5354619444444444    
  11.398626944444443   0.2336119444444444     
  347.9778748          0.3460893              
  6.661078             -0.5731561             
  13.6545601           0.5110292              
  28.36874194444444    0.16391805555555553    
  20.6717129           -0.8355207             
  16.2148049091        0.699624305609         
  3.38027136548        -0.252602275728        
  35.31268305555555    -0.8126038888888888    
  352.1330261          -0.3027089             
  29.0197468           -0.7184401             
  358.5154724          -0.6114758             
  18.8203278           0.6954075              
  349.945385708        -0.337033123046        
  11.065953888888888   -0.7175349999999999    
  30.0507755           -0.3553582             
  3.82477890823        0.15988265473          
  23.699945066         0.791108735042         
  14.247093888888887   0.7285830555555555     
  26.3349628           0.0590797              
  348.8684998          -0.8563644             
  355.5114136          0.5626956              
  1.30309690615        -0.935869218793        
  31.74612194444444    0.5018761111111111     
  353.225438768        -0.946712785629        
  348.951632293        0.123300860496         
  353.105566013        0.0118451318866        
  353.474289904        -0.905283149624        
  358.94226111111107   -0.39526388888888886   
  31.8972740085        0.208125335131         
  5.22906539412        -0.854102373536        
  7.4171457            0.901614               
  352.188489131        -0.528895933202        
  18.48802             0.6395969444444444     
  17.7215992969        0.0982656018437        
  34.1486969           0.1910314              
  5.9869475            -0.6405482             
  19.4771819211        1.09750284882          
  28.7656472702        0.314882041015         
  349.49263696         -0.0291961564178       
  5.7250514            -0.4158418             
  19.0883675           0.6801854              
  0.1487531            0.3053338              
  13.2888991815        -0.444875598578        
  8.3146715            0.0129673              
  17.6640224           -0.3910696             
  350.754828186        0.16079486786          
  29.8544737676        -0.298726878748        
  347.87524388888886   -0.27758111111111106   
  344.944306341        -0.599136407978        
  344.58577207         -0.379478906201        
  29.897853888888886   0.06701499999999999    
  3.0007630555555553   0.14723805555555552    
  23.4115578195        -0.642068242689        
  350.5817261          -0.8231667             
  8.6937113            0.2359358              
  23.861426944444442   0.5420788888888888     
  349.3690491          0.5955979              
  333.1502686          0.8294565              
  20.7666721           -0.744758              
  28.185173055555552   -0.3721880555555555    
  13.7203274           1.0069849              
  8.45921547503        -0.547301577023        
  17.510049999999996   0.2000569444444444     
  15.8389454           -0.7927219             
  28.7276422502        0.264774745146         
  344.4689638888888    0.3751069444444444     
  11.569726            0.9132082              
  29.6740532           -0.8556781             
  19.0663414           -0.3510736             
  2.0389268403         0.826533985093         
  26.9729519           -0.9260369             
  34.8865089           0.8140637              
  343.732498554        0.531503592492         
  9.4223156            0.0296802              
  31.9092767782        0.164820140055         
  24.8635502           0.8928097              
  34.4592361111111     0.8149388888888888     
  9.852258888888887    0.4170938888888888     
  12.4968447088        0.317537818589         
  28.0155163           -0.8777564             
  23.4897175           0.2352341              
  3.962127             0.6064961              
  22.4452991           0.4662629              
  348.1252441          0.2559541              
  341.387153717        -0.00363333551235      
  349.5343630555555    -0.5345949999999999    
  348.4776001          0.5473216              
  4.84506867293        -0.827274403788        
  331.3101196          0.8606133              
  349.3461304          0.8352721              
  27.151378888888885   0.08654388888888888    
  17.1251087           0.2318185              
  33.5752945           -0.5934906             
  348.8562317          -0.1434663             
  19.797884            1.1273588              
  30.8003941           -0.8617135             
  8.659953055555555    0.23815499999999998    
  346.17297388888886   0.5520069444444444     
  348.676127495        -0.160330711367        
  357.3887330555555    0.3157919444444444     
  23.7704111065        -0.667599750118        
  35.4029234771        0.588204255024         
  5.468358             -0.4610872             
  352.4794006          -0.7875048             
  15.8776598           1.129375               
  14.7673187           -0.5914059             
  4.5106824777         -0.337192852659        
  7.8127356            0.8923463              
  351.3728943          -0.0313909             
  26.5169045138        -0.641851948745        
  6.85847278191        -0.981596475014        
  353.25091611111105   -0.341815              
  24.0775032           0.0080139              
  350.46524073         -0.202636815872        
  6.26225037772        0.694297342138         
  10.6215507469        0.23091398056          
  21.440983055555552   -0.9739919444444444    
  19.5345267058        -0.531977390095        
  350.676921936        0.712475634275         
  26.4305229           -0.4256593             
  9.9930067            -0.2307945             
  26.8532753           -0.2074728             
  359.6030273          0.2703812              
  4.135158055555555    0.2393411111111111     
  0.1453257            0.3982853              
  25.4061198279        -0.912770158861        
  33.48208194444444    0.8260419444444443     
  22.5224700228        0.475340381738         
  33.49764194444444    -0.5132599999999999    
  4.57795199658        0.45254217355          
  358.084386604        0.293295279658         
  14.546704999999998   0.7818369444444443     
  2.6160717            -0.3125272             
  31.7659531           0.4479935              
  34.6238825635        -0.838193494076        
  23.9550727537        0.282463180108         
  6.82383180554        -0.97397681319         
  32.8574531194        0.379214745743         
  31.569363055555552   0.8593838888888887     
  31.8351307           -0.7784472             
  9.8001919            0.215441               
  28.9016431894        -1.00164663024         
  15.0218096           -1.0622797             
  358.7936399999999    -0.7781899999999999    
  351.27920499999993   0.7148999999999999     
  359.2731323          0.3726985              
  22.62603611111111    -0.22442388888888887   
  350.0593262          -0.6159289             
  338.9233093          -0.782935              
  16.61673611111111    -0.42835499999999993   
  8.3261585            0.2714355              
  22.8299494765        0.136491850414         
  351.142953613        0.267717567396         
  358.3976135          -0.8834587             
  31.35093305555555    0.47063388888888885    
  13.214081944444443   0.8069399999999999     
  25.162676111111107   -0.7699388888888888    
  16.3211765           -0.500677              
  332.761394146        0.556935533271         
  25.56146805555555    0.3900611111111111     
  9.107866944444444    0.05912388888888888    
  27.2972353081        -0.988988462888        
  13.576201111111109   -0.7606688888888888    
  20.7544823           1.0700061              
  25.2811254497        1.03793309153          
  347.0823669444444    0.43937111111111105    
  332.980274821        0.686657229875         
  351.5935969444444    -0.30143194444444443   
  25.7224483           0.1489717              
  35.8136509115        -0.684788928491        
  33.338566111111106   -0.3722530555555555    
  24.0940000682        -0.800900131471        
  358.7340393          0.9728155              
  16.0884914           0.8312215              
  19.3466282           -0.402454              
  31.1367531           0.4559954              
  24.2483244688        -0.274462788304        
  359.1445919444444    -0.7510438888888888    
  18.8225155           0.9001288              
  352.292175643        0.227220114919         
  31.5142517           0.8931364              
  12.4120398           1.0057844              
  33.7250557           0.3365489              
  35.567069999999994   0.08693305555555554    
  30.1344204           0.389733               
  31.831896111111107   -0.33329999999999993   
  1.9693069444444442   0.6545430555555555     
  18.301589999999997   -0.5869119444444444    
  339.669916163        -0.607799163058        
  18.1986001875        -0.327434072195        
  346.1860352          -0.3121408             
  10.6415472           -0.89179               
  22.2606172919        -0.294289952503        
  22.446303888888885   -0.3213519444444444    
  13.506179999999999   0.4799338888888888     
  27.519273888888886   0.898156111111111      
  3.9749038888888886   -0.37135305555555553   
  23.5641382193        -1.04931407406         
  6.35123002863        -0.816164833536        
  21.7112915989        0.159271477976         
  356.5811768          0.8843869              
  3.0713203            0.2975077              
  18.819581944         -0.567030416637        
  12.8108201478        0.311490463885         
  346.7003784          -0.6564324             
  17.508297            -0.6871732             
  339.439142528        -0.722093403386        
  358.0795288          -0.0033636             
  15.4060411           -0.0431531             
  30.033905            -0.8336391             
  334.489183           0.1001828              
  352.705775623        -0.0659005861493       
  18.2784601535        0.0310195185313        
  12.500383888888887   -0.5354580555555555    
  357.7907104          -0.8096628             
  15.4014079381        0.299705304038         
  351.75207499999993   0.04007499999999999    
  335.375349           -0.1385852             
  352.3350525          -0.2912959             
  11.1176963581        -0.113133964188        
  356.7273254          -0.736037              
  26.24078694444444    -0.7084669444444444    
  7.8776822            0.1647474              
  332.7127686          1.0151263              
  359.4934998          0.3044454              
  35.3064728           0.3373902              
  347.733429           -0.3298499             
  358.1944275          -0.9579766             
  337.827888528        0.364377435032         
  11.9976749           0.6322845              
  348.683709308        -0.052699538858        
  30.7088966           0.650745               
  21.9793161327        -0.61728570628         
  356.60696388888886   -0.26678499999999994   
  7.9309421            0.7909086              
  344.8362122          0.6828295              
  20.6031266303        1.16371334834          
  4.8188224            -0.7421579             
  356.450732021        0.0967797424768        
  30.637526111111107   0.27939888888888886    
  346.3406067          0.9169881              
  356.8221741          -0.9840797             
  11.7946377           0.7084465              
  20.73092805555555    1.0542730555555555     
  7.068568888888888    -0.8851130555555554    
  1.5175073            0.5718481              
  6.9947261111111105   -0.32326388888888885   
  6.108321944444444    0.6366269444444443     
  350.9853516          -0.6115722             
  29.8061428           -0.7146056             
  9.43205963723        -0.593522853016        
  33.46502694444444    -0.8139319444444444    
  23.289166944444442   1.1842199999999998     
  350.6257019444444    0.20870888888888886    
  339.5269775          -0.4042934             
  357.79507388888885   0.03923499999999999    
  32.2593575           0.298461               
  16.35165194444444    -0.4242038888888888    
  30.9494686           -0.0590215             
  28.0327549           0.4054392              
  13.9025087           -0.8805779             
  339.7437744          -0.9738411             
  346.7984619444444    -0.2864769444444444    
  9.659904999999998    -0.12451805555555553   
  358.526291851        -0.352933796177        
  356.9448853          1.0707911              
  11.1075649           1.0207089              
  0.402171192049       0.0538251791124        
  352.1829529          0.7817515              
  8.61283948167        -0.362748617291        
  6.0137796            -0.4651031             
  347.793335           -0.1666879             
  14.7435417           1.0332102              
  21.388103055555554   -0.7184119444444443    
  30.7200901559        -0.276241613978        
  5.42940435073        -0.506030267434        
  33.05943694444444    -0.751046111111111     
  354.8365480555555    0.4307880555555555     
  7.7930832            -0.8454083             
  356.051036772        -0.948499392675        
  3.0660334            0.3908591              
  348.11452231         0.875488417123         
  338.6593930555555    -0.789061111111111     
  0.920439864157       0.471790404341         
  6.8579822            -0.7330956             
  1.197451111111111    -0.694836111111111     
  10.5547085           0.2707996              
  31.7181966405        -0.104893524779        
  354.3067322          -0.5306455             
  13.7575254           0.9460176              
  11.8377634946        0.158984930126         
  348.594433599        -0.837760611617        
  34.7485190048        0.407723826398         
  346.6784058          -0.5139549             
  19.57945111111111    -0.9835130555555555    
  346.2029419          0.3573432              
  14.9677095           1.0991654              
  346.598755           -0.7697888888888887    
  350.9705811111111    -0.6618780555555555    
  0.39797499999999997  -0.7018938888888888    
  0.828268183141       0.356780184097         
  31.261714999999995   -0.29418694444444443   
  350.37417611111107   -0.41271499999999994   
  332.4081421          0.4705512              
  350.757364254        0.252800459018         
  18.6317024           0.336675               
  4.9007254            0.4947915              
  11.219826944444444   -0.14061694444444442   
  33.5737809023        0.447391224176         
  353.2393188          -1.045324              
  33.48014111111111    -0.904221111111111     
  358.6782837          -0.1409902             
  352.4051208          0.8388202              
  5.7292123            -0.4259662             
  5.2556319            0.1328404              
  10.2586641           -0.3038612             
  23.466648055555552   -0.28641694444444443   
  29.374118888888884   0.04273                
  23.478014            0.2720194              
  1.3944651            0.6640176              
  18.1213799           -0.9370336             
  5.64618111085        -0.812511479369        
  353.8900146          -0.8267026             
  7.64010009863        0.660264296364         
  349.1683044          -0.1558905             
  352.0818481          -0.6460676             
  345.0999756          -0.2844443             
  5.59803013516        -0.224654474367        
  9.5173855            0.6979896              
  22.075347083         1.12613772049          
  10.8588886           -0.5817581             
  27.3293495           -1.0447975             
  30.5457317234        -0.373824185162        
  17.9465694           0.354478               
  20.9101505           0.9165012              
  6.8109088            0.7617694              
  352.208485881        0.683094334997         
  25.2908325           0.481738               
  347.822792709        -0.631340557201        
  358.7662659          0.084528               
  12.9948721           0.17354                
  11.0243368           0.2596833              
  354.7401123          -0.8295747             
  35.664226111111105   -0.9684088888888888    
  4.472115             0.4581656              
  23.5581799           0.8295261              
  3.1932795            -0.0035755             
  13.8963718           -0.7973151             
  31.1055698           0.1601485              
  25.7512498765        0.893975231597         
  351.824800131        0.0960520868411        
  351.345153607        -0.410842635888        
  24.9415450733        0.836835098318         
  16.2726879           0.3287286              
  354.2624512          -0.7742093             
  10.7968464           -0.142163              
  357.7089233          0.8673239              
  34.4737778           0.9800079              
  22.9462471           -0.1768186             
  29.9200303869        0.836152969416         
  25.3324604           -0.433923              
  27.2291393           -0.6063473             
  3.835611944444444    0.45461499999999994    
  12.7679081           -0.4646714             
  18.5281296           1.1074333              
  345.1303411111111    0.8631749999999999     
  6.6790805            0.6695697              
  19.1259308           0.8746996              
  0.719688696223       -0.0586007326735       
  16.255006944444442   0.11007499999999999    
  357.2802429          0.2664678              
  9.308816944444443    -0.9344838888888888    
  357.0805664          0.6499221              
  345.6484375          0.613396               
  31.7354527           -0.0529199             
  33.6337585           0.6613247              
  31.9265565082        -0.858733035132        
  27.70347194444444    0.6906049999999999     
  34.74648305555555    0.2253230555555555     
  349.3987122          0.0919477              
  24.3310051           -0.8129942             
  359.98774738         -0.378827802078        
  6.6757221            0.1200526              
  24.8861580889        -1.02089387409         
  8.3462543            1.0103853              
  345.849018989        0.270880322505         
  5.7071033            0.2138616              
  353.596902709        -0.749884583654        
  17.094563888888885   0.19665999999999997    
  10.132781            0.7011009              
  27.6599483           0.9120607              
  3.4723589            0.8638375              
  346.2866821          0.7177328              
  6.3668137            -0.5632801             
  11.1526031           1.000631               
  12.87243111111111    -0.612441111111111     
  34.7725754           -0.6693166             
  354.6468811          -0.889969              
  345.0682373          0.6432645              
  1.5165665            0.9357898              
  345.6345825          0.7166033              
  25.2444401           0.3882817              
  26.3504181           -0.5093488             
  354.2698059          -0.2041944             
  22.206189999999996   0.09552694444444443    
  13.5424662           -0.9249965             
  348.5351562          -0.6605556             
  1.46381558712        -0.472407368447        
  2.0984428            0.9696943              
  26.3326397           -0.5646598             
  19.316476944444442   0.4408319444444444     
  1.4962403428         -0.587212499352        
  7.0537229            -0.1669469             
  351.4894411111111    -0.9162061111111109    
  2.2667806            0.9230055              
  13.720233888888886   -0.22904888888888886   
  11.82166611111111    -0.014926111111111109  
  14.1602478           -0.3105139             
  353.4934692          0.9438763              
  19.4898682           -0.6676803             
  351.9419861          0.6057858              
  30.4165993           -0.170269              
  20.6934662           0.3676982              
  20.6412201           -0.0714198             
  6.61174633997        0.405273063471         
  23.557531111111107   -0.1115861111111111    
  339.6207886          -0.599434              
  16.980442            -0.4998923             
  23.4607105           -0.9626936             
  10.1016367879        0.751174612945         
  344.49859611111106   0.27933305555555554    
  346.6261597          -0.4546242             
  17.354332            0.436692               
  8.5199738            0.2895758              
  23.9743099           -1.0377505             
  15.6150588646        0.720582521438         
  358.7542725          0.8697054              
  2.31132997033        0.405506424066         
  30.4379864           -0.0544726             
  8.07540233869        0.135390185381         
  4.18963687357        0.636337675095         
  348.3003230555555    -0.28275888888888884   
  11.2080784           -0.0744225             
  345.8529358          0.2192771              
  332.5104675          0.6040192              
  6.2436075            1.0285687              
  18.4228687           -0.5978727             
  7.0276022            0.5139552              
  24.1468601           -0.3900323             
  355.2916869444444    -0.699756111111111     
  19.5473137           -0.5233509             
  7.96607229209        -0.976427871526        
  33.6724917003        0.94321710999          
  6.16738203453        -0.514093957575        
  24.2077274           0.6406894              
  347.2366943          0.2823562              
  12.5440865           0.2751624              
  10.476556944444443   -0.49885888888888885   
  21.015743055555554   0.742436111111111      
  31.882021111111108   1.0635811111111109     
  335.385631           1.0016223              
  357.8135986          0.5564898              
  27.362875            0.4857949              
  17.4740560864        0.659559944561         
  8.7693672            -0.8528224             
  29.0969048           -0.4627326             
  356.268113292        -0.709818963755        
  345.0506897          -0.2497335             
  9.84457545896        0.445248600897         
  22.6102219           -0.3038993             
  1.9949547            0.7610193              
  357.634601478        0.421465450773         
  19.8406677           1.0191852              
  0.0783889            -0.6721315             
  344.215003491        0.100007917508         
  350.50564611111105   0.009826944444444444   
  357.72311388888886   -0.8028438888888888    
  20.6408119           1.1355809              
  351.7210388          -0.6532741             
  34.2832202671        -0.605073557909        
  27.6208743434        0.89120278044          
  345.872890177        -0.0803367432971       
  359.4085693          0.205075               
  357.93573            0.7471673              
  34.5151939           0.2142634              
  31.927863888888886   -0.04275805555555555   
  12.3049841           0.6915691              
  27.56491694444444    0.7654749999999999     
  335.418907           0.9832587              
  10.1834627488        -0.907518289993        
  34.3420143           0.1839119              
  6.9169097            1.0243776              
  346.4055176          -0.8247971             
  28.7208443           0.4372189              
  30.5565186           -0.8915367             
  356.3310242          -0.7954642             
  25.0224944247        -1.05924870413         
  11.9040009206        -0.467772960513        
  351.2302856          0.1861028              
  10.5983574243        -0.0709773170786       
  23.0971241           -0.8608361             
  5.5033813            0.506157               
  0.676274880847       0.892532300697         
  35.59645111111111    -0.3274161111111111    
  20.9673672           1.0916513              
  33.6455383           -0.46586               
  21.4592667           0.2124967              
  357.21161853         -0.574865694304        
  6.073401944444444    0.14617111111111109    
  355.44695999999993   0.26443694444444443    
  24.090228888888884   -0.20409805555555552   
  10.5846904346        0.381598638552         
  14.8061584941        -1.08380527748         
  347.46789499999994   -0.5275119444444444    
  0.214853522271       0.200713252652         
  14.5321007           -0.398697              
  355.6082761111111    0.22554305555555554    
  16.3649883           -0.4929668             
  13.452703888888887   -0.36589499999999997   
  355.6241455          -0.2768182             
  16.9975243           0.6417887              
  23.2400341           0.3092697              
  16.9076968052        -0.617700635019        
  2.1711994704         0.622266858598         
  13.7024626317        0.714381479601         
  347.0986330555555    0.44716611111111104    
  346.6712036          0.2827103              
  18.0080471           0.9963045              
  26.2194943771        -1.17898832262         
  34.0247192           -0.7012976             
  346.5955505          -0.9005973             
  344.844574           0.2351398              
  9.07850611111111     -0.7749819444444443    
  359.180825012        -0.766846101506        
  17.1929163854        0.616543622545         
  11.2238474           0.0116386              
  28.6096706           -0.1324649             
  26.7914162           -0.5542014             
  4.2872596            0.8815312              
  28.6998789728        -0.164394336528        
  346.5664978          -0.7794218             
  9.55660054435        0.95885868156          
  21.023784999999997   -0.7355188888888888    
  8.9878931            -0.2895327             
  349.6557922          0.1033281              
  19.8816338           1.0955679              
  16.5675659           0.3655716              
  22.9803753           -0.5188887             
  27.4043312           0.0173211              
  343.701661474        -0.886088767405        
  35.11625694444444    0.11025888888888888    
  30.2915134           -0.6687458             
  12.3038483           0.355941               
  21.752878055555552   -0.7664399999999999    
  20.083296111111107   0.12655805555555555    
  344.7928162          0.8510045              
  354.8677980555555    0.9851130555555554     
  20.5577908           0.3225238              
  15.4963856           -0.5649214             
  12.27476611111111    -0.5261999999999999    
  30.0116367           0.4259193              
  15.862076944444443   0.9274049999999999     
  30.860291111111106   -0.6650099999999999    
  29.8950405           0.2919106              
  16.5849876           0.9580596              
  11.818088055555554   -0.597285              
  346.2153319444444    0.8597630555555554     
  346.682312           0.6576861              
  8.7015543            0.3834006              
  27.3719082           0.1996137              
  332.6476746          0.1395413              
  356.949585           0.9500361              
  30.7256413           -0.6404321             
  22.78411111111111    0.8800688888888888     
  14.5130968           -0.0546953             
  18.3883076           -0.0058971             
  21.5218105           1.0151486              
  28.1880455           -1.0173936             
  32.3551937228        -0.047175382394        
  31.3858471           0.3177598              
  345.1286316          -0.296737              
  33.508221111111105   -0.6617480555555555    
  35.6096001           -0.0860732             
  6.9887886            -0.2008978             
  353.2196655          0.5181499              
  353.8370667          0.8324597              
  30.7479973           -0.9607302             
  348.3902893          0.5795938              
  12.9067106           -0.9336203             
  351.4689941          -0.5567973             
  34.1387177           0.0107467              
  28.8282583253        -0.682274826943        
  6.9172659            0.8231864              
  7.9045119            -0.759419              
  11.9564524           -0.0207151             
  344.6592712          -0.6508371             
  344.6592712          -0.6508371             
  19.9762287           -0.9176705             
  2.3679781            -0.4369491             
  1.01964659112        0.0108653336131        
  346.3247375          0.026753               
  6.7056952            0.3916817              
  348.4707642          -0.838806              
  4.95857611111111     -0.6780080555555554    
  12.526458888888888   -0.888691111111111     
  7.8237591            0.2847385              
  20.8666306           0.2861694              
  25.436079            -1.1521875             
  356.1836243          -0.0751262             
  32.7574387           0.4702622              
  359.0187378          0.5247724              
  354.3849792          0.2636257              
  14.1545849           0.5546511              
  359.3265080555555    0.7306530555555555     
  33.0714264           0.0122027              
  357.9091492          0.5586377              
  2.1694832            0.4567039              
  356.5008545          -0.0441145             
  16.9948826           1.1051989              
  12.2748213133        0.377068899807         
  1.6583195            -0.6156386             
  18.5135956           -0.8295082             
  357.3546448          -0.7523059             
  16.580186944444442   0.8064761111111111     
  24.8607178           0.3491852              
  27.550941944444443   0.27299611111111105    
  10.9346037           0.7585483              
  9.7163887            -0.5898864             
  16.0509529           0.678875               
  26.4563236           0.8517278              
  20.4889889           1.0651978              
  333.959198           0.8550473              
  339.6940308          -0.6823781             
  18.5354786           -0.8703985             
  16.6596413           1.1455806              
  354.0436707          -0.9707958             
  354.5839539          -0.5763977             
  339.85627349848664   0.72715579794225       
  20.8908043           1.128047               
  355.3482056          0.6038253              
  15.0254631           -1.0628946             
  346.6485901          -0.4713503             
  9.2876558            -0.9093187             
  1.2484592            -0.429427              
  30.7807198           0.8043538              
  5.9962268            -0.1842929             
  350.6442871          -1.0316408             
  3.6034546            0.4648941              
  349.2542114          0.5349044              
  32.67986694444444    -0.30513499999999993   
  17.542604447223795   0.4054422993475298     
  347.319891072695     0.16738317601604605    
  6.9501562            1.002776               
  353.8007507          -0.1762771             
  355.5289053207665    0.6038997741297203     
  22.086722655517725   -0.2769645766716958    
  350.3377075          0.9554695              
  1.3821607            -0.5787082             
  25.1091099           0.8854768              
  12.190136            -0.4305532             
  8.855388055555554    0.6674280555555555     
  16.6468086           -0.8262005             
  340.5271460742582    0.4232642664492803     
  15.5006361           1.1720512              
  14.3871431           0.9987305              
  347.5015564          -0.7241776             
  1.9548669444444442   0.68878                
  14.263343050924558   0.1756503700223949     
  1.3552525            0.8304774              
  32.761364            -0.1528788             
  24.6413097           0.9695062              
  356.50644462473764   -0.6486663178889366    
  3.87439765762816     -0.817865576634968     
  335.56680240494563   -0.06824547666922784   
  16.1991138           -0.9289727             
  3.3257256            0.835046               
  22.28106229412532    -0.4793414102279422    
  32.73614499999999    0.05134805555555555    
  5.877778888888888    -0.31016999999999995   
  339.7814955360981    0.5062407844201078     
  353.72944044650944   -0.17283909666669367   
  17.12487322850282    -1.0043696066593386    
  341.35112618350433   0.40395443869134345    
  339.70914054719185   -0.4505039887180156    
  332.92089385304666   0.18858977633839347    
