# ra            dec         
  3.4664297     -0.9891323  
  335.2553711   -0.6206504  
  22.2061901    0.0955272   
  337.7215881   0.1705787   
  33.0496025    -0.7986148  
  29.3741188    0.0427305   
  18.30159      -0.5869125  
  7.966095      -0.9764176  
  24.3977871    -0.7898342  
  13.7202339    -0.2290491  
  0.3255683     -0.854086   
  10.578001     0.5436277   
  354.6893921   -0.058844   
  34.2398491    -0.5497743  
  337.8869019   -0.7244882  
  359.1445923   -0.7510436  
  21.6787987    0.0441689   
  354.664856    -0.4067445  
  5.0468183     -0.7551984  
  337.5151062   0.3866561   
  34.4591179    -0.5085117  
  339.6742554   -0.018121   
  30.6375256    0.2793992   
  31.7461224    0.5018759   
  26.5832291    -0.7746695  
  334.4398804   -0.8237292  
  29.7656021    -0.5046132  
  357.7950745   0.0392351   
  18.9691486    0.1002639   
  17.5100498    0.2000566   
  8.8553877     0.667428    
  26.2989674    -0.7247114  
  358.7936401   -0.7781897  
  24.5512791    -0.3967719  
  27.5737858    0.4840246   
  34.8938675    -0.0529338  
  354.8664856   0.1662902   
  23.205761     0.4408569   
  13.501317     -0.6055483  
  4.1351576     0.2393406   
  26.3149319    0.4919718   
  0.3979754     -0.7018936  
  25.5614681    0.3900614   
  8.6599531     0.2381552   
  19.5794506    -0.983513   
  348.0413513   -0.9496344  
  342.7406311   -0.9418207  
  2.6974325     -7.042E-4   
  347.2265625   -0.6442708  
  343.4908142   -0.6911213  
  3.8356116     0.4546146   
  332.656189    0.5487369   
  344.9320679   0.5473647   
  346.1729736   0.5520066   
  6.1083217     0.6366271   
  1.9548669     0.6887803   
  334.9925537   0.6192012   
  14.2641239    0.2356233   
  31.9278641    -0.0427582  
  34.6807938    0.2027092   
  33.0594368    -0.7510455  
  345.2370911   -0.8596444  
  359.3265076   0.7306535   
  337.2569885   -0.9773202  
  33.1963577    0.0274092   
  31.8318958    -0.3333003  
  15.2542171    0.6551492   
  9.8522587     0.4170943   
  332.2378235   -0.0975601  
  352.6732483   -0.2048457  
  3.5539243     -0.3507304  
  350.6257019   0.2087086   
  335.7758789   -0.379553   
  334.9377747   0.6189226   
  33.3385658    -0.3722529  
  13.4527044    -0.3658946  
  20.0832958    0.1265581   
  33.4976425    -0.5132601  
  334.4729614   -0.5485945  
  357.723114    -0.8028441  
  350.9705811   -0.6618778  
  343.2263794   0.6155949   
  335.0375061   -0.3954578  
  341.2476807   0.0092926   
  23.4666481    -0.2864172  
  4.9585762     -0.6780077  
  343.5801086   -0.0319584  
  353.2509155   -0.3418148  
  29.8978539    0.0670154   
  29.8461723    -0.6847011  
  339.6815491   0.2799917   
  11.8216658    -0.0149258  
  336.2882996   -0.235228   
  347.4678955   -0.5275117  
  2.9949799     -0.6181777  
  357.3887329   0.3157917   
  35.6642265    -0.9684093  
  341.9529724   0.2009943   
  7.8043475     0.1723256   
  347.2615356   -0.109467   
  33.4650269    -0.8139322  
  346.5987549   -0.7697887  
  3.0007627     0.1472385   
  13.5061798    0.4799342   
  16.5509205    0.3222631   
  16.566906     0.2566644   
  8.2351542     0.3474234   
  351.3451538   -0.4108709  
  334.162262    0.6762864   
  356.0316772   -0.98132    
  341.1266479   0.6220958   
  359.6382751   0.6468028   
  9.6599054     -0.1245179  
  12.4550867    0.4379913   
  344.9438477   0.2948855   
  16.2550068    0.1100745   
  30.6647568    0.2767622   
  2.1595647     -0.8658016  
  358.9422607   -0.3952637  
  6.0734015     0.146171    
  25.1626759    -0.7699388  
  35.5964508    -0.3274155  
  356.008667    0.0679375   
  355.9734802   -0.7474197  
  16.1239719    -0.6161125  
  8.9410858     0.3849532   
  23.9852257    -0.2756832  
  357.7411499   -0.8694215  
  355.291687    -0.6997564  
  342.4836731   0.0383676   
  355.3657532   -0.5638095  
  337.3305359   -0.3160759  
  351.4894409   -0.9162061  
  27.5509415    0.2729957   
  33.3134346    0.2168419   
  10.7264261    0.0826829   
  345.7360229   -0.606145   
  350.374176    -0.412715   
  24.090229     -0.2040983  
  345.845459    -0.6725618  
  354.0199585   0.4431818   
  354.6221008   -0.9927491  
  33.066597     0.605918    
  27.7396755    -0.7631863  
  350.5056458   0.009827    
  345.8447876   -0.2439687  
  7.0685692     -0.8851127  
  10.4765568    -0.4988594  
  358.5858459   -0.5927929  
  19.0029926    -0.0161742  
  22.6260357    -0.2244238  
  21.9657536    -0.5210704  
  6.9947262     -0.3232643  
  8.6092968     0.4338955   
  331.4885864   0.2027349   
  354.8365479   0.4307883   
  351.3604431   0.4045389   
  343.1825256   -0.6970577  
  354.8750305   0.5048007   
  16.3516521    -0.4242043  
  14.2286997    -0.535462   
  34.7464828    0.2253228   
  2.672071      -0.4139172  
  355.9398499   -0.3496856  
  21.9982853    -0.0242651  
  11.4019651    -0.0050547  
  20.2419453    0.034711    
  17.2536087    0.0269886   
  16.6167355    -0.4283552  
  345.6882019   0.1065118   
  14.3929834    -0.3041532  
  18.1023064    -0.141077   
  333.9821167   -0.6537743  
  28.368742     0.1639178   
  23.5512295    -0.5011432  
  2.8073409     0.3423231   
  355.246521    0.0049845   
  339.7437744   -0.9738411  
  350.0596619   -0.3697272  
  339.473877    0.1133681   
  23.2891674    1.1842204   
  336.686615    0.8388838   
  26.6261311    0.8990079   
  30.7185078    0.8521748   
  7.4546394     0.7616557   
  33.4820824    0.8260416   
  7.549089      0.7972193   
  344.1014404   0.7889502   
  339.2066956   0.9037588   
  27.5649166    0.7654746   
  342.894989    0.7911655   
  331.9922791   0.8139327   
  15.8620768    0.9274049   
  34.4592361    0.8149394   
  3.0450737     0.8863808   
  346.215332    0.8597634   
  332.579071    -0.2663618  
  27.0047054    0.3634568   
  344.5857849   -0.3794751  
  337.1487122   0.85139     
  346.7609558   0.6801124   
  334.4854126   0.5957265   
  342.6995544   0.2706288   
  334.5957031   -0.9215064  
  334.2738037   -0.2187879  
  334.9305115   0.6884593   
  338.8983154   0.6005672   
  337.1132507   0.5614853   
  11.8180885    -0.5972851  
  348.5944214   -0.837765   
  344.7928162   0.8510045   
  332.506134    -0.2063172  
  347.9165955   -0.0827523  
  343.3576965   -0.4917463  
  347.5015564   -0.7241776  
  11.3715582    0.0987348   
  338.2349243   -0.0036803  
  30.517292     0.6411319   
  333.4286194   0.6724893   
  343.611084    0.1306817   
  348.3003235   -0.2827588  
  334.4977112   0.5153566   
  345.2341003   -0.7937344  
  17.0945644    0.1966603   
  341.3871765   -0.0036343  
  344.7856445   -0.6978893  
  14.3429594    0.2790774   
  335.2117004   0.3331012   
  334.0428772   0.419978    
  339.2446594   -0.2201616  
  336.7126465   0.9834298   
  331.8800964   0.6715212   
  341.8167114   -0.521043   
  333.4638977   0.2199146   
  12.8724308    -0.6124405  
  339.5269775   -0.4042934  
  337.8278809   0.3643647   
  341.150238    0.1459606   
  13.2140818    0.8069401   
  332.9802856   0.6866608   
  334.342804    0.2777826   
  337.1028442   0.4795888   
  348.6761475   -0.1603354  
  337.3889465   -0.3106205  
  333.505188    -0.0366988  
  349.7770996   -0.8179129  
  348.6929321   -0.3685971  
  343.920105    0.3193686   
  344.5354004   0.4890519   
  334.4022522   0.2729324   
  332.7642212   -0.7528165  
  339.729187    0.1672286   
  339.9051819   0.6774885   
  348.760498    -0.2110537  
  346.7044678   0.8499887   
  343.2787781   0.6329783   
  332.5656433   -0.7778146  
  336.7991333   0.728678    
  333.5682373   -0.3515506  
  35.4951668    -0.1812582  
  339.6526489   0.125299    
  336.5541382   -0.5163425  
  346.6261597   -0.4546242  
  31.2617149    -0.2941875  
  338.0118713   0.7749254   
  342.9715881   0.2618247   
  28.185173     -0.3721877  
  340.834198    0.4873714   
  335.7046509   0.0845993   
  336.0066223   -0.7998016  
  12.2738743    -0.5142301  
  345.0506897   -0.2497335  
  343.7203064   0.806301    
  336.8924866   0.8965459   
  14.2470942    0.7285834   
  346.1426392   0.5824078   
  345.120697    -0.2943487  
  338.203186    -0.4842877  
  343.5498657   -0.8304373  
  11.3401289    -0.7827486  
  333.2145691   -0.708525   
  33.4801407    -0.9042208  
  342.6577759   0.9113287   
  345.8529358   0.2192771   
  347.4288025   -0.0907393  
  332.7158813   -0.8894688  
  19.0476208    0.0093066   
  339.4539795   -0.2605336  
  344.6179504   -0.421063   
  347.0823669   0.4393708   
  342.276123    0.83571     
  35.579567     -0.1884968  
  337.9751587   0.0610611   
  16.698452     0.4740328   
  34.7818832    -0.0715364  
  331.8798523   0.8038437   
  13.5762014    -0.7606689  
  338.2361145   -0.212955   
  331.989502    0.3382778   
  342.9572754   -0.4699253  
  335.7789001   0.5218319   
  11.0838175    0.178949    
  343.2656555   -0.6573057  
  332.0272522   0.8078247   
  346.2785339   -0.5821003  
  346.1860352   -0.3121408  
  12.274766     -0.5262005  
  345.8490295   0.2708965   
  334.6253357   0.0013616   
  332.2532349   0.3993517   
  335.9536438   -0.0651662  
  332.8676453   -0.5894952  
  18.9858513    0.021406    
  32.6798668    -0.3051351  
  347.2366943   0.2823562   
  346.2866821   0.7177328   
  333.5809021   -0.4448448  
  347.733429    -0.3298499  
  347.4677429   0.0034034   
  347.6830139   -0.6966459  
  17.8456001    -0.0435603  
  334.7840271   0.865585    
  339.4391785   -0.7221225  
  346.7984619   -0.2864768  
  339.5040894   -0.1941777  
  345.7245789   -0.7627357  
  342.1546326   -0.1944029  
  341.5852051   0.8946894   
  348.3244934   -0.289722   
  344.4985962   0.2793334   
  344.6174011   0.388874    
  343.1207581   0.3658915   
  345.8728943   -0.0803445  
  338.2232056   -0.1887326  
  343.7324829   0.5314982   
  343.1488953   -0.9203715  
  347.8228149   -0.6313546  
  337.1957397   -1.0255229  
  347.9778748   0.3460893   
  338.0883789   -0.716947   
  344.6617126   -0.5898109  
  332.5905762   -0.1334297  
  11.2198267    -0.1406167  
  343.928009    0.2385207   
  357.0891724   0.1859759   
  25.751255     0.8939787   
  5.5911751     -0.7486248  
  7.8237591     0.2847385   
  10.7968464    -0.142163   
  27.0375099    -0.9191211  
  13.10602      0.7141937   
  13.5945139    0.2711484   
  33.1295204    0.4599847   
  7.6401086     0.6602671   
  15.6150532    0.7205901   
  32.5026665    0.8398448   
  16.0720119    -0.3777143  
  22.4042797    -0.6533113  
  18.4167805    0.0327769   
  3.3802876     -0.2526192  
  18.3883076    -0.0058971  
  14.6745892    -0.9891589  
  17.6640224    -0.3910696  
  358.5688477   -0.2093164  
  351.4707031   0.2352566   
  354.1237793   -0.5306507  
  359.0249329   0.8814178   
  0.7197008     -0.0586067  
  0.9204397     0.4717716   
  4.5739145     -0.4497247  
  16.3649883    -0.4929668  
  351.8247986   0.0960518   
  22.5567799    0.0481983   
  9.4702845     0.0244736   
  21.97299      0.9228361   
  4.5779452     0.4525421   
  33.5737839    0.4473894   
  29.0969048    -0.4627326  
  6.8238206     -0.9739771  
  31.1055698    0.1601485   
  23.7704296    -0.6676116  
  6.5806599     -0.1941382  
  19.6635704    0.4653608   
  31.9265575    -0.8587581  
  9.9930067     -0.2307945  
  26.4884682    0.0537408   
  26.7644062    -0.3244385  
  24.5087471    0.6180245   
  12.9948721    0.17354     
  30.0116367    0.4259193   
  28.8675346    -0.8110495  
  10.7729626    0.4987547   
  2.0850503     -0.9653323  
  18.6317024    0.336675    
  349.235199    -0.3780399  
  28.6074448    0.8851731   
  358.5263062   -0.352937   
  26.217535     0.800476    
  3.2367954     -0.0038529  
  4.8450699     -0.8272622  
  31.9834309    -0.9383422  
  15.7356453    0.5012844   
  31.9586029    0.0688103   
  18.1566486    0.4589143   
  33.0776634    -0.0937407  
  352.3806763   -0.3433902  
  17.2140427    0.8807721   
  30.5457478    -0.3738223  
  4.0298038     0.5905762   
  22.2606335    -0.2943012  
  351.8710632   -0.7259514  
  357.3398438   -0.9875483  
  25.8680344    -0.8313334  
  23.9550781    0.282474    
  25.3956394    0.1069335   
  34.6238747    -0.8382031  
  9.4223156     0.0296802   
  4.3100939     -0.5186343  
  9.2852669     0.4821735   
  351.3157043   0.1052882   
  0.4021706     0.0538355   
  32.1011276    -0.9162995  
  31.9071484    -0.5252302  
  2.9239337     -0.0719315  
  357.9255066   0.114896    
  5.429419      -0.5060372  
  8.4592276     -0.5473105  
  33.1383629    -0.3530306  
  4.3058357     -0.4135123  
  21.9793224    -0.6173146  
  2.1541629     0.8566674   
  354.0436707   -0.9707958  
  5.5978723     0.2676274   
  34.0247192    -0.7012976  
  29.4316196    -0.364847   
  11.5245609    0.7243912   
  17.0116806    0.6852959   
  33.0002327    0.1820805   
  14.5130968    -0.0546953  
  15.4060411    -0.0431531  
  14.5321007    -0.398697   
  18.0794048    0.6132806   
  3.1932795     -0.0035755  
  354.4403992   0.5527139   
  10.2394972    -0.8817129  
  359.3545227   0.6641257   
  20.0558453    0.7197958   
  33.1447372    -0.871033   
  5.4030533     -0.5540379  
  11.8377724    0.1589683   
  14.0789146    0.0647858   
  12.8108273    0.3114901   
  359.3623352   -0.405259   
  11.7946377    0.7084465   
  354.2440796   0.3184446   
  3.8247888     0.1598829   
  358.0843811   0.2932808   
  350.4652405   -0.2026614  
  358.1256714   0.0977809   
  26.0804234    -0.5041083  
  24.3310051    -0.8129942  
  6.8584776     -0.9816004  
  1.6502304     -0.5534576  
  358.135437    0.4954225   
  5.6723738     0.2401198   
  27.4796772    -0.563564   
  21.0895786    0.3662218   
  31.8972797    0.2081261   
  2.8298852     0.8762121   
  22.4067688    -0.2019635  
  8.1442728     -0.2658641  
  355.1088867   0.1512577   
  10.3088474    -0.198172   
  352.2084961   0.6830773   
  356.7392273   -0.0539346  
  351.8067627   0.0684629   
  343.2998047   0.8246606   
  34.3420143    0.1839119   
  6.1412292     -0.425938   
  17.4265785    0.2751703   
  7.789854      0.10891     
  3.7327924     -0.3866788  
  4.5106936     -0.3371979  
  9.3932276     0.5443047   
  351.7210388   -0.6532741  
  29.9256973    -0.3187692  
  19.4640121    -0.6312088  
  354.7983093   0.7294543   
  355.5114136   0.5626956   
  8.0753965     0.1353659   
  29.9393826    -0.5412294  
  5.646193      -0.8125104  
  31.9843922    -0.483599   
  11.8698826    0.6723056   
  357.7897339   -0.0171181  
  356.8295593   -0.9639543  
  352.1829529   0.7817515   
  13.702466     0.7143866   
  9.748477      0.8164943   
  1.6821244     -0.2001063  
  32.761364     -0.1528788  
  7.6921287     0.0206486   
  0.5947355     -0.2627698  
  0.9019969     0.3195657   
  18.1986027    -0.3274261  
  20.1173077    0.6949852   
  32.2830658    -0.890029   
  353.4743042   -0.9052832  
  4.7125168     -0.6669747  
  2.5922687     -0.6170148  
  331.5675659   0.8462374   
  19.0455723    -0.7261721  
  33.7852287    -0.2651998  
  356.0510559   -0.9484902  
  1.2645304     0.5631586   
  27.8892078    0.4580061   
  17.508297     -0.6871732  
  352.1181335   -0.9575623  
  12.0705347    -0.0039752  
  355.9883118   0.8007668   
  19.3466282    -0.402454   
  17.4681911    0.1148222   
  352.70578     -0.0659099  
  26.9017925    0.5982123   
  356.9945068   -0.4258915  
  34.9383202    -0.3474107  
  29.4794388    0.3835357   
  10.1016312    0.7511712   
  6.3213677     -0.1811051  
  349.853302    0.4783668   
  32.8947754    0.1022109   
  3.9544985     0.2922112   
  28.7656536    0.3148687   
  358.1379089   -0.2575867  
  10.6215343    0.230904    
  353.9646606   0.8347256   
  31.7366314    0.7496775   
  352.1884766   -0.5289     
  15.7186813    -0.9774729  
  3.6347351     0.4383284   
  31.0014534    0.0283877   
  351.3164978   0.7805125   
  23.7286396    -0.4456775  
  6.6077685     -0.8083521  
  6.351243      -0.8161812  
  358.6562805   -0.1262829  
  1.6583195     -0.6156386  
  28.7208443    0.4372189   
  17.7396717    0.3295653   
  354.4222107   -0.3340054  
  7.8127356     0.8923463   
  11.1177092    -0.1131434  
  344.4637756   0.7710619   
  14.0670462    -0.5693554  
  353.7744141   -0.6683858  
  354.3576965   -0.7134739  
  10.6415472    -0.89179    
  11.2080784    -0.0744225  
  2.1712217     0.6222839   
  356.4111633   0.6554756   
  10.183466     -0.9075108  
  358.0795288   -0.0033636  
  349.8052979   -0.4327302  
  30.0189247    0.4399402   
  34.6019516    -0.5471492  
  24.0248318    0.7334258   
  356.7273254   -0.736037   
  7.0620008     0.8729035   
  32.8574562    0.3792057   
  354.0684204   -0.657881   
  14.0381641    -0.318197   
  356.1455688   0.2300704   
  7.7576418     -0.8334025  
  24.4113407    -0.8639644  
  23.6999588    0.7911043   
  6.6117749     0.4052652   
  33.6337585    0.6613247   
  353.5968933   -0.7498792  
  31.1669617    -0.1210502  
  28.8110008    0.1929412   
  27.6208935    0.8912072   
  356.4507446   0.0967735   
  350.0855713   0.6779047   
  18.2151699    -0.9531684  
  1.1812785     0.3954875   
  13.3634205    -0.1147585  
  16.4544926    -0.2895215  
  6.6896405     -0.6352921  
  31.8351307    -0.7784472  
  24.539402     -0.9060562  
  9.0219307     0.2718662   
  12.4968576    0.3175402   
  2.6828153     -0.7856392  
  1.6389688     -0.2481415  
  5.8098683     -0.0782517  
  4.2677879     -0.9211474  
  4.1105671     0.6090139   
  349.9454041   -0.3370257  
  7.4186072     0.9382888   
  6.9169097     1.0243776   
  34.587883     -0.4627498  
  0.82827       0.3567714   
  6.2622714     0.6942881   
  350.786438    -0.7995279  
  29.8950405    0.2919106   
  4.230495      -0.1155264  
  358.3976135   -0.8834587  
  9.700139      0.1504423   
  19.6237888    0.0339771   
  7.0537229     -0.1669469  
  31.7181778    -0.1049247  
  19.7447929    0.6693896   
  27.7562065    0.4969651   
  12.8959379    0.7087003   
  3.962127      0.6064961   
  15.9510183    -0.3003504  
  354.7160034   -0.395168   
  24.4583359    0.5957987   
  353.0456238   -0.787863   
  30.4379864    -0.0544726  
  34.7540245    -0.0762319  
  33.5752945    -0.5934906  
  9.8445816     0.4452515   
  337.9464722   -0.3788056  
  0.3610717     0.0052236   
  27.4058723    -0.5720034  
  2.3113468     0.4054846   
  18.2784615    0.0310113   
  29.2900028    -0.3029348  
  2.9860251     -0.0946556  
  353.2254639   -0.9467108  
  6.2264047     0.4025782   
  17.7216129    0.0982637   
  6.3668137     -0.5632801  
  27.362875     0.4857949   
  356.8555298   -0.7212365  
  2.838026      -0.0961848  
  10.5983629    -0.0709995  
  14.1447592    -0.7161804  
  8.612833      -0.3627264  
  25.890337     -0.2137193  
  357.0805664   0.6499221   
  23.7466373    0.5048442   
  21.9218731    0.8838963   
  6.8109088     0.7617694   
  8.3261585     0.2714355   
  27.914629     -0.3397331  
  24.2878208    -0.269883   
  26.5487099    -0.7246976  
  18.4667454    0.8761041   
  6.0966887     0.4324211   
  6.9543476     0.5500565   
  32.285347     0.8559641   
  352.0374451   -0.4659705  
  26.3808231    0.5172965   
  26.4305229    -0.4256593  
  4.6599874     0.8254276   
  354.188446    0.766662    
  3.0660334     0.3908591   
  344.8199158   -0.6787049  
  30.7346077    0.8767107   
  357.7089233   0.8673239   
  344.0327759   0.5401743   
  346.6712036   0.2827103   
  332.5030823   -0.1421184  
  346.4412537   0.1503713   
  341.8002014   0.366299    
  332.3292236   -0.1045765  
  344.844574    0.2351398   
  334.7454529   0.1199978   
  333.4057007   0.6710775   
  337.4091187   -0.2939646  
  342.4975891   0.0944976   
  342.2059326   -0.6037003  
  339.6850891   -0.8119134  
  346.0187378   0.0112858   
  346.4301453   0.0023267   
  332.9315491   0.523738    
  334.9311829   -0.7483334  
  333.614563    0.1439409   
  343.9863586   -0.3586318  
  342.4785461   -0.4230772  
  337.9081421   -0.1186734  
  341.6184692   0.6183672   
  331.4743652   0.7334051   
  333.7136536   0.7537494   
  345.9085999   -0.8077923  
  337.4613342   -0.3967034  
  334.5085144   -0.9622742  
  333.635376    -0.3084183  
  337.1074829   0.2360778   
  346.5385132   -0.5419189  
  335.5475464   0.2333122   
  343.3371582   0.3518407   
  347.5785828   0.8596345   
  346.5413513   -0.5556498  
  333.4786682   0.320108    
  344.3429565   0.6289583   
  333.0348206   -0.2732483  
  337.081604    -0.738139   
  346.1491394   -0.8437006  
  335.5148926   0.6626489   
  335.723938    0.3550251   
  346.7892761   -0.905521   
  334.172699    -0.012964   
  344.597229    0.2208987   
  332.9985352   0.7894471   
  348.4806519   -0.1748493  
  342.92453     -0.4057967  
  358.6782837   -0.1409902  
  24.1468601    -0.3900323  
  14.9071035    -0.0353239  
  15.301342     -0.3712795  
  19.4898682    -0.6676803  
  19.7789707    0.3527443   
  357.2802429   0.2664678   
  354.3778687   0.3271929   
  27.8576298    0.3924273   
  27.3960838    -0.7339485  
  5.7250514     -0.4158418  
  23.1158981    0.8251748   
  6.4611535     -0.4129611  
  34.7725754    -0.6693166  
  17.2321358    -0.3406827  
  23.0589714    0.8931752   
  359.6030273   0.2703812   
  27.6180649    0.76438     
  11.2238474    0.0116386   
  6.9420671     -0.3623687  
  358.9328613   0.6322715   
  11.4958153    0.0377629   
  19.1259308    0.8746996   
  34.5151939    0.2142634   
  33.6438522    0.7408394   
  16.1991138    -0.9289727  
  6.9887886     -0.2008978  
  16.980442     -0.4998923  
  30.2209148    0.132753    
  356.5811768   0.8843869   
  5.9962268     -0.1842929  
  31.5142517    0.8931364   
  356.980072    0.5605813   
  30.2494888    -0.8663111  
  10.132781     0.7011009   
  29.8061428    -0.7146056  
  18.3397598    0.090378    
  8.7015543     0.3834006   
  359.3930359   0.5828795   
  12.9067106    -0.9336203  
  31.7522964    -0.5719107  
  359.2731323   0.3726985   
  33.6455383    -0.46586    
  16.6486168    0.7375772   
  356.7825012   0.6366222   
  357.7907104   -0.8096628  
  18.5354786    -0.8703985  
  16.2726879    0.3287286   
  34.3076935    0.9303097   
  12.9712029    -0.8078273  
  354.4266357   0.5599099   
  18.5975533    -0.1750561  
  28.4735222    0.3355606   
  353.8007507   -0.1762771  
  26.0280228    -0.7142161  
  33.5411034    0.0367538   
  32.5664062    -0.8481858  
  30.2125969    0.1627459   
  30.2531605    0.345012    
  27.4043312    0.0173211   
  11.3352747    -0.7048289  
  31.4169292    -0.5807493  
  9.8497362     -0.4943034  
  332.7976685   0.6275325   
  22.3436222    0.2154602   
  29.2593212    0.0847353   
  13.2446852    0.2819068   
  29.3780136    -0.0507138  
  357.9892578   0.6776104   
  16.4428997    -0.432293   
  24.4843674    -0.6482441  
  12.0830564    0.1683163   
  0.8412675     -0.3963197  
  27.2350826    -0.8294213  
  29.5760098    0.0879861   
  13.2855349    0.3224789   
  345.6870117   0.7492994   
  2.3679781     -0.4369491  
  346.4055176   -0.8247971  
  35.0703278    0.1210436   
  32.9146614    -0.1020256  
  351.3728943   -0.0313909  
  358.121582    0.682318    
  10.5547085    0.2707996   
  8.5199738     0.2895758   
  14.8202381    0.5912734   
  26.4390488    0.6230379   
  15.2308502    0.3532342   
  19.0551701    -0.329476   
  21.6460056    0.1511453   
  5.5542536     -0.7555401  
  31.032196     0.0533763   
  22.9274216    -0.7520696  
  16.7890434    0.0797854   
  35.2595634    -0.3408351  
  15.7820911    0.3819688   
  32.1264038    -0.4974649  
  29.7484894    0.6740766   
  25.322155     -0.4293686  
  13.5428534    0.3169913   
  7.3169136     -0.5545066  
  33.6579056    -0.0029769  
  33.9098969    0.6105301   
  356.0561218   -0.789084   
  35.6717033    -0.2962929  
  351.7550049   0.3601155   
  346.1729431   -0.4330166  
  356.8001099   -0.2274703  
  34.9086189    0.8634775   
  355.618042    -0.1085058  
  34.4157257    -0.6959224  
  14.8127136    -0.9689691  
  0.8116851     0.1329524   
  359.4934998   0.3044454   
  339.3692627   0.885702    
  26.6623974    0.8879896   
  358.1944275   -0.9579766  
  2.6160717     -0.3125272  
  17.2379894    0.9007014   
  353.4575195   -0.424172   
  25.9407845    0.6272972   
  0.1377689     -0.9421566  
  8.0155277     0.5409264   
  27.551651     -0.8569146  
  25.9258671    -0.9590075  
  24.6701546    0.2122785   
  32.7915878    -0.6183954  
  6.1530924     -0.1044803  
  15.742382     0.0914938   
  29.7646732    -0.8195818  
  12.1998005    0.8051019   
  18.9736595    -0.2071511  
  29.3314686    -0.5991258  
  19.3843136    0.1473008   
  10.4946556    0.171417    
  3.4743426     -0.1536588  
  349.7637329   0.6718132   
  11.8146763    0.5185961   
  350.0534668   0.3343028   
  26.7045822    0.4959233   
  32.8813133    0.8202438   
  359.2072144   0.7735377   
  2.1682777     0.831808    
  24.8382912    0.0164307   
  34.2515907    0.0900688   
  349.9671631   -0.8121931  
  33.1723747    0.4711537   
  9.6105833     0.1447784   
  24.4875507    0.3923035   
  7.9762955     -0.4061441  
  18.5117512    0.4088666   
  9.4816122     0.9138722   
  15.6157007    -0.8609855  
  0.7968919     -0.9618976  
  25.4985485    -0.7009681  
  6.1372256     -1.001165   
  19.6426697    0.9227667   
  350.2987061   -0.041825   
  8.9248295     0.9177807   
  15.1262894    0.5542138   
  30.4695435    0.4878328   
  31.580328     -0.9097526  
  22.3903503    0.6567298   
  6.7056952     0.3916817   
  27.0448132    0.8986426   
  22.6102219    -0.3038993  
  29.5191135    0.296733    
  352.8243408   -0.6547974  
  7.9455457     -0.5564128  
  349.1683044   -0.1558905  
  33.6433868    -0.6425294  
  12.287446     0.0304396   
  17.5320168    0.8795229   
  22.3664494    -0.9383668  
  9.6502438     -0.6663244  
  21.3539619    0.0011186   
  29.7170238    0.2233276   
  14.6865911    0.3167265   
  31.7917385    0.6332814   
  23.8217182    -0.9074335  
  18.6450081    0.3265972   
  353.859436    -0.5133403  
  10.230216     -0.9074097  
  28.493288     0.9012257   
  14.5719509    -0.9859968  
  4.4186554     0.9170524   
  357.4217529   0.2140003   
  32.8732529    -0.5340351  
  16.7182961    0.5291967   
  344.0093079   -0.6904735  
  25.3517246    0.3582417   
  10.0151167    -0.4169212  
  33.206028     -0.958589   
  8.1224318     0.8293998   
  350.0593262   -0.6159289  
  24.1972561    -0.7908441  
  22.9233112    -1.0570214  
  342.4108276   -0.6690811  
  16.9676208    -1.1513877  
  359.8297119   0.1741998   
  12.5003843    -0.5354576  
  17.0121136    -1.1627966  
  341.4164124   -0.4054714  
  21.0237846    -0.7355187  
  12.4129839    -0.1165023  
  21.7528782    -0.76644    
  352.98703     0.5353451   
  356.6069641   -0.2667848  
  334.7261353   -0.0163308  
  338.8217163   -0.5670084  
  338.5374756   4.698E-4    
  359.2606201   -0.8066807  
  18.4880199    0.6395974   
  354.9160461   0.327231    
  345.3345947   0.664851    
  32.1622276    -0.4885119  
  30.8602905    -0.6650098  
  15.0614338    -1.1907561  
  6.3480926     -0.1532359  
  27.7034721    0.6906049   
  340.5664978   -0.8906303  
  10.6615448    -0.7072488  
  0.588001      0.363704    
  9.3088169     -0.9344839  
  21.3881035    -0.7184119  
  9.0785055     -0.7749819  
  336.701355    0.0151258   
  16.8269711    -0.5333849  
  35.6486626    0.0479659   
  34.2832413    -0.6050732  
  17.2003689    0.9353749   
  345.1303406   0.8631748   
  13.8207846    1.1457471   
  354.8677979   0.9851132   
  349.4885864   0.8795149   
  348.1145325   0.8754751   
  349.2028198   0.8313087   
  358.7557068   0.9116222   
  19.7472248    1.1867161   
  346.8404846   1.0488226   
  347.4225769   -0.6163723  
  331.7734375   -0.2335609  
  30.785593     0.9405903   
  336.1481628   0.2523111   
  342.7966614   0.9956158   
  338.8869629   0.9386099   
  344.9928284   0.775446    
  336.7509766   -0.0794948  
  21.4409828    -0.9739915  
  334.3891602   -0.7071668  
  338.7591553   0.3616287   
  340.1498413   0.9759007   
  341.1469421   -0.491619   
  332.1438904   0.9962645   
  19.3164768    0.4408317   
  11.0659542    -0.7175353  
  332.540863    0.1570973   
  331.6826782   0.4253226   
  337.6577148   1.0154237   
  331.4859009   0.8389595   
  338.6482239   0.336008    
  31.882021     1.0635809   
  340.2467651   1.0545448   
  342.4223328   0.2657274   
  338.543457    -0.5543271  
  339.6699219   -0.6077899  
  347.5815735   0.9729233   
  339.0502319   -0.1684065  
  21.7435837    -0.744724   
  340.9579163   -0.6083392  
  331.8799744   -0.8217079  
  338.5685425   0.2528058   
  348.5927734   0.054348    
  349.3987122   0.0919477   
  338.0741577   0.4444477   
  349.2714539   -0.0338835  
  345.6555481   0.4029638   
  12.5684376    -0.3965605  
  337.9993896   0.3717749   
  18.507618     -1.0901661  
  30.9321136    -0.8665473  
  24.9369144    -0.7010975  
  1.4638263     -0.4724243  
  35.5799065    -0.5082566  
  20.6412201    -0.0714198  
  21.1399269    -0.0599074  
  2.2667806     0.9230055   
  21.3101711    -0.061772   
  6.8743472     0.0968765   
  11.9040041    -0.4677761  
  350.6599731   0.8404967   
  13.7745008    1.0181669   
  5.2290726     -0.8541129  
  353.6203003   0.181162    
  350.6603699   0.8482016   
  5.5898948     -0.9129599  
  14.1602478    -0.3105139  
  353.6186523   -0.8688309  
  13.0921726    0.2221014   
  23.1433506    0.1336321   
  17.7234058    -0.7761663  
  21.1228142    -0.0624087  
  8.3462543     1.0103853   
  20.5603771    -0.7299966  
  25.0224991    -1.0592715  
  352.6677856   0.3977774   
  356.1124268   -0.7248546  
  2.0389423     0.8265407   
  23.9470673    -1.0890304  
  27.2972298    -0.9889948  
  13.2889118    -0.4448855  
  350.6769104   0.7124517   
  357.634613    0.4214523   
  355.4850159   0.0444004   
  20.6031456    1.1637229   
  351.1429749   0.2677097   
  10.3741484    0.9876245   
  1.2379704     -0.0941062  
  356.2150879   -0.0697594  
  356.2681274   -0.7098234  
  19.4772129    1.0975015   
  352.7597351   -0.4144721  
  359.9877625   -0.3788317  
  0.7660559     0.5795863   
  9.5566273     0.9588445   
  21.2483864    -0.2668823  
  356.2454834   -0.0856029  
  5.7071033     0.2138616   
  352.2921753   0.2272145   
  4.9956312     0.9118556   
  22.5478592    1.117249    
  350.7548218   0.1607774   
  26.2195282    -1.1789653  
  35.4029198    0.588213    
  34.2182732    -0.2344593  
  10.1475954    -1.0182167  
  349.3572388   0.6148842   
  9.5007553     -0.9852178  
  1.4962548     -0.5871937  
  10.5331583    0.1383799   
  351.1453552   0.0597265   
  1.3031094     -0.9358955  
  1.1974515     -0.6948362  
  30.7200947    -0.2762411  
  33.6724701    0.943215    
  349.4926453   -0.0292036  
  0.8183094     -0.1256795  
  30.0507755    -0.3553582  
  24.0940151    -0.800909   
  0.6762794     0.892532    
  353.1604614   0.631339    
  353.6165771   0.002295    
  10.9627609    0.9795157   
  3.3045969     0.7520971   
  336.6789246   0.7599006   
  13.2666349    -0.4257096  
  9.02353       1.0624918   
  9.389925      -0.6547244  
  8.6374474     -0.7637942  
  30.1350956    -0.4309581  
  354.4673157   -0.5149198  
  349.2542114   0.5349044   
  352.2953491   -0.1744734  
  359.8381653   0.8163412   
  19.6310844    1.0281389   
  334.1504517   0.766471    
  34.7485123    0.4077264   
  357.5690918   1.0477713   
  356.5008545   -0.0441145  
  8.9878931     -0.2895327  
  12.19491      0.936211    
  352.47229     -0.0061121  
  359.787262    -0.2265639  
  30.4165993    -0.170269   
  28.7276516    0.2647592   
  28.4887466    0.5238512   
  32.0807571    -0.3778131  
  1.9949547     0.7610193   
  8.7693672     -0.8528224  
  353.7297363   -0.4958419  
  352.9544067   -0.1515299  
  29.0197468    -0.7184401  
  24.5255699    -1.1967175  
  349.6557922   0.1033281   
  7.5745368     -0.4265669  
  24.6034641    -0.5494538  
  332.6640625   -0.4840595  
  334.102478    -0.3623452  
  341.3542786   -0.531413   
  32.7293777    -1.0334098  
  345.1060181   0.1261522   
  30.206007     0.3898024   
  30.108984     -0.8917826  
  355.4509277   -0.9468933  
  5.6485052     0.9911622   
  24.6413097    0.9695062   
  20.6226959    0.9568516   
  25.278162     1.1250815   
  15.4215622    0.985624    
  359.4908447   0.9915885   
  331.8605652   -0.7790036  
  332.7127686   1.0151263   
  338.2458191   0.3328882   
  344.5917969   -0.3541327  
  341.2443237   -0.9106771  
  338.8496399   0.967146    
  333.5004578   0.5506288   
  344.1476746   1.0174024   
  335.8815308   0.6764262   
  331.3101196   0.8606133   
  337.3280945   -0.2228888  
  336.3406982   0.4655029   
  340.6817932   -0.608937   
  331.4864197   0.9731922   
  337.574707    -0.3929873  
  348.4145508   0.3636056   
  344.2719421   0.9953072   
  344.0393372   -0.8806238  
  334.2724609   0.2538759   
  335.7007751   -0.6603575  
  349.2160339   0.1885124   
  336.3095703   0.0425949   
  331.875       -0.30404    
  341.2799988   -0.4978891  
  344.2221375   -0.5049504  
  347.1877747   0.8145165   
  337.5119629   -0.2606202  
  336.0101318   0.0685813   
  336.6298828   -0.4764826  
  345.1866455   0.3191121   
  343.2138977   0.8987573   
  335.0117188   0.5016052   
  340.3329163   -0.3297252  
  344.914032    0.3572221   
  343.7852478   0.6604375   
  15.9931555    -1.0307163  
  4.5656519     0.6097767   
  359.7925415   0.6677697   
  356.949585    0.9500361   
  350.6939697   0.9442577   
  6.587925      -0.1553096  
  35.5435982    -0.0254905  
  351.0537415   0.7642693   
  15.0254631    -1.0628946  
  350.7924805   -0.0818638  
  1.0566366     -0.2316397  
  3.3257256     0.835046    
  6.9501562     1.002776    
  12.182725     0.7620611   
  21.1334152    -1.0017526  
  17.8786144    -1.0947032  
  14.3871431    0.9987305   
  352.5993958   0.5859327   
  350.3377075   0.9554695   
  13.6559849    -0.430278   
  33.1895485    0.9483045   
  5.5834031     1.0215818   
  26.8753433    0.556472    
  32.0461807    -1.0403792  
  12.190136     -0.4305532  
  356.6418457   -0.8695101  
  24.0888004    1.0411118   
  14.9342222    -1.0395228  
  353.7022095   0.298464    
  11.7060347    0.2384072   
  353.5813293   0.1054012   
  30.9013538    -0.696557   
  22.2355499    1.0428809   
  356.9793701   1.0508732   
  12.5218086    0.0411091   
  10.0111656    0.3114338   
  31.4705048    -0.9238485  
  10.6170053    0.0610755   
  13.7087202    -0.0442544  
  2.8030901     -0.7035935  
  30.8575611    -0.9845716  
  6.4675441     -0.1496191  
  349.5632935   0.0814724   
  13.7854853    0.5920563   
  21.3630886    -1.1687416  
  30.8835392    -0.960482   
  19.6963825    -1.0302742  
  27.687027     0.9778666   
  24.7143097    -1.1299988  
  30.6084175    -0.2406233  
  0.3228919     0.153676    
  21.1584396    -0.0705974  
  356.1247864   -0.0646651  
  0.1197571     -0.277789   
  23.6782684    0.8759809   
  350.7752075   -0.751871   
  18.2859898    -0.9924409  
  355.763916    0.7953993   
  27.4946365    0.8361125   
  12.30762      -0.1680592  
  353.584259    0.1681157   
  6.280128      -0.016826   
  19.5653572    -1.0242471  
  32.1573029    0.959084    
  20.9353466    -1.0302477  
  23.9644737    0.6714597   
  31.3043022    -1.0312066  
  12.1793985    0.3649241   
  19.8117657    -1.0927165  
  3.9491692     0.0783962   
  14.5546188    -1.1094843  
  12.5538511    -0.4724534  
  30.3252239    0.4918188   
  21.5557194    -0.4351047  
  5.3222337     -1.0511258  
  353.0428162   0.1790704   
  351.2302856   0.1861028   
  353.4350281   0.0018021   
  353.0250549   0.0331974   
  11.7928171    0.9887989   
  349.712677    0.691       
  12.3049841    0.6915691   
  34.4664307    -0.2306001  
  7.6316276     1.0456223   
  356.2735901   1.051931    
  0.6969433     0.7945439   
  334.393596114 0.6258303778
  15.5251267157 -1.207460611
  23.5641382193 -1.049314074
  24.9789355663 -1.107348164
  26.9139158911 -1.091991952
  15.7385430636 -0.751063753
  23.4115578195 -0.642068242
  16.3282468967 -0.323897166
  16.5498525688 -0.358390256
  22.8299494765 0.1364918504
  25.0306529012 0.1357262815
  14.5020968218 0.5336398107
  17.1929163854 0.6165436225
  16.1070385218 0.8442360864
  16.9407777072 0.9406573004
  21.4543168776 0.8807998849
  25.3869099434 1.0115470565
  14.675428939  -0.938710299
  26.2724333312 -0.865169364
  16.9076968052 -0.617700635
  18.819581944  -0.567030416
  24.2691962973 -0.183270941
  24.3942527086 -0.042581553
  16.2148049091 0.6996243056
  17.4740560864 0.6595599445
  24.9415450733 0.8368350983
  17.1732859711 1.1467429211
  20.5823769472 1.1647294115
  343.658328088 -0.649602101
  354.65233216  -0.827442567
  359.180825012 -0.766846101
  1.25684543454 -0.643029977
  28.8282583253 -0.682274826
  35.8136509115 -0.684788928
  338.613303778 -0.238896439
  354.143409339 -0.333593226
  359.572468497 -0.266748165
  5.59803013516 -0.224654474
  340.085705233 0.1132559484
  344.215003491 0.1000079175
  345.671553489 0.1428706284
  348.951632293 0.1233008604
  4.29986934449 0.1692080013
  31.9092767782 0.1648201400
  359.994263752 0.4309584233
  2.27387552697 0.6250380072
  8.92872872871 0.5285833825
  334.67299163  0.8878634506
  340.090316854 0.9247077637
  2.140099119   0.8709304633
  337.9196914   -0.866951909
  353.477470595 -0.986522761
  12.3695769276 -0.867725253
  28.9016431894 -1.001646630
  333.519101794 -0.496195002
  349.045671504 -0.594991283
  357.21161853  -0.574865694
  13.224281844  -0.541866815
  341.521433089 -0.090106400
  348.683709308 -0.052699538
  2.39964636084 -0.102781348
  28.6998789728 -0.164394336
  32.3551937228 -0.047175382
  331.830837666 0.2823831172
  332.13625752  0.2590118972
  350.757364254 0.2528004590
  352.278115667 0.2634177047
  3.32646427816 0.4150782099
  10.5846904346 0.3815986385
  336.716950437 0.7743749448
  336.777113769 0.7209450031
  337.559398853 0.7295994800
  1.14462461799 0.7908346749
  33.2240465617 0.7473464061
  1.29913888888 0.5849369444
  1.96930694444 0.6545430555
  3.97490388888 -0.371353055
  3.99604999999 -0.992051111
  4.04848888888 0.2827011111
  4.43854111111 0.2666388888
  8.61098694444 -0.157308055
  9.08200694444 0.0848361111
  10.90209      0.0938280555
  11.7896538888 -0.608248055
  11.9244219444 0.6615380555
  12.0324630555 0.0021188888
  12.6493288888 0.5820438888
  13.4899630555 0.9674849999
  14.2656869444 -0.428984999
  15.8199530555 1.2328249999
  16.0675238888 -0.024739999
  16.6627438888 -0.443503888
  16.9688511111 1.3936088888
  17.0848080555 -1.371876111
  17.2417830555 0.8540580555
  17.2777330555 0.4514188888
  17.4225480555 -1.257893055
  17.4914169444 1.1787230555
  17.6122630555 0.6466988888
  18.452795     -0.603189999
  19.9587711111 1.2539961111
  20.2595861111 -0.470009999
  20.2809219444 -1.330533888
  20.2843649999 0.0936188888
  20.4356169444 1.1730249999
  21.4678669444 0.9743561111
  21.7669599999 0.4593249999
  22.1517699999 0.6358499999
  22.6598361111 -0.683578888
  23.5575311111 -0.111586111
  23.7094938888 0.5936419444
  23.8614269444 0.5420788888
  24.2347849999 0.67346     
  24.2885911111 -0.687143055
  25.1880738888 -1.285253055
  25.2770138888 -1.338416111
  25.6476730555 1.3024249999
  25.7838819444 0.9202211111
  26.5002099999 -1.191203888
  27.4600661111 -1.134491944
  28.1669580555 0.8689288888
  28.3764288888 0.0955030555
  29.1782838888 0.8031138888
  29.2324049999 -0.035268055
  29.6953280555 -0.031865   
  30.7324049999 -0.489809999
  30.8208830555 -0.679626944
  32.1609380555 -0.960374999
  32.7361449999 0.0513480555
  33.0641819444 0.6688388888
  33.2657511111 0.6366311111
  33.5607411111 -0.947333888
  35.3126830555 -0.812603888
  35.4927561111 0.6833111111
  331.830536111 0.9081519444
  332.131713888 0.3889261111
  332.528015    0.5228011111
  333.503876111 0.0078719444
  333.895263888 -1.004193888
  334.273743055 0.6330699999
  334.473876944 -0.632386944
  334.617218055 0.2506238888
  334.691681111 -0.141725   
  334.899566944 0.6179288888
  335.640136944 0.1111088888
  336.039276111 -0.256643888
  336.900818055 0.0846419444
  337.447968055 0.0192538888
  337.478393888 -0.062474999
  338.485291111 -0.436866944
  338.541046111 -0.598563055
  338.659393055 -0.789061111
  338.851013055 0.0744488888
  339.823303055 0.6779219444
  340.222168055 0.4763069444
  340.437621944 -0.652893888
  340.476593055 0.0172788888
  340.782714999 0.4509480555
  341.926268888 -0.933208055
  342.892089999 -0.695576111
  342.894561944 -0.147353055
  343.512848055 -0.704703888
  343.519226111 -0.814248055
  343.873076944 -0.131691111
  344.261931944 -0.085009999
  344.485596111 0.1585661111
  344.562591944 -0.749953888
  344.715363055 -0.440361944
  345.244506944 0.8029888888
  345.418488055 -0.010386111
  346.960296944 -0.149773055
  347.410491944 0.4177269444
  348.196654999 -0.449384999
  348.262726111 0.9325761111
  348.665436111 -0.380011111
  349.375518888 0.3595811111
  350.296386944 0.2291599999
  350.386351944 -0.750608055
  350.476898055 -0.804834999
  351.593596944 -0.301431944
  351.752074999 0.0400749999
  352.083861944 0.1565580555
  352.606078888 -0.669798888
  353.187866111 0.0069219444
  353.786193888 0.4395530555
  354.188171111 0.5439980555
  354.440521111 0.1232311111
  354.670563055 0.5281888888
  355.020781944 0.9686411111
  355.608276111 0.2255430555
  356.676788055 -0.025076111
  357.555541944 -0.691856111
  359.232116944 -0.555456944
  359.938354999 0.2709738888
  21.1027130555 -0.712278888
  20.9831099999 -0.314851111
  22.4463038888 -0.321351944
  23.6231419444 -0.280196944
  22.6808719444 -0.126473888
  21.0157430555 0.7424361111
  25.4221949999 1.2016019444
  338.58786     -0.800151944
  347.137421111 -0.392341944
  343.837188888 0.0953349999
  347.652099999 0.0147938888
  337.031586111 0.5906430555
  353.733031944 0.5303661111
  6.79054888888 0.5056488888
  31.3509330555 0.4706338888
  334.281188888 -0.846798055
  342.886688055 -0.870538055
  348.812408055 -0.888571111
  7.35324999999 -0.987406111
  12.4640588888 -0.890956111
  12.5264588888 -0.888691111
  345.348784999 -0.629166944
  349.534363055 -0.534594999
  342.853973055 -0.122321111
  349.310088888 -0.081956944
  331.867218055 0.3448738888
  344.468963888 0.3751069444
  355.446959999 0.2644369444
  11.3986269444 0.2336119444
  337.833403888 0.7292180555
  340.629608055 0.8264030555
  32.8861011111 0.7296911111
  334.153411944 1.0671438888
  335.418907    0.9832587   
  335.385631    1.0016223   
  335.384037    -0.1454002  
  335.375349    -0.1385852  
  332.920893853 0.1885897763
  335.566802404 -0.068245476
  339.709140547 -0.450503988
  339.781495536 0.5062407844
  339.856273498 0.7271557979
  340.527146074 0.4232642664
  356.506444624 -0.648666317
  3.87439765762 -0.817865576
  17.1248732285 -1.004369606
  22.0867226555 -0.276964576
  22.2810622941 -0.479341410
