#      az(d)       el(d) polygon_ids
   3.466430   -0.989132 1643
 335.255371   -0.620650 2889
  22.206190    0.095527  191
 337.721588    0.170579 1302
  33.049603   -0.798615 2452
  29.374119    0.042730  813
  18.301590   -0.586913 1974
   7.966095   -0.976418 1685
  24.397787   -0.789834 2699
  13.720234   -0.229049 1800
   0.325568   -0.854086 1624
  10.578001    0.543628   86
 354.689392   -0.058844 3105
  34.239849   -0.549774 2461
 337.886902   -0.724488 2965
 359.144592   -0.751044 3145
  21.678799    0.044169  589
 354.664856   -0.406745 3105
   5.046818   -0.755198 1653
 337.515106    0.386656 1302
  34.459118   -0.508512 2465
 339.674255   -0.018121 2981
  30.637526    0.279399  822
  31.746122    0.501876  830
  26.583229   -0.774670 2547
 334.439880   -0.823729 2883
  29.765602   -0.504613 2429
 357.795074    0.039235 1477
  18.969149    0.100264  573
  17.510050    0.200057  291
   8.855388    0.667428   75
  26.298967   -0.724711 2553
 358.793640   -0.778190 3140
  24.551279   -0.396772 2519
  27.573786    0.484025  804
  34.893867   -0.052934 2465
 354.866486    0.166290 1454
  23.205761    0.440857  927
  13.501317   -0.605548 1731
   4.135158    0.239341   36
  26.314932    0.491972 1038
   0.397975   -0.701894 1624
  25.561468    0.390061  877
   8.659953    0.238155   68
  19.579451   -0.983513 1861
 348.041351   -0.949634 3049
 342.740631   -0.941821 3004
   2.697432   -0.000704 1641
 347.226562   -0.644271 3047
 343.490814   -0.691121 3014
   3.835612    0.454615   30
 332.656189    0.548737 1217
 344.932068    0.547365 1367
 346.172974    0.552007 1379
   6.108322    0.636627   51
   1.954867    0.688780   19
 334.992554    0.619201 1233
  14.264124    0.235623  151
  31.927864   -0.042758 2446
  34.680794    0.202709  847
  33.059437   -0.751045 2452
 345.237091   -0.859644 3032
 359.326508    0.730654 1491
 337.256988   -0.977320 2908
  33.196358    0.027409  839
  31.831896   -0.333300 2446
  15.254217    0.655149  552
   9.852259    0.417094   81
 332.237823   -0.097560 2869
 352.673248   -0.204846 3082
   3.553924   -0.350730 1646
 350.625702    0.208709 1410
 335.775879   -0.379553 2898
 334.937775    0.618923 1233
  33.338566   -0.372253 2453
  13.452704   -0.365895 1731
  20.083296    0.126558  480
  33.497643   -0.513260 2453
 334.472961   -0.548594 2883
 357.723114   -0.802844 3126
 350.970581   -0.661878 3066
 343.226379    0.615595 1354
 335.037506   -0.395458 2889
 341.247681    0.009293 1326
  23.466648   -0.286417 2564
   4.958576   -0.678008 1653
 343.580109   -0.031958 3024
 353.250916   -0.341815 3091
  29.897854    0.067015  816
  29.846172   -0.684701 2429
 339.681549    0.279992 1313
  11.821666   -0.014926 1719
 336.288300   -0.235228 2905
 347.467895   -0.527512 3047
   2.994980   -0.618178 1641
 357.388733    0.315792 1477
  35.664227   -0.968409 2469
 341.952972    0.200994 1333
   7.804347    0.172326   63
 347.261536   -0.109467 3047
  33.465027   -0.813932 2453
 346.598755   -0.769789 3040
   3.000763    0.147238   25
  13.506180    0.479934  116
  16.550921    0.322263  212
  16.566906    0.256664  212
   8.235154    0.347423   68
 351.345154   -0.410871 3069
 334.162262    0.676286 1229
 356.031677   -0.981320 3116
 341.126648    0.622096 1326
 359.638275    0.646803 1491
   9.659905   -0.124518 1707
  12.455087    0.437991  107
 344.943848    0.294885 1367
  16.255007    0.110075  205
  30.664757    0.276762  822
   2.159565   -0.865802 1637
 358.942261   -0.395264 3140
   6.073402    0.146171   45
  25.162676   -0.769939 2644
  35.596451   -0.327415 2470
 356.008667    0.067937 1460
 355.973480   -0.747420 3118
  16.123972   -0.616112 1760
   8.941086    0.384953   75
  23.985226   -0.275683 2524
 357.741150   -0.869421 3126
 355.291687   -0.699756 3113
 342.483673    0.038368 1340
 355.365753   -0.563810 3113
 337.330536   -0.316076 2952
 351.489441   -0.916206 3067
  27.550942    0.272996  803
  33.313435    0.216842  839
  10.726426    0.082683   86
 345.736023   -0.606145 3038
 350.374176   -0.412715 3066
  24.090229   -0.204098 2519
 345.845459   -0.672562 3038
 354.019958    0.443182 1447
 354.622101   -0.992749 3240
  33.066597    0.605918  839
  27.739675   -0.763186 2410
 350.505646    0.009827 1410
 345.844788   -0.243969 3038
   7.068569   -0.885113 1671
  10.476557   -0.498859 1710
 358.585846   -0.592793 3140
  19.002993   -0.016174 2175
  22.626036   -0.224424 2667
  21.965754   -0.521070 2166
   6.994726   -0.323264 2252
   8.609297    0.433895   68
 331.488586    0.202735 1204
 354.836548    0.430788 1454
 351.360443    0.404539 1423
 343.182526   -0.697058 3014
 354.875030    0.504801 1454
  16.351652   -0.424204 1760
  14.228700   -0.535462 2061
  34.746483    0.225323  847
   2.672071   -0.413917 1641
 355.939850   -0.349686 3118
  21.998285   -0.024265 2211
  11.401965   -0.005055 1716
  20.241945    0.034711  455
  17.253609    0.026989  293
  16.616736   -0.428355 1805
 345.688202    0.106512 1375
  14.392983   -0.304153 1773
  18.102306   -0.141077 2076
 333.982117   -0.653774 2878
  28.368742    0.163918  808
  23.551230   -0.501143 2829
   2.807341    0.342323   25
 355.246521    0.004985 1454
 339.743774   -0.973841 2980
 350.059662   -0.369727 3064
 339.473877    0.113368 1313
  23.289167    1.184220  872
 336.686615    0.838884 1253
  26.626131    0.899008 1048
  30.718508    0.852175 1122
   7.454639    0.761656   63
  33.482082    0.826042  841
   7.549089    0.797219   63
 344.101440    0.788950 1548
 339.206696    0.903759 1313
  27.564917    0.765475  804
 342.894989    0.791165 1348
 331.992279    0.813933 1210
  15.862077    0.927405  490
  34.459236    0.814939  847
   3.045074    0.886381   25
 346.215332    0.859763 1379
 332.579071   -0.266362 2869
  27.004705    0.363457  802
 344.585785   -0.379475 3028
 337.148712    0.851390 1256
 346.760956    0.680112 1384
 334.485413    0.595726 1233
 342.699554    0.270629 1348
 334.595703   -0.921506 2883
 334.273804   -0.218788 2883
 334.930512    0.688459 1233
 338.898315    0.600567 1309
 337.113251    0.561485 1253
  11.818089   -0.597285 1719
 348.594421   -0.837765 3055
 344.792816    0.851004 1367
 332.506134   -0.206317 2869
 347.916596   -0.082752 3051
 343.357697   -0.491746 3014
 347.501556   -0.724178 3210
  11.371558    0.098735   93
 338.234924   -0.003680 2971
  30.517292    0.641132  822
 333.428619    0.672489 1224
 343.611084    0.130682 1354
 348.300323   -0.282759 3055
 334.497711    0.515357 1233
 345.234100   -0.793734 3032
  17.094564    0.196660  293
 341.387177   -0.003634 3000
 344.785644   -0.697889 3028
  14.342959    0.279077  155
 335.211700    0.333101 1233
 334.042877    0.419978 1229
 339.244659   -0.220162 2972
 336.712646    0.983430 1253
 331.880096    0.671521 1210
 341.816711   -0.521043 3002
 333.463898    0.219915 1224
  12.872431   -0.612440 1724
 339.526977   -0.404293 2980
 337.827881    0.364365 1302
 341.150238    0.145961 1326
  13.214082    0.806940  111
 332.980286    0.686661 1223
 334.342804    0.277783 1229
 337.102844    0.479589 1253
 348.676148   -0.160335 3055
 337.388947   -0.310621 2952
 333.505188   -0.036699 2878
 349.777100   -0.817913 3063
 348.692932   -0.368597 3055
 343.920105    0.319369 1354
 344.535400    0.489052 1366
 334.402252    0.272932 1229
 332.764221   -0.752816 2869
 339.729187    0.167229 1313
 339.905182    0.677488 1317
 348.760498   -0.211054 3055
 346.704468    0.849989 1384
 343.278778    0.632978 1354
 332.565643   -0.777815 2869
 336.799133    0.728678 1253
 333.568237   -0.351551 2878
  35.495167   -0.181258 2470
 339.652649    0.125299 1313
 336.554138   -0.516342 2905
 346.626160   -0.454624 3040
  31.261715   -0.294187 2440
 338.011871    0.774925 1306
 342.971588    0.261825 1348
  28.185173   -0.372188 2416
 340.834198    0.487371 1326
 335.704651    0.084599 1243
 336.006622   -0.799802 2898
  12.273874   -0.514230 1719
 345.050690   -0.249733 3032
 343.720306    0.806301 1354
 336.892487    0.896546 1253
  14.247094    0.728583  307
 346.142639    0.582408 1379
 345.120697   -0.294349 3032
 338.203186   -0.484288 3161
 343.549866   -0.830437 3017
  11.340129   -0.782749 1716
 333.214569   -0.708525 2874
  33.480141   -0.904221 2453
 342.657776    0.911329 1348
 345.852936    0.219277 1377
 347.428803   -0.090739 3048
 332.715881   -0.889469 2869
  19.047621    0.009307  559
 339.453980   -0.260534 2980
 344.617950   -0.421063 3028
 347.082367    0.439371 1384
 342.276123    0.835710 1340
  35.579567   -0.188497 2470
 337.975159    0.061061 1302
  16.698452    0.474033  215
  34.781883   -0.071536 2465
 331.879852    0.803844 1210
  13.576201   -0.760669 1729
 338.236115   -0.212955 2971
 331.989502    0.338278 1210
 342.957275   -0.469925 3014
 335.778900    0.521832 1243
  11.083817    0.178949   93
 343.265655   -0.657306 3014
 332.027252    0.807825 1210
 346.278534   -0.582100 3040
 346.186035   -0.312141 3040
  12.274766   -0.526200 1719
 345.849029    0.270897 1377
 334.625336    0.001362 1229
 332.253235    0.399352 1210
 335.953644   -0.065166 2898
 332.867645   -0.589495 2869
  18.985851    0.021406  559
  32.679867   -0.305135 2452
 347.236694    0.282356 1384
 346.286682    0.717733 1379
 333.580902   -0.444845 2878
 347.733429   -0.329850 3051
 347.467743    0.003403 1389
 347.683014   -0.696646 3210
  17.845600   -0.043560 1820
 334.784027    0.865585 1233
 339.439178   -0.722123 2972
 346.798462   -0.286477 3040
 339.504089   -0.194178 2985
 345.724579   -0.762736 3036
 342.154633   -0.194403 3004
 341.585205    0.894689 1333
 348.324493   -0.289722 3055
 344.498596    0.279333 1548
 344.617401    0.388874 1367
 343.120758    0.365892 1348
 345.872894   -0.080344 3038
 338.223206   -0.188733 2971
 343.732483    0.531498 1354
 343.148895   -0.920371 3017
 347.822815   -0.631355 3051
 337.195740   -1.025523 2942
 347.977875    0.346089 1390
 338.088379   -0.716947 2965
 344.661713   -0.589811 3028
 332.590576   -0.133430 2869
  11.219827   -0.140617 1716
 343.928009    0.238521 1354
 357.089172    0.185976 1470
  25.751255    0.893979 1201
   5.591175   -0.748625 1659
   7.823759    0.284738   63
  10.796846   -0.142163 1710
  27.037510   -0.919121 2543
  13.106020    0.714194  111
  13.594514    0.271148  116
  33.129520    0.459985  839
   7.640109    0.660267   63
  15.615053    0.720590  402
  32.502667    0.839845  833
  16.072012   -0.377714 1759
  22.404280   -0.653311 2030
  18.416780    0.032777  424
   3.380288   -0.252619 1646
  18.388308   -0.005897 1886
  14.674589   -0.989159 2066
  17.664022   -0.391070 1817
 358.568848   -0.209316 3140
 351.470703    0.235257 1423
 354.123779   -0.530651 3097
 359.024933    0.881418 1488
   0.719701   -0.058607 1627
   0.920440    0.471772    8
   4.573915   -0.449725 1658
  16.364988   -0.492967 1760
 351.824799    0.096052 1423
  22.556780    0.048198 1070
   9.470285    0.024474   75
  21.972990    0.922836  234
   4.577945    0.452542   36
  33.573784    0.447389  841
  29.096905   -0.462733 2425
   6.823821   -0.973977 1671
  31.105570    0.160149  826
  23.770430   -0.667612 2600
   6.580660   -0.194138 2246
  19.663570    0.465361  477
  31.926557   -0.858758 2446
   9.993007   -0.230795 1707
  26.488468    0.053741  914
  26.764406   -0.324439 2491
  24.508747    0.618025  900
  12.994872    0.173540  111
  30.011637    0.425919  816
  28.867535   -0.811049 2422
  10.772963    0.498755   93
   2.085050   -0.965332 1637
  18.631702    0.336675  563
 349.235199   -0.378040 3062
  28.607445    0.885173  808
 358.526306   -0.352937 3140
  26.217535    0.800476 1048
   3.236795   -0.003853 1646
   4.845070   -0.827262 1653
  31.983431   -0.938342 2446
  15.735645    0.501284  183
  31.958603    0.068810  830
  18.156649    0.458914  421
  33.077663   -0.093741 2453
 352.380676   -0.343390 3082
  17.214043    0.880772  388
  30.545748   -0.373822 2435
   4.029804    0.590576   36
  22.260634   -0.294301 2200
 351.871063   -0.725951 3079
 357.339844   -0.987548 3126
  25.868034   -0.831333 2553
  23.955078    0.282474  939
  25.395639    0.106934  953
  34.623875   -0.838203 2465
   9.422316    0.029680   75
   4.310094   -0.518634 1652
   9.285267    0.482173   75
 351.315704    0.105288 1415
   0.402171    0.053835    0
  32.101128   -0.916300 2446
  31.907148   -0.525230 2446
   2.923934   -0.071932 1646
 357.925507    0.114896 1477
   5.429419   -0.506037 1665
   8.459228   -0.547311 1690
  33.138363   -0.353031 2453
   4.305836   -0.413512 1652
  21.979322   -0.617315 2166
   2.154163    0.856667   19
 354.043671   -0.970796 3097
   5.597872    0.267627   45
  34.024719   -0.701298 2461
  29.431620   -0.364847 2428
  11.524561    0.724391   99
  17.011681    0.685296  138
  33.000233    0.182080  839
  14.513097   -0.054695 1812
  15.406041   -0.043153 2158
  14.532101   -0.398697 2065
  18.079405    0.613281  421
   3.193279   -0.003576 1646
 354.440399    0.552714 1447
  10.239497   -0.881713 1703
 359.354523    0.664126 1491
  20.055845    0.719796  202
  33.144737   -0.871033 2452
   5.403053   -0.554038 1665
  11.837772    0.158968   99
  14.078915    0.064786  116
  12.810827    0.311490  111
 359.362335   -0.405259 3143
  11.794638    0.708447   99
 354.244080    0.318445 1447
   3.824789    0.159883   30
 358.084381    0.293281 1482
 350.465241   -0.202661 3066
 358.125671    0.097781 1482
  26.080423   -0.504108 2750
  24.331005   -0.812994 2699
   6.858478   -0.981600 1671
   1.650230   -0.553458 1635
 358.135437    0.495423 1482
   5.672374    0.240120   45
  27.479677   -0.563564 2585
  21.089579    0.366222  354
  31.897280    0.208126  830
   2.829885    0.876212   25
  22.406769   -0.201963 2083
   8.144273   -0.265864 1687
 355.108887    0.151258 1454
  10.308847   -0.198172 1710
 352.208496    0.683077 1429
 356.739227   -0.053935 3123
 351.806763    0.068463 1423
 343.299805    0.824661 1354
  34.342014    0.183912  847
   6.141229   -0.425938 1668
  17.426578    0.275170  291
   7.789854    0.108910   63
   3.732792   -0.386679 1652
   4.510694   -0.337198 1658
   9.393228    0.544305   81
 351.721039   -0.653274 3075
  29.925697   -0.318769 2429
  19.464012   -0.631209 1950
 354.798309    0.729454 1454
 355.511414    0.562696 1460
   8.075396    0.135366   63
  29.939383   -0.541229 2429
   5.646193   -0.812510 1659
  31.984392   -0.483599 2446
  11.869883    0.672306   99
 357.789734   -0.017118 3136
 356.829559   -0.963954 3121
 352.182953    0.781751 1429
  13.702466    0.714387  116
   9.748477    0.816494   81
   1.682124   -0.200106 1637
  32.761364   -0.152879 2452
   7.692129    0.020649   63
   0.594735   -0.262770 1627
   0.901997    0.319566    8
  18.198603   -0.327426 1887
  20.117308    0.694985  201
  32.283066   -0.890029 2446
 353.474304   -0.905283 3094
   4.712517   -0.666975 1658
   2.592269   -0.617015 1641
 331.567566    0.846237 1203
  19.045572   -0.726172 1930
  33.785229   -0.265200 2461
 356.051056   -0.948490 3116
   1.264530    0.563159   14
  27.889208    0.458006  804
  17.508297   -0.687173 2039
 352.118134   -0.957562 3077
  12.070535   -0.003975 1719
 355.988312    0.800767 1466
  19.346628   -0.402454 1939
  17.468191    0.114822  291
 352.705780   -0.065910 3082
  26.901793    0.598212  894
 356.994507   -0.425891 3246
  34.938320   -0.347411 2465
  29.479439    0.383536  814
  10.101631    0.751171   86
   6.321368   -0.181105 2246
 349.853302    0.478367 1403
  32.894775    0.102211  833
   3.954498    0.292211   30
  28.765654    0.314869  808
 358.137909   -0.257587 3136
  10.621534    0.230904   86
 353.964661    0.834726 1447
  31.736631    0.749677  830
 352.188477   -0.528900 3079
  15.718681   -0.977473 2099
   3.634735    0.438328   30
  31.001453    0.028388  826
 351.316498    0.780513 1423
  23.728640   -0.445678 2829
   6.607768   -0.808352 2246
   6.351243   -0.816181 1666
 358.656280   -0.126283 3140
   1.658320   -0.615639 1635
  28.720844    0.437219  808
  17.739672    0.329565  130
 354.422211   -0.334005 3105
   7.812736    0.892346   61
  11.117709   -0.113143 1716
 344.463776    0.771062 1550
  14.067046   -0.569355 2291
 353.774414   -0.668386 3097
 354.357697   -0.713474 3097
  10.641547   -0.891790 1708
  11.208078   -0.074422 1716
   2.171222    0.622284   19
 356.411163    0.655476 1466
  10.183466   -0.907511 1703
 358.079529   -0.003364 3136
 349.805298   -0.432730 3064
  30.018925    0.439940  816
  34.601952   -0.547149 2465
  24.024832    0.733426 1024
 356.727325   -0.736037 3123
   7.062001    0.872903   57
  32.857456    0.379206 1129
 354.068420   -0.657881 3097
  14.038164   -0.318197 2291
 356.145569    0.230070 1466
   7.757642   -0.833403 1679
  24.411341   -0.863964 2699
  23.699959    0.791104 1014
   6.611775    0.405265   51
  33.633758    0.661325  841
 353.596893   -0.749879 3094
  31.166962   -0.121050 2440
  28.811001    0.192941  808
  27.620893    0.891207  804
 356.450745    0.096773 1466
 350.085571    0.677905 1410
  18.215170   -0.953168 1980
   1.181278    0.395488    8
  13.363420   -0.114759 1731
  16.454493   -0.289521 1807
   6.689641   -0.635292 2246
  31.835131   -0.778447 2443
  24.539402   -0.906056 2699
   9.021931    0.271866   75
  12.496858    0.317540  107
   2.682815   -0.785639 1641
   1.638969   -0.248141 1637
   5.809868   -0.078252 1668
   4.267788   -0.921147 1647
   4.110567    0.609014   36
 349.945404   -0.337026 3064
   7.418607    0.938289   58
   6.916910    1.024378   53
  34.587883   -0.462750 2465
   0.828270    0.356771    8
   6.262271    0.694288   51
 350.786438   -0.799528 3066
  29.895040    0.291911  816
   4.230495   -0.115526 2240
 358.397613   -0.883459 3136
   9.700139    0.150442   81
  19.623789    0.033977  136
   7.053723   -0.166947 1681
  31.718178   -0.104925 2446
  19.744793    0.669390  202
  27.756207    0.496965  804
  12.895938    0.708700  111
   3.962127    0.606496   36
  15.951018   -0.300350 1759
 354.716003   -0.395168 3105
  24.458336    0.595799  920
 353.045624   -0.787863 3085
  30.437986   -0.054473 2435
  34.754025   -0.076232 2465
  33.575295   -0.593491 2453
   9.844582    0.445252   81
 337.946472   -0.378806 2965
   0.361072    0.005224    0
  27.405872   -0.572003 2585
   2.311347    0.405485   19
  18.278462    0.031011  411
  29.290003   -0.302935 2428
   2.986025   -0.094656 1646
 353.225464   -0.946711 3094
   6.226405    0.402578   51
  17.721613    0.098264  286
   6.366814   -0.563280 1668
  27.362875    0.485795  799
 356.855530   -0.721236 3121
   2.838026   -0.096185 1642
  10.598363   -0.071000 1710
  14.144759   -0.716180 2061
   8.612833   -0.362726 1690
  25.890337   -0.213719 2735
 357.080566    0.649922 1470
  23.746637    0.504844 1022
  21.921873    0.883896  238
   6.810909    0.761769   57
   8.326158    0.271435   68
  27.914629   -0.339733 2416
  24.287821   -0.269883 2519
  26.548710   -0.724698 2550
  18.466745    0.876104  365
   6.096689    0.432421   51
   6.954348    0.550056   57
  32.285347    0.855964  833
 352.037445   -0.465970 3079
  26.380823    0.517297 1038
  26.430523   -0.425659 2730
   4.659987    0.825428   40
 354.188446    0.766662 1447
   3.066033    0.390859   25
 344.819916   -0.678705 3028
  30.734608    0.876711 1122
 357.708923    0.867324 1477
 344.032776    0.540174 1548
 346.671204    0.282710 1384
 332.503082   -0.142118 2869
 346.441254    0.150371 1379
 341.800201    0.366299 1333
 332.329224   -0.104577 2869
 344.844574    0.235140 1367
 334.745453    0.119998 1233
 333.405701    0.671078 1224
 337.409119   -0.293965 2952
 342.497589    0.094498 1340
 342.205933   -0.603700 3002
 339.685089   -0.811913 2980
 346.018738    0.011286 1377
 346.430145    0.002327 1379
 332.931549    0.523738 1217
 334.931183   -0.748333 2883
 333.614563    0.143941 1224
 343.986359   -0.358632 3024
 342.478546   -0.423077 3004
 337.908142   -0.118673 2965
 341.618469    0.618367 1333
 331.474365    0.733405 1206
 333.713654    0.753749 1229
 345.908600   -0.807792 3035
 337.461334   -0.396703 2952
 334.508514   -0.962274 2883
 333.635376   -0.308418 2878
 337.107483    0.236078 1253
 346.538513   -0.541919 3040
 335.547546    0.233312 1243
 343.337158    0.351841 1354
 347.578583    0.859635 1389
 346.541351   -0.555650 3040
 333.478668    0.320108 1224
 344.342957    0.628958 1548
 333.034821   -0.273248 2874
 337.081604   -0.738139 2952
 346.149139   -0.843701 3035
 335.514893    0.662649 1243
 335.723938    0.355025 1243
 346.789276   -0.905521 3040
 334.172699   -0.012964 2883
 344.597229    0.220899 1365
 332.998535    0.789447 1224
 348.480652   -0.174849 3055
 342.924530   -0.405797 3014
 358.678284   -0.140990 3140
  24.146860   -0.390032 2519
  14.907104   -0.035324 1811
  15.301342   -0.371279 2292
  19.489868   -0.667680 1855
  19.778971    0.352744  461
 357.280243    0.266468 1470
 354.377869    0.327193 1447
  27.857630    0.392427  804
  27.396084   -0.733948 2585
   5.725051   -0.415842 1668
  23.115898    0.825175  980
   6.461154   -0.412961 2246
  34.772575   -0.669317 2465
  17.232136   -0.340683 1869
  23.058971    0.893175  980
 359.603027    0.270381 1491
  27.618065    0.764380  804
  11.223847    0.011639   93
   6.942067   -0.362369 2246
 358.932861    0.632272 1488
  11.495815    0.037763   97
  19.125931    0.874700  274
  34.515194    0.214263  847
  33.643852    0.740839  841
  16.199114   -0.928973 1789
   6.988789   -0.200898 1681
  16.980442   -0.499892 1879
  30.220915    0.132753  816
 356.581177    0.884387 1468
   5.996227   -0.184293 1668
  31.514252    0.893136  830
 356.980072    0.560581 1470
  30.249489   -0.866311 2429
  10.132781    0.701101   86
  29.806143   -0.714606 2428
  18.339760    0.090378  417
   8.701554    0.383401   72
 359.393036    0.582879 1491
  12.906711   -0.933620 1727
  31.752296   -0.571911 2440
 359.273132    0.372699 1488
  33.645538   -0.465860 2453
  16.648617    0.737577  492
 356.782501    0.636622 1470
 357.790710   -0.809663 3126
  18.535479   -0.870398 1894
  16.272688    0.328729  205
  34.307693    0.930310  847
  12.971203   -0.807827 1727
 354.426636    0.559910 1447
  18.597553   -0.175056 1886
  28.473522    0.335561  808
 353.800751   -0.176277 3097
  26.028023   -0.714216 2730
  33.541103    0.036754  839
  32.566406   -0.848186 2452
  30.212597    0.162746  816
  30.253160    0.345012  822
  27.404331    0.017321  799
  11.335275   -0.704829 1716
  31.416929   -0.580749 2440
   9.849736   -0.494303 1707
 332.797668    0.627532 1217
  22.343622    0.215460  189
  29.259321    0.084735  813
  13.244685    0.281907  111
  29.378014   -0.050714 2428
 357.989258    0.677610 1482
  16.442900   -0.432293 1807
  24.484367   -0.648244 2698
  12.083056    0.168316   99
   0.841267   -0.396320 1627
  27.235083   -0.829421 2599
  29.576010    0.087986  814
  13.285535    0.322479  111
 345.687012    0.749299 1377
   2.367978   -0.436949 1641
 346.405518   -0.824797 3040
  35.070328    0.121044  852
  32.914661   -0.102026 2452
 351.372894   -0.031391 3069
 358.121582    0.682318 1482
  10.554709    0.270800   86
   8.519974    0.289576   68
  14.820238    0.591273  280
  26.439049    0.623038 1038
  15.230850    0.353234  518
  19.055170   -0.329476 1946
  21.646006    0.151145  246
   5.554254   -0.755540 1659
  31.032196    0.053376  826
  22.927422   -0.752070 2609
  16.789043    0.079785  206
  35.259563   -0.340835 2470
  15.782091    0.381969  183
  32.126404   -0.497465 2446
  29.748489    0.674077  816
  25.322155   -0.429369 2503
  13.542853    0.316991  116
   7.316914   -0.554507 1681
  33.657906   -0.002977 2789
  33.909897    0.610530  841
 356.056122   -0.789084 3116
  35.671703   -0.296293 2470
 351.755005    0.360116 1423
 346.172943   -0.433017 3039
 356.800110   -0.227470 3123
  34.908619    0.863478  852
 355.618042   -0.108506 3118
  34.415726   -0.695922 2461
  14.812714   -0.968969 2066
   0.811685    0.132952    8
 359.493500    0.304445 1491
 339.369263    0.885702 1313
  26.662397    0.887990 1040
 358.194428   -0.957977 3136
   2.616072   -0.312527 1641
  17.237989    0.900701  388
 353.457519   -0.424172 3091
  25.940784    0.627297 1080
   0.137769   -0.942157 1624
   8.015528    0.540926   68
  27.551651   -0.856915 2585
  25.925867   -0.959007 2553
  24.670155    0.212279  883
  32.791588   -0.618395 2452
   6.153092   -0.104480 1668
  15.742382    0.091494  519
  29.764673   -0.819582 2428
  12.199800    0.805102  107
  18.973659   -0.207151 1944
  29.331469   -0.599126 2428
  19.384314    0.147301  559
  10.494656    0.171417   86
   3.474343   -0.153659 1646
 349.763733    0.671813 1403
  11.814676    0.518596   99
 350.053467    0.334303 1410
  26.704582    0.495923  893
  32.881313    0.820244  839
 359.207214    0.773538 1491
   2.168278    0.831808   19
  24.838291    0.016431 1160
  34.251591    0.090069  841
 349.967163   -0.812193 3064
  33.172375    0.471154  839
   9.610583    0.144778   81
  24.487551    0.392303  941
   7.976296   -0.406144 1687
  18.511751    0.408867  567
   9.481612    0.913872   81
  15.615701   -0.860986 2099
   0.796892   -0.961898 1630
  25.498549   -0.700968 2644
   6.137226   -1.001165 1666
  19.642670    0.922767  202
 350.298706   -0.041825 3066
   8.924829    0.917781   75
  15.126289    0.554214  552
  30.469544    0.487833  822
  31.580328   -0.909753 2440
  22.390350    0.656730  240
   6.705695    0.391682   57
  27.044813    0.898643  799
  22.610222   -0.303899 2667
  29.519114    0.296733  814
 352.824341   -0.654797 3082
   7.945546   -0.556413 1687
 349.168304   -0.155891 3062
  33.643387   -0.642529 2453
  12.287446    0.030440  107
  17.532017    0.879523  380
  22.366449   -0.938367 1962
   9.650244   -0.666324 1702
  21.353962    0.001119  135
  29.717024    0.223328  816
  14.686591    0.316727  159
  31.791738    0.633281  830
  23.821718   -0.907433 2620
  18.645008    0.326597  563
 353.859436   -0.513340 3097
  10.230216   -0.907410 1703
  28.493288    0.901226  808
  14.571951   -0.985997 2066
   4.418655    0.917052   36
 357.421753    0.214000 1477
  32.873253   -0.534035 2452
  16.718296    0.529197  211
 344.009308   -0.690474 3024
  25.351725    0.358242  933
  10.015117   -0.416921 1707
  33.206028   -0.958589 2453
   8.122432    0.829400   68
 350.059326   -0.615929 3064
  24.197256   -0.790844 2700
  22.923311   -1.057021 2602
 342.410828   -0.669081 3004
  16.967621   -1.151388 1748
 359.829712    0.174200 1491
  12.500384   -0.535458 1724
  17.012114   -1.162797 1748
 341.416412   -0.405471 2994
  21.023785   -0.735519 1903
  12.412984   -0.116502 1724
  21.752878   -0.766440 2389
 352.987030    0.535345 1435
 356.606964   -0.266785 3123
 334.726135   -0.016331 2926
 338.821716   -0.567008 2971
 338.537476    0.000470 1306
 359.260620   -0.806681 3146
  18.488020    0.639597  365
 354.916046    0.327231 1454
 345.334595    0.664851 1375
  32.162228   -0.488512 2446
  30.860290   -0.665010 2435
  15.061434   -1.190756 2096
   6.348093   -0.153236 2246
  27.703472    0.690605  804
 340.566498   -0.890630 2986
  10.661545   -0.707249 1710
   0.588001    0.363704    0
   9.308817   -0.934484 1701
  21.388104   -0.718412 1906
   9.078505   -0.774982 1688
 336.701355    0.015126 1245
  16.826971   -0.533385 1875
  35.648663    0.047966 1138
  34.283241   -0.605073 2461
  17.200369    0.935375  388
 345.130341    0.863175 1372
  13.820785    1.145747  313
 354.867798    0.985113 1454
 349.488586    0.879515 1403
 348.114533    0.875475 1390
 349.202820    0.831309 1403
 358.755707    0.911622 1488
  19.747225    1.186716  202
 346.840485    1.048823 1380
 347.422577   -0.616372 3047
 331.773438   -0.233561 2868
  30.785593    0.940590  826
 336.148163    0.252311 1249
 342.796661    0.995616 1345
 338.886963    0.938610 1309
 344.992828    0.775446 1367
 336.750977   -0.079495 2952
  21.440983   -0.973992 1906
 334.389160   -0.707167 2883
 338.759155    0.361629 1309
 340.149841    0.975901 1317
 341.146942   -0.491619 2994
 332.143890    0.996265 1210
  19.316477    0.440832  143
  11.065954   -0.717535 1708
 332.540863    0.157097 1210
 331.682678    0.425323 1260
 337.657715    1.015424 1302
 331.485901    0.838960 1203
 338.648224    0.336008 1309
  31.882021    1.063581  830
 340.246765    1.054545 1507
 342.422333    0.265727 1340
 338.543457   -0.554327 2971
 339.669922   -0.607790 2985
 347.581573    0.972923 1389
 339.050232   -0.168407 2972
  21.743584   -0.744724 2166
 340.957916   -0.608339 3172
 331.879974   -0.821708 2868
 338.568543    0.252806 1309
 348.592773    0.054348 1390
 349.398712    0.091948 1404
 338.074158    0.444448 1306
 349.271454   -0.033884 3062
 345.655548    0.402964 1375
  12.568438   -0.396560 1724
 337.999390    0.371775 1306
  18.507618   -1.090166 1973
  30.932114   -0.866547 2435
  24.936914   -0.701097 2647
   1.463826   -0.472424 1635
  35.579906   -0.508257 2470
  20.641220   -0.071420 2028
  21.139927   -0.059907 2122
   2.266781    0.923006   19
  21.310171   -0.061772 1756
   6.874347    0.096876   57
  11.904004   -0.467776 1719
 350.659973    0.840497 1415
  13.774501    1.018167  668
   5.229073   -0.854113 1659
 353.620300    0.181162 1441
 350.660370    0.848202 1415
   5.589895   -0.912960 1659
  14.160248   -0.310514 2291
 353.618652   -0.868831 3094
  13.092173    0.222101  111
  23.143351    0.133632  927
  17.723406   -0.776166 1980
  21.122814   -0.062409 2384
   8.346254    1.010385   68
  20.560377   -0.729997 1843
  25.022499   -1.059271 2657
 352.667786    0.397777 1435
 356.112427   -0.724855 3116
   2.038942    0.826541   19
  23.947067   -1.089030 2477
  27.297230   -0.988995 2599
  13.288912   -0.444886 1731
 350.676910    0.712452 1415
 357.634613    0.421452 1477
 355.485016    0.044400 1460
  20.603146    1.163723  148
 351.142975    0.267710 1415
  10.374148    0.987624   86
   1.237970   -0.094106 1635
 356.215088   -0.069759 3123
 356.268127   -0.709823 3116
  19.477213    1.097501  198
 352.759735   -0.414472 3082
 359.987762   -0.378832 3255
   0.766056    0.579586    8
   9.556627    0.958844   81
  21.248386   -0.266882 2122
 356.245483   -0.085603 3123
   5.707103    0.213862   45
 352.292175    0.227215 1429
   4.995631    0.911856   40
  22.547859    1.117249  892
 350.754822    0.160777 1415
  26.219528   -1.178965 2559
  35.402920    0.588213  852
  34.218273   -0.234459 2461
  10.147595   -1.018217 1705
 349.357239    0.614884 1403
   9.500755   -0.985218 2266
   1.496255   -0.587194 1635
  10.533158    0.138380   86
 351.145355    0.059727 1415
   1.303109   -0.935895 1635
   1.197451   -0.694836 1635
  30.720095   -0.276241 2435
  33.672470    0.943215  841
 349.492645   -0.029204 3064
   0.818309   -0.125679 1627
  30.050775   -0.355358 2429
  24.094015   -0.800909 2720
   0.676279    0.892532    8
 353.160461    0.631339 1593
 353.616577    0.002295 1441
  10.962761    0.979516   93
   3.304597    0.752097   30
 336.678925    0.759901 1253
  13.266635   -0.425710 1731
   9.023530    1.062492   71
   9.389925   -0.654724 1702
   8.637447   -0.763794 1690
  30.135096   -0.430958 2429
 354.467316   -0.514920 3105
 349.254211    0.534904 1403
 352.295349   -0.174473 3082
 359.838165    0.816341 1496
  19.631084    1.028139  202
 334.150452    0.766471 1229
  34.748512    0.407726  847
 357.569092    1.047771 1472
 356.500855   -0.044114 3123
   8.987893   -0.289533 2267
  12.194910    0.936211  107
 352.472290   -0.006112 3082
 359.787262   -0.226564 3255
  30.416599   -0.170269 2435
  28.727652    0.264759  808
  28.488747    0.523851  808
  32.080757   -0.377813 2446
   1.994955    0.761019   19
   8.769367   -0.852822 1688
 353.729736   -0.495842 3097
 352.954407   -0.151530 3091
  29.019747   -0.718440 2422
  24.525570   -1.196717 2472
 349.655792    0.103328 1403
   7.574537   -0.426567 1681
  24.603464   -0.549454 2698
 332.664062   -0.484060 2869
 334.102478   -0.362345 2878
 341.354279   -0.531413 2994
  32.729378   -1.033410 2452
 345.106018    0.126152 1367
  30.206007    0.389802 1118
  30.108984   -0.891783 2429
 355.450928   -0.946893 3111
   5.648505    0.991162   45
  24.641310    0.969506  897
  20.622696    0.956852  148
  25.278162    1.125081 1201
  15.421562    0.985624  408
 359.490845    0.991589 1493
 331.860565   -0.779004 2868
 332.712769    1.015126 1261
 338.245819    0.332888 1306
 344.591797   -0.354133 3028
 341.244324   -0.910677 2992
 338.849640    0.967146 1309
 333.500458    0.550629 1224
 344.147675    1.017402 1356
 335.881531    0.676426 1249
 331.310120    0.860613 1257
 337.328095   -0.222889 2952
 336.340698    0.465503 1249
 340.681793   -0.608937 2986
 331.486420    0.973192 1203
 337.574707   -0.392987 2965
 348.414551    0.363606 1390
 344.271942    0.995307 1359
 344.039337   -0.880624 3024
 334.272461    0.253876 1229
 335.700775   -0.660357 2898
 349.216034    0.188512 1398
 336.309570    0.042595 1249
 331.875000   -0.304040 2868
 341.279999   -0.497889 2994
 344.222137   -0.504950 3024
 347.187775    0.814517 1389
 337.511963   -0.260620 2965
 336.010132    0.068581 1247
 336.629883   -0.476483 2905
 345.186645    0.319112 1367
 343.213898    0.898757 1349
 335.011719    0.501605 1233
 340.332916   -0.329725 2986
 344.914032    0.357222 1367
 343.785248    0.660437 1354
  15.993156   -1.030716 1829
   4.565652    0.609777   39
 359.792542    0.667770 1491
 356.949585    0.950036 1470
 350.693970    0.944258 1412
   6.587925   -0.155310 2246
  35.543598   -0.025491 2470
 351.053741    0.764269 1415
  15.025463   -1.062895 2096
 350.792481   -0.081864 3070
   1.056637   -0.231640 1635
   3.325726    0.835046   30
   6.950156    1.002776   57
  12.182725    0.762061  107
  21.133415   -1.001753 1906
  17.878614   -1.094703 1980
  14.387143    0.998730  307
 352.599396    0.585933 1435
 350.337707    0.955470 1410
  13.655985   -0.430278 1731
  33.189549    0.948305  839
   5.583403    1.021582   44
  26.875343    0.556472  893
  32.046181   -1.040379 2444
  12.190136   -0.430553 1719
 356.641846   -0.869510 3121
  24.088800    1.041112 1014
  14.934222   -1.039523 2066
 353.702209    0.298464 1441
  11.706035    0.238407   99
 353.581329    0.105401 1441
  30.901354   -0.696557 2435
  22.235550    1.042881  234
 356.979370    1.050873 1606
  12.521809    0.041109  107
  10.011166    0.311434   81
  31.470505   -0.923848 2440
  10.617005    0.061076   86
  13.708720   -0.044254 1800
   2.803090   -0.703594 1641
  30.857561   -0.984572 2435
   6.467544   -0.149619 2246
 349.563293    0.081472 1403
  13.785485    0.592056  116
  21.363089   -1.168742 1784
  30.883539   -0.960482 2435
  19.696382   -1.030274 1861
  27.687027    0.977867  804
  24.714310   -1.129999 2472
  30.608417   -0.240623 2435
   0.322892    0.153676    0
  21.158440   -0.070597 2122
 356.124786   -0.064665 3122
   0.119757   -0.277789 1624
  23.678268    0.875981 1014
 350.775207   -0.751871 3066
  18.285990   -0.992441 1979
 355.763916    0.795399 1464
  27.494636    0.836113  804
  12.307620   -0.168059 1724
 353.584259    0.168116 1441
   6.280128   -0.016826 2246
  19.565357   -1.024247 1861
  32.157303    0.959084  833
  20.935347   -1.030248 1910
  23.964474    0.671460 1024
  31.304302   -1.031207 2440
  12.179398    0.364924  107
  19.811766   -1.092716 1852
   3.949169    0.078396   30
  14.554619   -1.109484 2066
  12.553851   -0.472453 1724
  30.325224    0.491819  822
  21.555719   -0.435105 2223
   5.322234   -1.051126 2243
 353.042816    0.179070 1435
 351.230286    0.186103 1415
 353.435028    0.001802 1591
 353.025055    0.033197 1435
  11.792817    0.988799   99
 349.712677    0.691000 1403
  12.304984    0.691569  107
  34.466431   -0.230600 2465
   7.631628    1.045622   58
 356.273590    1.051931 1463
   0.696943    0.794544    8
 334.393596    0.625830 1225
  15.525127   -1.207461 1829
  23.564138   -1.049314 2620
  24.978936   -1.107348 2721
  26.913916   -1.091992 2598
  15.738543   -0.751064 2103
  23.411558   -0.642068 2619
  16.328247   -0.323897 1760
  16.549853   -0.358390 1807
  22.829949    0.136492 1070
  25.030653    0.135726  883
  14.502097    0.533640  307
  17.192916    0.616544  384
  16.107039    0.844236  490
  16.940778    0.940657  121
  21.454317    0.880800  175
  25.386910    1.011547 1201
  14.675429   -0.938710 2066
  26.272433   -0.865169 2553
  16.907697   -0.617701 1879
  18.819582   -0.567030 1889
  24.269196   -0.183271 2519
  24.394253   -0.042582 2519
  16.214805    0.699624  499
  17.474056    0.659560  384
  24.941545    0.836835  897
  17.173286    1.146743  388
  20.582377    1.164729  148
 343.658328   -0.649602 3021
 354.652332   -0.827443 3240
 359.180825   -0.766846 3143
   1.256845   -0.643030 1635
  28.828258   -0.682275 2422
  35.813651   -0.684789 2468
 338.613304   -0.238896 2971
 354.143409   -0.333593 3097
 359.572468   -0.266748 3151
   5.598030   -0.224654 1670
 340.085705    0.113256 1317
 344.215003    0.100008 1548
 345.671553    0.142871 1375
 348.951632    0.123301 1398
   4.299869    0.169208   36
  31.909277    0.164820  830
 359.994264    0.430958 1496
   2.273876    0.625038   19
   8.928729    0.528583   75
 334.672992    0.887863 1233
 340.090317    0.924708 1317
   2.140099    0.870930   19
 337.919691   -0.866952 2962
 353.477471   -0.986523 3088
  12.369577   -0.867725 1717
  28.901643   -1.001647 2420
 333.519102   -0.496195 2874
 349.045672   -0.594991 3219
 357.211619   -0.574866 3128
  13.224282   -0.541867 1731
 341.521433   -0.090106 3002
 348.683709   -0.052700 3055
   2.399646   -0.102781 1641
  28.699879   -0.164394 2422
  32.355194   -0.047175 2452
 331.830838    0.282383 1260
 332.136258    0.259012 1210
 350.757364    0.252800 1415
 352.278116    0.263418 1429
   3.326464    0.415078   27
  10.584690    0.381599   86
 336.716950    0.774375 1253
 336.777114    0.720945 1253
 337.559399    0.729599 1302
   1.144625    0.790835   12
  33.224047    0.747346  839
   1.299139    0.584937   14
   1.969307    0.654543   19
   3.974904   -0.371353 1652
   3.996050   -0.992051 1647
   4.048489    0.282701   33
   4.438541    0.266639   36
   8.610987   -0.157308 1690
   9.082007    0.084836   75
  10.902090    0.093828   93
  11.789654   -0.608248 1721
  11.924422    0.661538   99
  12.032463    0.002119   99
  12.649329    0.582044  111
  13.489963    0.967485  115
  14.265687   -0.428985 1746
  15.819953    1.232825  126
  16.067524   -0.024740 1797
  16.662744   -0.443504 1805
  16.968851    1.393609  118
  17.084808   -1.371876 2358
  17.241783    0.854058  388
  17.277733    0.451419  382
  17.422548   -1.257893 2358
  17.491417    1.178723  371
  17.612263    0.646699  373
  18.452795   -0.603190 1894
  19.958771    1.253996  203
  20.259586   -0.470010 2005
  20.280922   -1.330534 1799
  20.284365    0.093619  455
  20.435617    1.173025  148
  21.467867    0.974356  175
  21.766960    0.459325  246
  22.151770    0.635850  234
  22.659836   -0.683579 2665
  23.557531   -0.111586 2564
  23.709494    0.593642 1025
  23.861427    0.542079 1022
  24.234785    0.673460 1022
  24.288591   -0.687143 2698
  25.188074   -1.285253 2635
  25.277014   -1.338416 2800
  25.647673    1.302425 1201
  25.783882    0.920221 1201
  26.500210   -1.191204 2559
  27.460066   -1.134492 2537
  28.166958    0.868929  808
  28.376429    0.095503  808
  29.178284    0.803114  813
  29.232405   -0.035268 2428
  29.695328   -0.031865 2429
  30.732405   -0.489810 2435
  30.820883   -0.679627 2435
  32.160938   -0.960375 2446
  32.736145    0.051348  833
  33.064182    0.668839  839
  33.265751    0.636631  839
  33.560741   -0.947334 2453
  35.312683   -0.812604 2470
  35.492756    0.683311  848
 331.830536    0.908152 1208
 332.131714    0.388926 1210
 332.528015    0.522801 1217
 333.503876    0.007872 1224
 333.895264   -1.004194 2878
 334.273743    0.633070 1229
 334.473877   -0.632387 2883
 334.617218    0.250624 1233
 334.691681   -0.141725 2883
 334.899567    0.617929 1233
 335.640137    0.111109 1243
 336.039276   -0.256644 2898
 336.900818    0.084642 1253
 337.447968    0.019254 1256
 337.478394   -0.062475 2956
 338.485291   -0.436867 2971
 338.541046   -0.598563 2971
 338.659393   -0.789061 2968
 338.851013    0.074449 1309
 339.823303    0.677922 1320
 340.222168    0.476307 1317
 340.437622   -0.652894 2986
 340.476593    0.017279 1317
 340.782715    0.450948 1326
 341.926269   -0.933208 2998
 342.892090   -0.695576 3004
 342.894562   -0.147353 3014
 343.512848   -0.704704 3017
 343.519226   -0.814248 3017
 343.873077   -0.131691 3024
 344.261932   -0.085010 3028
 344.485596    0.158566 1548
 344.562592   -0.749954 3028
 344.715363   -0.440362 3028
 345.244507    0.802989 1375
 345.418488   -0.010386 3201
 346.960297   -0.149773 3047
 347.410492    0.417727 1389
 348.196655   -0.449385 3051
 348.262726    0.932576 1390
 348.665436   -0.380011 3055
 349.375519    0.359581 1403
 350.296387    0.229160 1410
 350.386352   -0.750608 3066
 350.476898   -0.804835 3066
 351.593597   -0.301432 3079
 351.752075    0.040075 1423
 352.083862    0.156558 1429
 352.606079   -0.669799 3082
 353.187866    0.006922 1435
 353.786194    0.439553 1441
 354.188171    0.543998 1447
 354.440521    0.123231 1447
 354.670563    0.528189 1454
 355.020782    0.968641 1449
 355.608276    0.225543 1460
 356.676788   -0.025076 3123
 357.555542   -0.691856 3126
 359.232117   -0.555457 3143
 359.938355    0.270974 1491
  21.102713   -0.712279 1903
  20.983110   -0.314851 2122
  22.446304   -0.321352 2083
  23.623142   -0.280197 2564
  22.680872   -0.126474 2667
  21.015743    0.742436  165
  25.422195    1.201602 1201
 338.587860   -0.800152 2971
 347.137421   -0.392342 3047
 343.837189    0.095335 1354
 347.652100    0.014794 1389
 337.031586    0.590643 1253
 353.733032    0.530366 1441
   6.790549    0.505649   57
  31.350933    0.470634  826
 334.281189   -0.846798 2878
 342.886688   -0.870538 3004
 348.812408   -0.888571 3055
   7.353250   -0.987406 1679
  12.464059   -0.890956 1717
  12.526459   -0.888691 1723
 345.348785   -0.629167 3032
 349.534363   -0.534595 3062
 342.853973   -0.122321 3014
 349.310089   -0.081957 3062
 331.867218    0.344874 1210
 344.468964    0.375107 1548
 355.446960    0.264437 1460
  11.398627    0.233612   93
 337.833404    0.729218 1306
 340.629608    0.826403 1326
  32.886101    0.729691  839
 334.153412    1.067144 1226
 335.418907    0.983259 1243
 335.385631    1.001622 1243
 335.384037   -0.145400 2889
 335.375349   -0.138585 2889
 332.920894    0.188590 1217
 335.566802   -0.068245 2898
 339.709141   -0.450504 3166
 339.781496    0.506241 1320
 339.856273    0.727156 1317
 340.527146    0.423264 1317
 356.506445   -0.648666 3123
   3.874398   -0.817866 1652
  17.124873   -1.004370 2040
  22.086723   -0.276965 2393
  22.281062   -0.479341 2166
