#Theta DD DR RR XI factor=97.7086570477 jknum= 20
0.050323978983 0 7 418 -2.25806280219
0.0763011640511 0 8 986 -0.578522458783
0.115687744753 0 23 2356 -0.899285458419
0.175405637024 0 48 5126 -0.821798452236
0.265949842531 2 145 12070 0.230757630867
0.403232871773 2 334 27194 -0.693581384899
0.611381256445 12 685 61942 0.681698247404
0.926975618552 14 1446 140656 -0.0582242113415
1.40547945874 48 3257 316722 0.433418473168
2.13098647839 100 7495 718014 0.287056758548
3.23099945918 198 16917 1625298 0.127769002282
4.89883798472 464 37733 3689458 0.200324751502
7.42761300449 898 85139 8336990 0.0324412249728
11.2617390321 2006 190357 18722246 0.0357826340393
17.0750368861 4108 420547 41615584 -0.0319652118309
25.8891529834 9326 914205 90768412 0.012740008538
39.2531065478 19728 1935122 191695722 0.00987201555182
59.5155188986 39096 3823878 378518892 0.011958080019
90.2373672122 69280 6742122 660639012 0.0068358299225
136.817801341 96818 9306761 909983636 0.0170186901572
207.443006619 128210 12398229 1223760074 0.0203164203291
STEP_DONE 
0.050323978983 0 7 430 -2.18826199829
0.0763011640511 0 7 984 -0.393244572422
0.115687744753 0 21 2382 -0.726640628795
0.175405637024 0 47 5184 -0.775649663398
0.265949842531 2 141 12166 0.306574230421
0.403232871773 2 334 27464 -0.683488975837
0.611381256445 10 681 62660 0.401840401436
0.926975618552 14 1419 141612 -0.0144683325102
1.40547945874 52 3298 319256 0.53871273859
2.13098647839 100 7519 723020 0.289556687497
3.23099945918 196 16967 1638106 0.118810259084
4.89883798472 454 37858 3718626 0.176862088592
7.42761300449 914 85242 8399356 0.0558777673176
11.2617390321 2022 190068 18857916 0.0542306577673
17.0750368861 4092 420217 41918712 -0.0272278462015
25.8891529834 9138 913610 91435398 0.0014430644294
39.2531065478 19500 1933687 193049444 0.00688059771845
59.5155188986 38898 3822203 381122886 0.0145602215812
90.2373672122 68700 6722594 664863140 0.0105712032461
136.817801341 95478 9268988 915213496 0.0168812516319
207.443006619 127414 12411682 1233798240 0.0200860491002
STEP_DONE 
0.050323978983 0 7 418 -2.26904437652
0.0763011640511 0 7 968 -0.411632798953
0.115687744753 0 22 2388 -0.798404647434
0.175405637024 0 48 5206 -0.799849250056
0.265949842531 2 146 12130 0.221166167609
0.403232871773 2 336 27312 -0.703899306907
0.611381256445 12 671 62402 0.73292918353
0.926975618552 14 1423 140972 -0.0243839154099
1.40547945874 52 3231 317866 0.574236543515
2.13098647839 96 7494 719766 0.238169607305
3.23099945918 196 16904 1630090 0.121157368557
4.89883798472 466 37753 3701748 0.208397065502
7.42761300449 904 85211 8358782 0.0403058692588
11.2617390321 2010 190389 18774076 0.0403200080068
17.0750368861 4138 420840 41728260 -0.0240187307592
25.8891529834 9286 914064 90981384 0.011125701203
39.2531065478 19542 1929393 192038908 0.00819420185468
59.5155188986 38774 3808374 379130762 0.0134195607531
90.2373672122 68486 6694709 661936554 0.0113462040801
136.817801341 94856 9221071 910990658 0.0160412293672
207.443006619 126416 12329118 1227350814 0.0203002574429
STEP_DONE 
0.050323978983 0 7 428 -2.20667806442
0.0763011640511 0 7 994 -0.380742667578
0.115687744753 0 22 2364 -0.824636249371
0.175405637024 0 45 5194 -0.698680332272
0.265949842531 2 143 12168 0.275433223095
0.403232871773 2 334 27450 -0.685429186573
0.611381256445 10 681 62560 0.401911491243
0.926975618552 14 1435 141552 -0.0371320003049
1.40547945874 50 3252 319824 0.508842143355
2.13098647839 102 7537 723556 0.31244723621
3.23099945918 192 16918 1637484 0.101160345059
4.89883798472 460 37797 3717988 0.195829902939
7.42761300449 884 85249 8396790 0.02120018203
11.2617390321 1994 190023 18857396 0.0404943977128
17.0750368861 4106 419829 41914978 -0.0223934095458
25.8891529834 9124 911004 91435836 0.00552140915649
39.2531065478 19400 1925479 193045590 0.0101931233313
59.5155188986 38524 3803510 380885818 0.0141264174836
90.2373672122 68416 6710239 663779592 0.00849638529271
136.817801341 95304 9230827 910714166 0.0184239198588
207.443006619 125838 12276563 1222805076 0.0205679975077
STEP_DONE 
0.050323978983 0 6 430 -1.71368029032
0.0763011640511 0 8 986 -0.577934448735
0.115687744753 0 19 2374 -0.556498734341
0.175405637024 0 45 5114 -0.711306010226
0.265949842531 0 140 12058 -1.25802445786
0.403232871773 2 341 27242 -0.740199194497
0.611381256445 12 668 62080 0.735099567212
0.926975618552 14 1430 140250 -0.0390572726099
1.40547945874 50 3273 316536 0.482676563373
2.13098647839 106 7457 717020 0.375274476428
3.23099945918 190 16884 1623010 0.0837811805005
4.89883798472 460 37691 3684294 0.19100956065
7.42761300449 908 85013 8322154 0.0450037239725
11.2617390321 2012 189711 18676304 0.0431570309172
17.0750368861 4120 418948 41481268 -0.0250378613464
25.8891529834 9222 909413 90419220 0.00836415020822
39.2531065478 19460 1922167 190746362 0.00487364348575
59.5155188986 38612 3787097 375605910 0.0111595117099
90.2373672122 68244 6623740 651463840 0.0131520077555
136.817801341 93716 9030936 887085210 0.0190415419452
207.443006619 125406 12116430 1193501482 0.0191783500398
STEP_DONE 
0.050323978983 0 5 428 -1.27747068174
0.0763011640511 0 8 976 -0.597963035709
0.115687744753 0 23 2384 -0.880823942198
0.175405637024 0 47 5110 -0.793095899561
0.265949842531 2 136 12148 0.38176153339
0.403232871773 2 343 27328 -0.751511980246
0.611381256445 12 677 62028 0.710390336708
0.926975618552 12 1433 140604 -0.175978172059
1.40547945874 52 3275 317166 0.544758756554
2.13098647839 102 7502 718070 0.312920816838
3.23099945918 182 16850 1625372 0.0428924522749
4.89883798472 464 37560 3687734 0.20990172255
7.42761300449 902 84871 8332114 0.0428172144547
11.2617390321 2010 189392 18698566 0.0467613582503
17.0750368861 4116 418432 41530586 -0.0225158392048
25.8891529834 9190 907450 90486142 0.00990636918878
39.2531065478 19398 1917133 190740656 0.00683243334785
59.5155188986 38676 3784029 375128336 0.0130810303569
90.2373672122 68434 6629589 648973014 0.0104038827359
136.817801341 93992 9018571 879583986 0.0164476401849
207.443006619 125796 12131044 1192234698 0.0188913420732
STEP_DONE 
0.050323978983 0 7 410 -2.2984846973
0.0763011640511 0 7 982 -0.377167745307
0.115687744753 0 22 2372 -0.791877377114
0.175405637024 0 47 5106 -0.77835040336
0.265949842531 2 141 12024 0.28657363278
0.403232871773 2 331 27170 -0.666752344474
0.611381256445 12 675 61514 0.700348676191
0.926975618552 10 1432 139574 -0.313607002229
1.40547945874 46 3257 315060 0.365186802009
2.13098647839 104 7494 713432 0.330887432989
3.23099945918 192 16883 1615982 0.0902490638361
4.89883798472 452 37752 3664162 0.16056133871
7.42761300449 908 85053 8276144 0.0382971585008
11.2617390321 1996 189715 18571528 0.0293123079303
17.0750368861 4164 419735 41247368 -0.0239715898382
25.8891529834 9332 911125 89883338 0.0104150035124
39.2531065478 19646 1925430 189470666 0.00425132704379
59.5155188986 39064 3792987 372535796 0.0114319927094
90.2373672122 69128 6650681 644301898 0.00692583141772
136.817801341 95042 9040376 872000244 0.0140932288398
207.443006619 125526 11974026 1162785682 0.0178509235801
STEP_DONE 
0.050323978983 0 7 432 -2.13234355045
0.0763011640511 0 8 992 -0.558954393771
0.115687744753 0 23 2366 -0.879179176261
0.175405637024 0 47 5100 -0.781487491548
0.265949842531 2 144 12042 0.239973015571
0.403232871773 2 341 27120 -0.74168078457
0.611381256445 10 678 61780 0.390705887833
0.926975618552 14 1441 139936 -0.0559762601174
1.40547945874 52 3249 315458 0.549005737946
2.13098647839 106 7506 713588 0.354372721072
3.23099945918 192 16919 1615664 0.0858798412884
4.89883798472 472 37779 3667136 0.210953025469
7.42761300449 904 85217 8281432 0.0306074303515
11.2617390321 2040 190095 18589466 0.0484290190398
17.0750368861 4164 420311 41275768 -0.0260124163251
25.8891529834 9322 912374 89933956 0.00723664636118
39.2531065478 19632 1926299 189554034 0.00309684429807
59.5155188986 39144 3798467 372919012 0.0116057323784
90.2373672122 69130 6657276 645466412 0.00677637767326
136.817801341 95386 9074707 876663278 0.0154514971161
207.443006619 127352 12153677 1177446044 0.0150879554671
STEP_DONE 
0.050323978983 0 7 418 -2.23238040375
0.0763011640511 0 7 970 -0.39292268945
0.115687744753 0 21 2374 -0.70741576508
0.175405637024 0 47 5146 -0.762904486482
0.265949842531 2 144 12040 0.238658243136
0.403232871773 2 338 26880 -0.734088408637
0.611381256445 12 674 61670 0.702843132931
0.926975618552 14 1431 139254 -0.0471012800737
1.40547945874 52 3271 314694 0.532776917153
2.13098647839 108 7521 712326 0.37419939962
3.23099945918 186 16929 1612778 0.048102832506
4.89883798472 456 37793 3661148 0.167599024611
7.42761300449 910 85123 8271330 0.0382998266472
11.2617390321 2028 190135 18571628 0.0409723670505
17.0750368861 4180 420104 41251424 -0.0219087069424
25.8891529834 9314 912092 89900706 0.00668505343103
39.2531065478 19688 1927396 189647576 0.00526870621425
59.5155188986 39130 3804508 373590240 0.00992529455275
90.2373672122 69396 6682697 649503882 0.00920169834954
136.817801341 95754 9151275 887753764 0.0149192278444
207.443006619 127140 12171691 1186381474 0.0178749123083
STEP_DONE 
0.050323978983 0 7 428 -2.1985339502
0.0763011640511 0 8 984 -0.589979710434
0.115687744753 0 22 2378 -0.809287256701
0.175405637024 0 46 5200 -0.730020231084
0.265949842531 2 145 12098 0.2367363407
0.403232871773 2 343 27436 -0.747934451747
0.611381256445 12 676 62404 0.720151165776
0.926975618552 12 1445 141050 -0.190039684663
1.40547945874 48 3274 319032 0.431629980371
2.13098647839 102 7515 722006 0.315240798848
3.23099945918 190 16905 1633668 0.0883381170527
4.89883798472 464 37792 3709730 0.203641270861
7.42761300449 894 85185 8382020 0.0322986749451
11.2617390321 2018 190151 18819654 0.0492958998521
17.0750368861 4160 420477 41816636 -0.0152687274758
25.8891529834 9240 912601 91193164 0.0117094587555
39.2531065478 19492 1930002 192478682 0.00731991122476
59.5155188986 38732 3810632 379718460 0.0127067029706
90.2373672122 68734 6714439 661974330 0.00915373952285
136.817801341 95898 9257974 910124674 0.0181404642678
207.443006619 128574 12482970 1236988552 0.0202964017162
STEP_DONE 
0.050323978983 0 7 432 -2.17730859147
0.0763011640511 0 8 998 -0.571826294319
0.115687744753 0 22 2368 -0.821738709779
0.175405637024 0 49 5168 -0.8591681851
0.265949842531 2 147 12194 0.212742727671
0.403232871773 2 337 27516 -0.702864803019
0.611381256445 12 663 62498 0.765493235698
0.926975618552 14 1455 141788 -0.0630734400908
1.40547945874 52 3243 319494 0.574133509696
2.13098647839 106 7528 723854 0.36835361464
3.23099945918 194 16938 1639140 0.111427533956
4.89883798472 450 37779 3723060 0.17209397416
7.42761300449 900 85260 8413960 0.0412234559133
11.2617390321 2002 190298 18900454 0.0439016397108
17.0750368861 4106 420995 42046468 -0.0246419809896
25.8891529834 9232 915853 91834644 0.0107873471922
39.2531065478 19586 1943979 194389530 0.00757001012596
59.5155188986 39160 3856270 385199750 0.0141795393031
90.2373672122 69844 6847445 676681642 0.00792705401982
136.817801341 98460 9563320 944276952 0.0163972753062
207.443006619 133312 13030324 1297766042 0.0186121000382
STEP_DONE 
0.050323978983 0 6 438 -1.71274509019
0.0763011640511 0 8 992 -0.597019286967
0.115687744753 0 21 2400 -0.732765926359
0.175405637024 0 48 5202 -0.827270049217
0.265949842531 2 143 12296 0.291612882152
0.403232871773 2 331 27744 -0.65585501798
0.611381256445 12 671 63186 0.75896108663
0.926975618552 12 1443 143090 -0.174853218834
1.40547945874 44 3276 323046 0.327120079093
2.13098647839 92 7513 731442 0.19907046057
3.23099945918 194 16917 1656574 0.125845033867
4.89883798472 448 37817 3761646 0.176764829133
7.42761300449 894 85362 8497980 0.0421857615075
11.2617390321 1970 190469 19089826 0.0358868158835
17.0750368861 4068 420941 42432854 -0.0245929359595
25.8891529834 9108 915488 92630028 0.00680659214371
39.2531065478 19308 1939983 196000590 0.0057183632551
59.5155188986 38448 3854058 388652230 0.0061138283375
90.2373672122 68694 6834872 683460412 0.00501071816786
136.817801341 96824 9545466 953571068 0.0131527326962
207.443006619 131682 13063739 1313906270 0.0136238280663
STEP_DONE 
0.050323978983 0 7 428 -2.23313687683
0.0763011640511 0 8 1008 -0.56891449352
0.115687744753 0 22 2414 -0.801586982617
0.175405637024 0 47 5222 -0.779224747343
0.265949842531 2 140 12308 0.338940306424
0.403232871773 2 336 27582 -0.699740230603
0.611381256445 10 682 63126 0.411917189885
0.926975618552 14 1445 142880 -0.0419719984256
1.40547945874 46 3266 322732 0.39197584776
2.13098647839 100 7484 730976 0.31257002022
3.23099945918 194 16922 1654676 0.123767647181
4.89883798472 448 37852 3759230 0.173794689047
7.42761300449 894 85394 8491966 0.0406366001861
11.2617390321 1964 190534 19065602 0.0308328694936
17.0750368861 4116 421431 42385588 -0.0168055401262
25.8891529834 9108 914954 92453248 0.00610355561982
39.2531065478 19208 1932225 195216486 0.00462937127213
59.5155188986 38006 3810114 385551878 0.00949838072364
90.2373672122 66958 6704965 673273874 0.00292890543567
136.817801341 92702 9217153 927475482 0.0119317194267
207.443006619 125966 12551658 1268414712 0.0140395882737
STEP_DONE 
0.050323978983 0 6 422 -1.8138196947
0.0763011640511 0 8 990 -0.599234897189
0.115687744753 0 23 2400 -0.896592635885
0.175405637024 0 44 5238 -0.662434901717
0.265949842531 2 142 12332 0.309171449871
0.403232871773 2 338 27746 -0.705065238648
0.611381256445 12 668 63048 0.766825157465
0.926975618552 14 1434 143042 -0.0256667546124
1.40547945874 46 3272 322950 0.389591953691
2.13098647839 106 7498 731714 0.390497615009
3.23099945918 188 16960 1656146 0.0848343126404
4.89883798472 438 37827 3762238 0.15012524983
7.42761300449 896 85387 8498306 0.0438986251638
11.2617390321 1992 190640 19082976 0.0450260272008
17.0750368861 4108 421755 42406360 -0.01974200583
25.8891529834 9210 915942 92493820 0.0151894230168
39.2531065478 19236 1936708 195305100 0.00190500651662
59.5155188986 38304 3828103 385609188 0.00795051864953
90.2373672122 67850 6734139 672814614 0.00662099560943
136.817801341 93702 9251625 926974184 0.0145889618297
207.443006619 122662 12378582 1262226464 0.0106954018162
STEP_DONE 
0.050323978983 0 7 434 -2.17081125921
0.0763011640511 0 7 986 -0.395671487322
0.115687744753 0 20 2382 -0.65063222562
0.175405637024 0 46 5206 -0.737063717111
0.265949842531 2 149 12216 0.184014262873
0.403232871773 2 338 27536 -0.711346894982
0.611381256445 12 677 62896 0.727353155893
0.926975618552 14 1430 141924 -0.0277121396437
1.40547945874 52 3256 320990 0.571085324542
2.13098647839 104 7503 726846 0.3531289589
3.23099945918 190 16995 1644670 0.0847500020229
4.89883798472 454 37798 3735686 0.185102549992
7.42761300449 908 85311 8437200 0.0520223846036
11.2617390321 1994 190284 18944438 0.0423528400124
17.0750368861 4100 420407 42091144 -0.0224003061809
25.8891529834 9092 912491 91793628 0.0027570037856
39.2531065478 19346 1929960 193841916 0.00696611179426
59.5155188986 38230 3809016 382664188 0.00842624673804
90.2373672122 67602 6696992 667889318 0.00672549146822
136.817801341 93328 9186276 919950900 0.0171176051195
207.443006619 123818 12313213 1246090526 0.0174577556111
STEP_DONE 
0.050323978983 0 6 438 -1.71428228305
0.0763011640511 0 8 982 -0.614196388291
0.115687744753 0 23 2390 -0.906811695918
0.175405637024 0 46 5218 -0.746753527499
0.265949842531 2 145 12344 0.262764770047
0.403232871773 2 333 27818 -0.666231998388
0.611381256445 8 682 63358 0.106470018091
0.926975618552 14 1435 143306 -0.0252391145393
1.40547945874 48 3261 322984 0.458124459955
2.13098647839 102 7467 732168 0.346614051303
3.23099945918 182 16923 1657052 0.0544563958245
4.89883798472 454 37836 3763312 0.191972985919
7.42761300449 880 85331 8499192 0.0269194527415
11.2617390321 1982 190357 19085972 0.0430532903677
17.0750368861 4128 421478 42415214 -0.0136910126987
25.8891529834 9088 915424 92522628 0.00365283148904
39.2531065478 19204 1933927 195349508 0.00330584901001
59.5155188986 38212 3820578 385747182 0.00980793604777
90.2373672122 67276 6716009 673475792 0.00455916460064
136.817801341 93114 9238718 928213624 0.0124490024374
207.443006619 125880 12515593 1265245242 0.0165191076756
STEP_DONE 
0.050323978983 0 7 430 -2.18124040069
0.0763011640511 0 8 986 -0.585550127264
0.115687744753 0 23 2398 -0.874327866247
0.175405637024 0 45 5204 -0.689826555215
0.265949842531 2 142 12178 0.289275547841
0.403232871773 2 336 27398 -0.699631312371
0.611381256445 12 684 62266 0.693238471473
0.926975618552 10 1439 141328 -0.314222954149
1.40547945874 46 3255 319094 0.3828776313
2.13098647839 104 7512 722582 0.342518686482
3.23099945918 192 16917 1635734 0.099577915456
4.89883798472 474 37807 3714992 0.229376996893
7.42761300449 900 85183 8392546 0.0403454709429
11.2617390321 1986 190235 18844680 0.0334194833235
17.0750368861 4158 420680 41890678 -0.0148279527825
25.8891529834 9228 914660 91387006 0.00816450489689
39.2531065478 19540 1931317 192923112 0.0106690921952
59.5155188986 38708 3815741 381035582 0.0129075405029
90.2373672122 68598 6730092 665693870 0.00814363526031
136.817801341 95446 9272365 917020708 0.0177328048741
207.443006619 125834 12344718 1234795248 0.0192407748835
STEP_DONE 
0.050323978983 0 7 420 -2.24352230664
0.0763011640511 0 8 1008 -0.544534431735
0.115687744753 0 21 2370 -0.724404264291
0.175405637024 0 47 5168 -0.769878658037
0.265949842531 2 144 12086 0.248117970151
0.403232871773 0 332 27306 -1.36618195079
0.611381256445 12 671 62090 0.726791931622
0.926975618552 14 1427 140858 -0.0304908083195
1.40547945874 50 3234 317458 0.508743186611
2.13098647839 102 7492 719532 0.315871934906
3.23099945918 190 16938 1628714 0.0806660158174
4.89883798472 464 37765 3698086 0.200623586698
7.42761300449 912 85305 8352590 0.0462664190986
11.2617390321 2046 190572 18755228 0.0554559307534
17.0750368861 4188 421633 41687904 -0.0171039416411
25.8891529834 9330 916434 90932354 0.0101615735822
39.2531065478 19736 1939157 191994112 0.00771056047417
59.5155188986 39264 3834939 379171580 0.0121738064541
90.2373672122 69578 6762137 662361802 0.00779805856459
136.817801341 96552 9310934 912953736 0.0165755544886
207.443006619 128270 12423349 1228797454 0.0208200960044
STEP_DONE 
0.050323978983 0 7 438 -2.1063038251
0.0763011640511 0 7 990 -0.37430411656
0.115687744753 0 21 2370 -0.72222920936
0.175405637024 0 44 5130 -0.667075670213
0.265949842531 2 143 12090 0.263418212841
0.403232871773 2 329 27194 -0.656884799539
0.611381256445 12 681 61922 0.692695904205
0.926975618552 14 1434 140528 -0.0424779222203
1.40547945874 52 3269 317140 0.545100446862
2.13098647839 102 7478 718044 0.317414183939
3.23099945918 192 16862 1625300 0.099213120354
4.89883798472 474 37820 3690272 0.221137794929
7.42761300449 920 85264 8338712 0.0545961388845
11.2617390321 2026 190456 18727712 0.0450759363725
17.0750368861 4122 421083 41619518 -0.0310989277976
25.8891529834 9260 914085 90770878 0.00617195076489
39.2531065478 19592 1933633 191657904 0.00450143467842
59.5155188986 39062 3821375 378587334 0.0125847035119
90.2373672122 69342 6737536 661242824 0.00997800095171
136.817801341 96354 9292838 910753336 0.0159871480326
207.443006619 129056 12440785 1224884462 0.0209756954067
STEP_DONE 
0.050323978983 0 6 426 -1.73748455646
0.0763011640511 0 7 954 -0.426131891574
0.115687744753 0 23 2394 -0.867298362866
0.175405637024 0 47 5124 -0.782784146158
0.265949842531 2 144 12062 0.245575815096
0.403232871773 2 339 27200 -0.727953610387
0.611381256445 12 672 62114 0.721772907296
0.926975618552 14 1427 140370 -0.0339565412721
1.40547945874 50 3255 316716 0.493420197441
2.13098647839 100 7545 717736 0.272646334967
3.23099945918 196 16896 1622910 0.117086671372
4.89883798472 458 37909 3687872 0.174956783152
7.42761300449 912 85283 8332636 0.0443942834189
11.2617390321 2032 190465 18707308 0.0469683670704
17.0750368861 4134 421188 41578126 -0.0298883540068
25.8891529834 9336 915521 90682756 0.0100440537353
39.2531065478 19764 1938994 191475902 0.0065975805099
59.5155188986 39276 3829018 378134538 0.0128188684848
90.2373672122 69432 6748145 660524418 0.00706629111757
136.817801341 96542 9297524 909971648 0.0160917700407
207.443006619 128540 12404978 1222378196 0.0206748083535
STEP_DONE 
