#Theta DD DR RR XI factor=97.7086570477 
0.050323978983 0 7 450 -2.03982488593
0.0763011640511 0 8 1038 -0.506106467017
0.115687744753 0 23 2508 -0.792104555102
0.175405637024 0 49 5442 -0.759545827026
0.265949842531 2 151 12796 0.186147928706
0.403232871773 2 354 28832 -0.737089548614
0.611381256445 12 712 65688 0.625908115773
0.926975618552 14 1512 148730 -0.0879663527422
1.40547945874 52 3436 335664 0.478613003467
2.13098647839 108 7907 760284 0.323817569423
3.23099945918 202 17830 1721430 0.0962162768258
4.89883798472 484 39838 3909756 0.190666672168
7.42761300449 952 89896 8835696 0.0404255278097
11.2617390321 2120 200823 19852640 0.0427121962116
17.0750368861 4368 444527 44165184 -0.0226846667952
25.8891529834 9776 967130 96474800 0.00841821643852
39.2531065478 20720 2050134 204192922 0.00673236960842
59.5155188986 41326 4065975 404653248 0.0114416441987
90.2373672122 73692 7206622 710680740 0.00832750540007
136.817801341 103764 10061314 991414468 0.016030142332
207.443006619 140974 13739145 1363857664 0.0182328725476
