#Theta DD DR RR XI factor=126.919182948 
0.050323978983 0 5 364 -2.48679074034
0.0763011640511 0 6 828 -0.839408448529
0.115687744753 0 16 1980 -1.05121911836
0.175405637024 0 33 4370 -0.916857225309
0.265949842531 2 92 10432 1.84967679621
0.403232871773 2 211 23350 0.085955580144
0.611381256445 4 437 53470 0.130475969782
0.926975618552 12 957 120784 0.589171014707
1.40547945874 22 2146 273444 0.303877228215
2.13098647839 44 4993 619802 0.0986768598522
3.23099945918 110 11304 1403064 0.21781458432
4.89883798472 216 25129 3191350 0.0915215089045
7.42761300449 496 56893 7209140 0.105049899597
11.2617390321 992 126318 16201178 0.00718679005533
17.0750368861 2128 280263 36027696 -0.0231755766097
25.8891529834 4792 608486 78725580 0.018549491262
39.2531065478 9910 1288656 166710784 -0.00458592019005
59.5155188986 19784 2561983 330927082 -0.0021525818599
90.2373672122 35532 4565035 583004272 -0.00584948856674
136.817801341 50318 6384628 815069184 0.00607567069743
207.443006619 67536 8660244 1113270342 0.00257834456526
