# ra                    dec                    
  26.500209999999996    -1.1912038888888887    
  345.4184880555555     -0.01038611111111111   
  29.178283888888885    0.8031138888888888     
  22.542078055555553    1.0717080555555554     
  9.082006944444442     0.0848361111111111     
  29.695328055555553    -0.031865              
  33.26575111111111     0.636631111111111      
  33.15271805555555     0.788661111111111      
  28.16695805555555     0.8689288888888888     
  334.6172180555555     0.25062388888888887    
  340.78271499999994    0.4509480555555555     
  352.5263369444444     0.004144999999999999   
  352.6060788888888     -0.6697988888888888    
  331.8305361111111     0.9081519444444444     
  10.790836944444443    -0.5445549999999999    
  350.4768980555555     -0.8048349999999999    
  17.084808055555552    -1.3718761111111109    
  347.4104919444444     0.4177269444444444     
  30.404146111111107    -0.173975              
  336.03927611111106    -0.25664388888888884   
  16.940089999999998    -0.618551111111111     
  359.93835499999994    0.27097388888888885    
  344.7153630555555     -0.4403619444444444    
  333.8498530555555     -0.034416111111111106  
  15.525494999999998    -0.34309999999999996   
  6.032541944444444     -1.01039               
  349.37551888888885    0.3595811111111111     
  333.5038761111111     0.007871944444444444   
  353.7861938888888     0.4395530555555555     
  357.77728305555553    -0.8267180555555554    
  346.77719111111105    -0.1000461111111111    
  15.819953055555553    1.2328249999999998     
  20.866165             -1.0679888888888887    
  343.51284805555554    -0.7047038888888888    
  18.472313055555553    0.9558980555555554     
  4.048488888888889     0.28270111111111107    
  11.789653888888887    -0.6082480555555555    
  352.83505305555553    -0.660906111111111     
  21.766959999999997    0.45932499999999993    
  335.0637211111111     0.6081180555555554     
  8.610986944444443     -0.15730805555555555   
  33.11189305555555     -0.3873088888888888    
  335.6401369444444     0.11110888888888887    
  30.83774611111111     0.31228388888888886    
  0.08169305555555555   0.74667                
  30.82088305555555     -0.6796269444444444    
  349.70632888888883    0.26345999999999997    
  17.422548055555552    -1.2578930555555554    
  357.3371280555555     0.02898305555555555    
  345.97583             0.5337988888888888     
  348.2627261111111     0.9325761111111109     
  337.4479680555555     0.019253888888888886   
  338.48529111111105    -0.4368669444444444    
  346.8026119444444     -0.08940194444444444   
  12.649328888888887    0.5820438888888888     
  332.528015            0.522801111111111      
  350.8238830555555     -0.6269238888888888    
  354.18817111111105    0.5439980555555555     
  20.43561694444444     1.1730249999999998     
  22.659836111111108    -0.6835788888888888    
  354.4405211111111     0.1232311111111111     
  24.234784999999995    0.67346                
  346.9602969444444     -0.14977305555555553   
  352.0838619444444     0.15655805555555555    
  350.2963869444444     0.22915999999999997    
  342.8945619444444     -0.14735305555555553   
  350.3863519444444     -0.7506080555555554    
  24.411076111111107    -1.1218130555555554    
  20.744641944444442    0.18719388888888885    
  16.067523888888886    -0.024739999999999998  
  25.64767305555555     1.3024249999999997     
  334.8995669444444     0.6179288888888889     
  24.91390194444444     -0.042228888888888885  
  6.602529999999999     -0.5915719444444444    
  334.2737430555555     0.6330699999999999     
  32.160938055555555    -0.9603749999999999    
  17.61226305555555     0.6466988888888888     
  18.452795             -0.6031899999999999    
  14.265686944444443    -0.42898499999999995   
  3.9960499999999994    -0.992051111111111     
  24.288591111111106    -0.6871430555555554    
  358.0328980555555     -0.40689999999999993   
  332.13171388888884    0.3889261111111111     
  338.8510130555555     0.07444888888888888    
  338.5410461111111     -0.5985630555555554    
  353.1878661111111     0.006921944444444443   
  334.69168111111105    -0.141725              
  359.2321169444444     -0.5554569444444444    
  21.378735             -0.23105888888888887   
  29.232404999999996    -0.03526805555555555   
  35.492756111111106    0.683311111111111      
  354.67056305555553    0.5281888888888888     
  33.73228388888889     -0.7420388888888888    
  344.4855961111111     0.1585661111111111     
  349.87222305555554    -0.39833499999999994   
  33.04960194444444     -0.7986149999999999    
  27.460066111111107    -1.1344919444444443    
  355.0207819444444     0.968641111111111      
  25.783881944444442    0.920221111111111      
  20.25958611111111     -0.47000999999999993   
  19.758388055555553    0.01814694444444444    
  345.8479919444444     -0.7011280555555555    
  348.6654361111111     -0.3800111111111111    
  332.3559880555555     -0.05358194444444444   
  11.924421944444443    0.6615380555555554     
  337.47839388888883    -0.06247499999999999   
  22.151769999999996    0.6358499999999999     
  344.5625919444444     -0.7499538888888888    
  346.1605530555555     -0.8695980555555555    
  20.28092194444444     -1.3305338888888887    
  350.93301388888887    -0.08666305555555555   
  343.06137111111104    -0.7628399999999999    
  25.829706111111108    0.022988055555555553   
  23.709493888888886    0.5936419444444444     
  334.4738769444444     -0.6323869444444443    
  338.8217161111111     -0.5670080555555554    
  13.799834999999998    0.5243599999999999     
  6.30774611111111      -0.7498730555555555    
  17.491416944444442    1.1787230555555555     
  331.6826782           0.4253226              
  343.51922611111104    -0.8142480555555555    
  12.032463055555555    0.0021188888888888885  
  30.732404999999996    -0.4898099999999999    
  20.284364999999998    0.09361888888888888    
  348.19665499999996    -0.4493849999999999    
  35.344563055555554    -0.18354499999999999   
  340.2221680555555     0.4763069444444444     
  340.4376219444444     -0.6528938888888888    
  341.1266479           0.6220958              
  349.85855111111107    0.8548849999999999     
  343.3238830555555     -0.2613619444444444    
  12.455086944444442    0.43799111111111105    
  33.06418194444444     0.6688388888888888     
  354.9160461           0.327231               
  7.614061944444443     -0.2938869444444444    
  33.560741111111106    -0.9473338888888888    
  342.89208999999994    -0.6955761111111111    
  344.2619319444444     -0.08500999999999999   
  352.47229             -0.0061121             
  356.6767880555555     -0.025076111111111108  
  7.8043475             0.1723256              
  33.84032388888888     -0.7706738888888888    
  358.1379089           -0.2575867             
  25.342704999999995    0.2736388888888889     
  10.6615448            -0.7072488             
  1.6389688             -0.2481415             
  13.489963055555554    0.9674849999999999     
  14.684926111111109    0.447901111111111      
  3.4664297             -0.9891323             
  332.5660706           -0.3530222             
  3.2367954             -0.0038529             
  20.2531528            1.1424639              
  17.4681911            0.1148222              
  0.7660559             0.5795863              
  350.0596619           -0.3697272             
  350.786438            -0.7995279             
  339.8233030555555     0.6779219444444443     
  8.8573647             0.0960397              
  350.7924805           -0.0818638             
  32.0807571            -0.3778131             
  30.2125969            0.1627459              
  2.1595649999999997    -0.8658019444444444    
  16.7762489            1.1147563              
  32.6437988            -0.5264828             
  335.929991214         -0.794958312046        
  32.5026366379         0.83983622997          
  335.8830566           -0.9967597             
  337.9781494           -0.6336058             
  356.505479287         -0.106798940418        
  30.66475694444444     0.2767619444444444     
  342.64538611111107    -0.4935299999999999    
  30.718508055555553    0.8521749999999999     
  21.051959999999998    -1.0138230555555554    
  15.874093888888886    -0.11001805555555554   
  331.50802611111106    0.3926680555555555     
  24.6561584            0.4886418              
  342.9108582           -0.0040893             
  342.6309509           -0.7679366             
  352.759741905         -0.414459569844        
  22.68087194444444     -0.12647388888888889   
  359.362315491         -0.405249256097        
  357.569072644         1.04775884953          
  331.830837666         0.282383117242         
  333.89526388888885    -1.0041938888888888    
  7.6921287             0.0206486              
  343.54428111111105    0.27099999999999996    
  342.3379517           -0.1179781             
  9.8497362             -0.4943034             
  347.2457886           -0.095754              
  353.477470595         -0.986522761608        
  35.440388504          -0.547578806025        
  25.8680281903         -0.831319075702        
  338.613303778         -0.238896439621        
  5.5834031             1.0215818              
  342.7528687           -0.8885363             
  34.9383184598         -0.347390961735        
  6.348093055555554     -0.1532361111111111    
  332.3554380555555     0.23023999999999997    
  333.9821167           -0.6537743             
  1.2991388888888886    0.5849369444444443     
  10.7729414561         0.49875352309          
  31.9834309            -0.9383422             
  22.5567799921         0.0481989920093        
  7.78983808569         0.108923798807         
  331.8800964           0.6715212              
  33.9098969            0.6105301              
  352.2738037           0.7449065              
  359.8297119444444     0.17419999999999997    
  20.9063606            -0.3069827             
  335.3590393           -0.3135352             
  13.7087202            -0.0442544             
  8.824821944444443     0.7260380555555555     
  334.67299163          0.887863450624         
  349.045671504         -0.594991283184        
  354.86648611111104    0.16628999999999997    
  19.7447929            0.6693896              
  20.1336174            0.1021421              
  11.7060347            0.2384072              
  17.3637905            1.0229681              
  29.3314686            -0.5991258             
  354.357716736         -0.713452656362        
  6.32136649495         -0.181089824107        
  35.6486626            0.0479659              
  340.085705233         0.113255948442         
  35.64866305555555     0.047966111111111105   
  7.353249999999999     -0.987406111111111     
  355.9883118           0.8007668              
  15.130786937          -0.395333075731        
  334.393596114         0.625830377866         
  16.5498525688         -0.358390256719        
  343.658328088         -0.649602101291        
  33.5411034            0.0367538              
  1.14462461799         0.790834674985         
  24.3942527086         -0.0425815530733       
  342.657772126         0.911340058162         
  31.9071446823         -0.525237788691        
  346.1426392           0.5824078              
  356.8555298           -0.7212365             
  4.29986934449         0.169208001359         
  35.2539444            0.0296326              
  342.8601074           -0.7812852             
  0.594733906049        -0.262753266884        
  30.2494888            -0.8663111             
  7.086158055555555     0.5428938888888888     
  3.4743426             -0.1536588             
  22.4042734852         -0.653300072462        
  23.9470541807         -1.08899939366         
  333.568220289         -0.35152021159         
  334.28118888888883    -0.8467980555555554    
  337.8334038888888     0.7292180555555554     
  334.7454529           0.1199978              
  349.8052979           -0.4327302             
  359.2072144           0.7735377              
  13.1060133287         0.71420466991          
  350.0534668           0.3343028              
  352.2055664           -0.5874762             
  332.4583435           0.1095499              
  358.121582            0.682318               
  345.9085999           -0.8077923             
  16.3282468967         -0.323897166697        
  33.55166194444444     -0.47639694444444436   
  334.4854126           0.5957265              
  10.3088474            -0.198172              
  358.7557069444444     0.9116219444444443     
  4.230495              -0.1155264             
  337.2654419           -0.7244088             
  331.9750980555555     0.5391238888888888     
  341.521433089         -0.0901064002262       
  16.123971944444442    -0.6161119444444444    
  352.6732480555555     -0.2048461111111111    
  13.147975             0.4975445              
  14.4876457666         -0.215495806204        
  25.890337             -0.2137193             
  345.120697            -0.2943487             
  348.8552856           -0.5605171             
  33.6438522            0.7408394              
  337.195750838         -1.02552017167         
  28.4887466            0.5238512              
  343.8730769444444     -0.1316911111111111    
  332.5030823           -0.1421184             
  14.5884504            -1.2571374             
  15.3824167            -0.2386004             
  34.2182683424         -0.234448623483        
  33.2240465617         0.747346406179         
  35.5799065            -0.5082566             
  9.02192863929         0.271866247183         
  349.31008888888886    -0.08195694444444443   
  29.4316196            -0.364847              
  29.2593212            0.0847353              
  26.626131111111107    0.8990080555555554     
  17.1732859711         1.14674292118          
  6.77458574273         0.416995112968         
  351.145349061         0.0597188198274        
  354.798324568         0.729464759548         
  357.55554194444437    -0.691856111111111     
  27.0257034            -0.2561568             
  13.224281844          -0.5418668157          
  354.1688230555555     0.6311719444444444     
  33.1447372            -0.871033              
  336.9052734           0.1069276              
  21.0895591448         0.366197027308         
  333.922280211         0.566868847426         
  353.7330319444444     0.5303661111111111     
  336.8924866           0.8965459              
  6.740684999999999     0.826496111111111      
  20.5603849788         -0.730000579856        
  346.5385132           -0.5419189             
  340.56921388888884    -0.613966111111111     
  31.032196             0.0533763              
  33.744201029          0.475539179345         
  4.43854111111111      0.26663888888888887    
  3.32604216391         -0.77113418803         
  351.8067633           0.0684651625531        
  349.7637329           0.6718132              
  344.7366943           0.8306969              
  350.776123            0.2291972              
  347.65209999999996    0.014793888888888888   
  337.6520386           0.0715804              
  341.2476811111111     0.009293055555555554   
  19.95877111111111     1.2539961111111109     
  2.8073411111111106    0.34232305555555553    
  16.24251              -1.0868919444444443    
  17.253608888888888    0.026988888888888885   
  24.37632694444444     1.0744649999999998     
  348.32449305555554    -0.2897219444444444    
  358.0853269444444     -0.5668088888888888    
  20.241944999999998    0.03471111111111111    
  26.6646862            0.433028               
  32.901774999999994    0.8286688888888888     
  23.551229999999997    -0.5011430555555555    
  350.659977216         0.840491911271         
  7.06197868982         0.872902269065         
  27.4058723            -0.5720034             
  341.7818604           -0.5963261             
  342.4785461           -0.4230772             
  17.8285255            -0.9017406             
  26.9139158911         -1.09199195224         
  356.96108999999996    -0.17770499999999997   
  1.1812785             0.3954875              
  11.4398688348         0.683943666047         
  331.8672180555555     0.34487388888888887    
  30.2531605            0.345012               
  30.2209148            0.132753               
  340.3553467           -0.673105              
  25.277013888888884    -1.338416111111111     
  19.0455753255         -0.726158448529        
  9.389925              -0.6547244             
  24.5255699            -1.1967175             
  22.0325413            -1.1128467             
  352.8243408           -0.6547974             
  33.5721283            -0.5198151             
  353.616535551         0.00230253123063       
  340.090316854         0.924707763778         
  1.0566366             -0.2316397             
  20.6226959            0.9568516              
  18.98585111111111     0.02140611111111111    
  26.504111522          0.403066403327         
  342.154611048         -0.194379595153        
  357.87240611111105    -0.011176111111111109  
  21.743583888888885    -0.7447238888888887    
  18.1566486            0.4589143              
  343.1825261111111     -0.6970580555555554    
  16.698451944444443    0.47403305555555547    
  3.63472816748         0.438340462964         
  5.0831623             -0.4397721             
  2.15415241452         0.856659588185         
  3.20841826959         0.361229504141         
  335.5653381           0.5187711              
  20.6890602            0.5027441              
  355.618042            -0.1085058             
  17.241783055555555    0.8540580555555555     
  27.6180649            0.76438                
  14.5020968218         0.533639810742         
  351.3401794           0.876394               
  344.597229            0.2208987              
  339.6850891           -0.8119134             
  333.7188721           0.0691263              
  354.6648561111111     -0.40674499999999997   
  339.905166276         0.677495916448         
  348.8627625           -0.5005686             
  2.140099119           0.870930463351         
  26.9017862763         0.598199363612         
  16.9407777072         0.940657300434         
  348.692926            -0.3685820749          
  30.3548672149         -0.515117419484        
  11.2306004            0.080757               
  346.46194499999996    -0.6782449999999999    
  333.445343            0.6526562              
  345.84545888888886    -0.6725619444444444    
  347.916573002         -0.082736776243        
  10.9005076452         -0.0193701030046       
  11.5245609            0.7243912              
  13.7744996702         1.01817479818          
  28.6986765729         0.341442180031         
  12.568438055555553    -0.39655999999999997   
  335.913390197         0.661701711822         
  347.48080388888883    0.49808805555555546    
  332.579067858         -0.266359969745        
  21.97299              0.9228361              
  24.4875507            0.3923035              
  26.314931944444442    0.49197194444444436    
  31.4169292            -0.5807493             
  6.4702005             -0.5674596             
  20.1172972595         0.694981646333         
  24.19725611111111     -0.7908438888888888    
  333.635376            -0.3084183             
  343.1488953           -0.9203715             
  33.1295204            0.4599847              
  13.2626715            0.5176231              
  2.0850554515          -0.965318254277        
  331.989526644         0.338286998163         
  33.7852287            -0.2651998             
  344.6617126           -0.5898109             
  21.4543168776         0.880799884989         
  332.027243525         0.807841813564         
  346.4301453           0.0023267              
  20.7188759            -0.1588447             
  18.2151627204         -0.953137278392        
  21.3101579268         -0.0617357058009       
  29.5760098            0.0879861              
  25.7923794            -1.0569921             
  331.4743652           0.7334051              
  335.384037            -0.1454002             
  358.6347656           -0.6875795             
  347.467731435         0.0034085644735        
  3.7327924             -0.3866788             
  17.277733055555554    0.4514188888888888     
  30.4695435            0.4878328              
  24.9789355663         -1.10734816431         
  0.361083409375        0.00522568520639       
  7.90735111111111      0.44712611111111106    
  348.04135111111106    -0.9496338888888888    
  346.5099182           0.8323179              
  5.8098683             -0.0782517             
  16.2246151            0.0724875              
  27.0448132            0.8986426              
  31.9585968404         0.0688092213891        
  13.2666328962         -0.425702593311        
  347.42880305555553    -0.09073888888888888   
  347.5815735           0.9729233              
  29.7484894            0.6740766              
  359.26061999999996    -0.806681111111111     
  31.9808254            -0.9610091             
  17.0116534522         0.68533436306          
  354.6893919444444     -0.05884388888888888   
  30.51729194444444     0.6411319444444443     
  14.0670298558         -0.569352320311        
  334.784018318         0.865567664613         
  356.2454834           -0.0856029             
  21.1399216952         -0.0598696669927       
  336.00662744          -0.799791118111        
  334.250956837         -0.860196497038        
  34.3509598            0.6724975              
  334.5085144           -0.9622742             
  349.271460492         -0.0338752518513       
  338.648216459         0.335996777228         
  353.7744141           -0.6683858             
  27.4796772            -0.563564              
  333.703179            0.6879643              
  11.8127928            -0.2103428             
  16.1070385218         0.844236086437         
  27.573786111111108    0.4840249999999999     
  339.504109613         -0.194179609192        
  2.39964636084         -0.102781348888        
  334.150446629         0.766477342354         
  16.1610088            0.3181081              
  337.8869019444444     -0.7244880555555555    
  18.289132745          -0.177170500093        
  336.799119234         0.728690697663         
  14.7314758            1.1496919              
  18.0793990741         0.61329384229          
  337.975159074         0.0610643392292        
  10.3741524222         0.98762589698          
  354.123796072         -0.5306340527          
  351.7026062           0.9044915              
  17.1106682            -0.5191253             
  336.716950437         0.77437494485          
  21.46786694444444     0.974356111111111      
  23.985226111111107    -0.2756830555555555    
  0.1197571             -0.277789              
  338.58786             -0.8001519444444444    
  353.9377441           0.8589086              
  25.12991111111111     -0.5516461111111111    
  3.6981719             0.8209051              
  6.607765715           -0.80835031179         
  350.085557794         0.677900312808         
  2.841118055555555     -0.15516999999999997   
  340.4765930555555     0.017278888888888885   
  7.4186072             0.9382888              
  25.3869099434         1.01154705652          
  354.143409339         -0.333593226214        
  338.011918994         0.276657356776         
  356.8001099           -0.2274703             
  6.58064456524         -0.194131952485        
  354.6221011111111     -0.9927488888888888    
  337.0395813           -0.4104041             
  332.506139993         -0.206311145839        
  335.8815308           0.6764262              
  358.8582458           0.8789408              
  11.8146763            0.5185961              
  10.2395180819         -0.881711701999        
  30.9321041761         -0.866533622248        
  19.103857             -0.6791975             
  4.99563539763         0.911860403008         
  341.0213318           -0.1869904             
  6.4611535             -0.4129611             
  344.5354              0.4890519444444444     
  352.380670135         -0.343392437587        
  7.7576418             -0.8334025             
  334.1445312           -0.7886003             
  24.4843674            -0.6482441             
  8.92872872871         0.528583382547         
  352.11813128          -0.957559548265        
  341.5399475           -0.1602114             
  18.0581551            -1.0815148             
  32.5664062            -0.8481858             
  349.2984619           -0.9885567             
  20.0558353196         0.719803390582         
  337.148716825         0.851373241931         
  337.9196914           -0.866951909599        
  341.9529719444444     0.20099388888888886    
  20.2796154            0.4426377              
  30.7346077            0.8767107              
  345.6555481           0.4029638              
  22.923311111111108    -1.057021111111111     
  18.6450081            0.3265972              
  21.965753888888887    -0.5210699999999999    
  339.5482178           0.9895735              
  348.9306946           0.5300355              
  26.8446198            -1.1496964             
  4.26778544513         -0.921146446657        
  6.22638600048         0.402580158213         
  344.8936461111111     -0.00735611111111111   
  2.697433055555555     -7.038888888888888E-4  
  14.1447592            -0.7161804             
  335.9316406           -0.9583009             
  25.7061539            0.6184423              
  347.71169999999995    0.172225               
  14.264123888888887    0.23562305555555552    
  27.914629             -0.3397331             
  34.89386694444444     -0.052933888888888884  
  4.5656519             0.6097767              
  35.6717033            -0.2962929             
  5.9188499             -0.4515264             
  34.680793888888886    0.20270888888888886    
  31.4705048            -0.9238485             
  13.501316944444442    -0.6055480555555555    
  14.5546188            -1.1094843             
  338.53747611111106    4.6999999999999993E-4  
  4.6599874             0.8254276              
  15.254216944444442    0.6551488888888888     
  4.71252357229         -0.666977374633        
  331.785462062         0.831176342245         
  32.9146614            -0.1020256             
  354.65233216          -0.827442567697        
  32.8091224325         -0.103196896981        
  18.10230611111111     -0.14107694444444444   
  26.0804234            -0.5041083             
  350.6939697           0.9442577              
  336.3966064           -0.0958676             
  24.5087310596         0.618007836405         
  4.31008222407         -0.518633337433        
  332.3292236           -0.1045765             
  342.6181641           0.3707504              
  341.92626888888884    -0.9332080555555554    
  356.994482582         -0.425883693164        
  357.74114999999995    -0.869421111111111     
  32.285347             0.8559641              
  9.2852669             0.4821735              
  353.7297363           -0.4958419             
  332.0682983           0.3268767              
  3.32646427816         0.415078209902         
  13.5428534            0.3169913              
  354.7160034           -0.395168              
  1.65022187964         -0.553445732263        
  14.9342222            -1.0395228             
  21.998284999999996    -0.024265              
  16.56690611111111     0.25666388888888886    
  22.6790352            -0.4472784             
  356.313385            -0.349786              
  349.357228488         0.614884518551         
  354.3778687           0.3271929              
  9.70013964472         0.150441131344         
  9.5007516265          -0.985229637225        
  29.7646732            -0.8195818             
  355.4509277           -0.9468933             
  336.199646            0.4220677              
  27.7186146            0.0102777              
  8.235153888888888     0.3474230555555555     
  339.0823975           0.7211158              
  350.3977661           -0.7487965             
  6.9543476             0.5500565              
  12.412983888888887    -0.11650194444444444   
  21.1228142            -0.0624087             
  16.3584805            0.6981813              
  356.2101746           -0.4484223             
  340.7276306           -0.7971334             
  15.2830954            0.90759                
  18.632973977          -0.793589344463        
  26.8753433            0.556472               
  22.2355499            1.0428809              
  352.954407939         -0.151542735951        
  25.0306529012         0.135726281571         
  348.8124080555555     -0.888571111111111     
  12.3695769276         -0.867725253101        
  331.4864197           0.9731922              
  1.7577481             0.7779176              
  12.1949012615         0.936228444257         
  336.68661499999996    0.8388838888888888     
  355.318512            0.8366742              
  8.9835234             0.7321579              
  355.5898132           0.3374367              
  22.4067722187         -0.201940185017        
  334.15341194444443    1.0671438888888887     
  10.57800111111111     0.5436280555555555     
  357.9255066           0.114896               
  337.124368941         0.332252413235         
  6.361681              0.7523098              
  341.9538879           -0.9644286             
  353.964643884         0.834734463564         
  4.8905244             1.010128               
  354.87503             0.504801111111111      
  337.4926758           -0.8370392             
  22.3436222            0.2154602              
  25.9258671            -0.9590075             
  345.6870117           0.7492994              
  27.73967611111111     -0.763186111111111     
  21.3539619            0.0011186              
  359.572468497         -0.266748165544        
  344.93206805555553    0.5473649999999999     
  32.0461807            -1.0403792             
  15.7186749851         -0.977476490295        
  24.0888004            1.0411118              
  356.215100953         -0.0697362721635       
  14.675428939          -0.9387102991          
  17.2003689            0.9353749              
  13.2769308            -0.400066              
  338.234928821         -0.00367275934026      
  11.8698846464         0.672283404269         
  23.62314194444444     -0.28019694444444443   
  0.3255680555555555    -0.854086111111111     
  16.4515438            0.9620493              
  336.4038391           -0.9589671             
  11.9265499            0.757575               
  26.29896694444444     -0.724711111111111     
  343.9863586           -0.3586318             
  335.723938            0.3550251              
  354.229248            -0.3756306             
  353.620292507         0.181187849927         
  359.8381653           0.8163412              
  30.78559305555555     0.9405899999999999     
  6.903511              -0.8977637             
  6.9420671             -0.3623687             
  17.7234003756         -0.776163149795        
  17.2140295237         0.880766449931         
  29.9393826            -0.5412294             
  29.5164748019         0.327356997002         
  342.8866880555555     -0.8705380555555554    
  5.5898948             -0.9129599             
  334.0991821           -0.7349787             
  359.994263752         0.430958423362         
  19.3843136            0.1473008              
  343.3961487           0.1020108              
  3.95451222315         0.292221389894         
  355.3657530555555     -0.5638088888888888    
  344.785641194         -0.697897485549        
  357.9892578           0.6776104              
  338.011870815         0.774948564232         
  345.34878499999996    -0.6291669444444443    
  20.2392254            0.48647                
  10.6170053            0.0610755              
  358.419895396         -0.601280974922        
  28.376428888888885    0.09550305555555555    
  342.89498888888886    0.7911649999999999     
  0.5880011111111111    0.3637038888888888     
  356.7199402           0.7654719              
  353.160473419         0.631356126661         
  29.581588888888884    0.1597211111111111     
  332.143901251         0.996262669393         
  13.1409721            0.5302567              
  349.235172789         -0.378049100911        
  6.790548888888888     0.5056488888888888     
  4.092038055555555     -0.12543888888888888   
  347.0883789           0.2178424              
  348.984436            0.9739843              
  354.188446            0.766662               
  11.371558055555553    0.09873499999999999    
  340.8320312           0.0490261              
  13.6187640013         0.0810959876795        
  5.4030533             -0.5540379             
  15.5251267157         -1.20746061128         
  17.7184214641         0.773356491487         
  349.77710405          -0.81791250351         
  356.4111633           0.6554756              
  3.3045969             0.7520971              
  4.02980397995         0.590569711554         
  27.8892078            0.4580061              
  23.7286396            -0.4456775             
  32.101121398          -0.916300525052        
  338.203173515         -0.484276599339        
  14.4663134            0.3285594              
  350.0420837           -0.3068003             
  343.2093506           0.6586129              
  34.4292122081         -0.45780164587         
  343.0787659           -0.6051047             
  347.13742111111105    -0.39234194444444437   
  340.9579163           -0.6083392             
  357.0602112           0.7568079              
  2.92394869553         -0.0719131361653       
  6.87434476669         0.0968796783893        
  354.4033813           -0.1311851             
  25.3517246            0.3582417              
  24.0248176384         0.733426115728         
  343.920105            0.31936888888888887    
  31.9843921894         -0.483587716286        
  16.662743888888887    -0.4435038888888888    
  356.8295593           -0.9639543             
  22.5261955            -0.1539773             
  12.4588442            0.2091168              
  334.99255388888884    0.619201111111111      
  24.3872776            -0.9014471             
  7.5545297             -0.6623363             
  10.72642611111111     0.08268305555555555    
  359.354504142         0.664127995989         
  350.7237244           -0.5651969             
  17.4265785            0.2751703              
  334.4977111111111     0.5153569444444444     
  334.402245885         0.272933604354         
  12.0830564            0.1683163              
  336.3406982           0.4655029              
  342.3569031           -0.3378636             
  20.4982376            -0.0969483             
  9.1221733             0.8659225              
  33.313435             0.2168419444444444     
  351.871051066         -0.725947740523        
  336.777113769         0.720945003125         
  26.7644062            -0.3244385             
  334.5329895           0.874928               
  333.7136536           0.7537494              
  344.111440465         -0.445202819035        
  337.559398853         0.729599480007         
  17.2321358            -0.3406827             
  25.9897461            -0.7717162             
  358.135417712         0.495438685462         
  334.72613499999994    -0.01633111111111111   
  33.06659694444444     0.6059180555555554     
  16.82697111111111     -0.5333849999999999    
  338.11203             0.8247239              
  340.6817932           -0.608937              
  5.046818055555555     -0.7551980555555554    
  345.4498901           -0.637897              
  0.1377689             -0.9421566             
  351.316511041         0.780528230949         
  34.45911805555555     -0.5085119444444444    
  27.8576298            0.3924273              
  331.879961206         -0.821709321269        
  355.108870719         0.151259712883         
  356.739211106         -0.05392951932         
  357.339845204         -0.98755707984         
  354.4673157           -0.5149198             
  8.0064201             0.875169               
  7.67878040044         0.795423200351         
  16.55092111111111     0.3222630555555555     
  14.1584005            0.4791532              
  341.9313049           -0.5854586             
  344.5917969           -0.3541327             
  354.068440023         -0.657859526783        
  1.68212114847         -0.200084156584        
  355.93985             -0.3496861111111111    
  359.024910136         0.881417906531         
  34.781883055555554    -0.0715361111111111    
  19.65028              1.0401016              
  334.4729611111111     -0.5485938888888888    
  332.9644775           0.5280881              
  33.1383605972         -0.353027750034        
  343.278770236         0.632989190922         
  15.6282072            0.8956397              
  335.25537111111106    -0.6206499999999999    
  342.3869319444444     0.6846380555555555     
  10.580864             -0.7142432             
  14.8202381            0.5912734              
  351.7550049           0.3601155              
  12.5218086            0.0411091              
  30.9013538            -0.696557              
  35.3489609            0.2265399              
  30.0189098766         0.439941931767         
  22.5478592            1.117249               
  15.7356317831         0.501290659917         
  18.9551504383         -0.628527581676        
  1.5271008             0.6790939              
  338.22320611111104    -0.18873305555555553   
  18.5076062067         -1.09015918736         
  340.149821755         0.975935402659         
  10.90209              0.09382805555555554    
  343.1207581           0.3658915              
  19.1952801            0.6044573              
  333.428613229         0.672493555025         
  354.440417141         0.552737432708         
  350.660378699         0.848191934727         
  19.04762111111111     0.009306944444444444   
  12.464058888888887    -0.890956111111111     
  12.062746             -0.0808316             
  16.464674             -0.1889747             
  16.1653023            -1.0841938             
  353.4178467           -0.5616007             
  0.6692566             0.1073211              
  336.2249146           -0.7649069             
  0.901964026856        0.31958442014          
  351.3604430555555     0.40453888888888884    
  12.4679174            -0.7999488             
  359.3409729           0.8987765              
  9.0800724             -0.1645243             
  20.983109999999996    -0.3148511111111111    
  332.253250872         0.399350694119         
  16.3700771            -1.1765573             
  23.143337909          0.133620678555         
  10.5331562086         0.138381629457         
  19.2293682            0.2225097              
  21.102713055555554    -0.7122788888888888    
  346.8059998           -0.6675785             
  26.2175281137         0.800487416632         
  344.61740111111106    0.38887388888888885    
  332.2378230555555     -0.09756               
  353.0456238           -0.787863              
  13.820784999999999    1.1457469444444444     
  8.83221959329         -0.877419379024        
  29.4794233055         0.38355849694          
  2.1348906             0.838185               
  332.4289246           -0.7702184             
  340.6847839           -0.7942743             
  33.9817352            -0.5179955             
  2.8298852             0.8762121              
  3.7379127             0.8981679              
  2.27387552697         0.625038007265         
  359.63827499999996    0.6468030555555555     
  24.2691962973         -0.183270941344        
  34.239848888888886    -0.5497738888888888    
  10.762001             -0.204912              
  343.2196655           -0.811343              
  341.2706299           0.8118073              
  2.98603364118         -0.0946276929262       
  33.19635805555555     0.027408888888888885   
  21.9218731            0.8838963              
  14.8127136            -0.9689691             
  23.9580727            1.2114546              
  334.9305119444444     0.6884588888888888     
  338.23611388888884    -0.21295499999999998   
  348.760479773         -0.211038657791        
  4.5739145             -0.4497247             
  357.7897339           -0.0171181             
  24.539392794          -0.906048315636        
  16.4544840422         -0.289516473525        
  19.6310697958         1.02811882767          
  332.9514465           -0.4476015             
  14.342958888888887    0.2790769444444444     
  18.7630863            -0.4655741             
  7.549088888888888     0.7972188888888888     
  334.43987999999996    -0.8237288888888887    
  28.6074165268         0.88519109987          
  32.283067024          -0.890025765674        
  13.2063751            0.2831307              
  344.6405945           0.8986384              
  25.422194999999995    1.2016019444444443     
  347.26153611111107    -0.10946694444444444   
  331.5675659           0.8462374              
  33.0776324998         -0.0937220996694       
  353.859436            -0.5133403             
  342.74063111111104    -0.941821111111111     
  338.56853982          0.252818220553         
  20.779459             0.970116               
  347.422574048         -0.616371002305        
  28.8110008            0.1929412              
  340.9410706           0.2949172              
  24.551278888888884    -0.3967719444444444    
  5.59786185544         0.267637867079         
  29.2899874073         -0.302928819643        
  352.8962402           0.8661438              
  34.2441521            0.4500977              
  335.840898976         -0.241177261142        
  344.0784912           0.7055607              
  334.595731572         -0.92152714978         
  356.112409823         -0.724834003956        
  332.715878961         -0.889464540091        
  332.65618888888883    0.5487369444444443     
  354.4222107           -0.3340054             
  342.276123            0.83571                
  5.59116615265         -0.748633555218        
  340.44046             -0.4212519444444444    
  342.1074829           -0.8524711             
  29.84617194444444     -0.684701111111111     
  352.98702999999995    0.535345               
  27.0375029493         -0.919118764783        
  32.16222805555555     -0.4885119444444444    
  14.0789146            0.0647858              
  25.7408371            0.2040096              
  20.0417805            0.6365109              
  28.299984             -0.3282289             
  358.125661422         0.0977947851959        
  20.3524151            -0.1848118             
  10.1475954            -1.0182167             
  16.8018551            -1.1190482             
  346.3565979           0.7204835              
  19.4640185117         -0.631209757641        
  335.9536438           -0.0651662             
  3.5539238888888884    -0.35072999999999993   
  31.0014534            0.0283877              
  344.992814599         0.775456347432         
  335.7758788888888     -0.3795530555555555    
  35.57956694444444     -0.18849694444444443   
  2.59227275836         -0.616996313429        
  341.6184692           0.6183672              
  23.7466361817         0.504847801011         
  1.14954601688         0.0345408679994        
  11.401964999999999    -0.005055              
  32.88610111111111     0.7296911111111111     
  21.2483759318         -0.266848886979        
  25.3956256641         0.106949586171         
  28.8675256329         -0.811035479316        
  25.5884819            1.2827176              
  344.9438480555555     0.29488611111111107    
  355.484997007         0.0443911215467        
  352.2730103           -0.6432267             
  24.0310211            1.2818162              
  336.0881042           0.1353759              
  10.0151167            -0.4169212             
  27.6592731            0.975933               
  16.4428997            -0.432293              
  345.23709111111106    -0.8596438888888888    
  347.2265619444444     -0.644271111111111     
  5.2533097             0.8098083              
  9.4647493             0.7552497              
  19.747224999999997    1.1867161111111109     
  335.4605103           0.8241073              
  8.63743712039         -0.763803316488        
  15.3407383            1.2337133              
  342.9420471           0.9731192              
  341.8167114           -0.521043              
  331.485888791         0.838937639811         
  3.1829958             -0.6340824             
  336.7126469444444     0.9834299999999999     
  13.3634037365         -0.114744795478        
  338.6979675           0.616832               
  9.6502438             -0.6663244             
  5.6723738             0.2401198              
  343.787323            -0.3274896             
  344.617952086         -0.421060209303        
  16.0720005058         -0.377715351218        
  31.7366264878         0.749683463051         
  358.58584611111104    -0.5927930555555555    
  343.4685669           0.9004898              
  26.583228888888886    -0.7746699999999999    
  338.9045105           1.0715199              
  10.0111656            0.3114338              
  349.9671631           -0.8121931             
  16.6486168            0.7375772              
  26.0185127            0.9344858              
  342.4975891           0.0944976              
  27.004704999999998    0.3634569444444444     
  340.1712341           0.410064               
  3.3058083             -0.553338              
  9.47026414711         0.0244722962769        
  344.719928829         -0.611751930523        
  33.4868622            0.6795817              
  23.1273249566         -0.754086316419        
  341.146935537         -0.491631640803        
  332.572939513         -0.0522438015558       
  15.9510183            -0.3003504             
  0.81829453543         -0.125677180061        
  23.20576111111111     0.4408569444444444     
  356.14556468          0.230100525059         
  18.969148888888885    0.10026388888888887    
  342.2059326           -0.6037003             
  334.0428772           0.419978               
  356.00866694444437    0.06793694444444444    
  338.1425476           0.540235               
  342.8235474           -0.0942864             
  343.8371888888888     0.09533499999999999    
  356.0560608           -0.4477245             
  4.30581925412         -0.41349786796         
  19.1560307            0.8928881              
  24.4113321152         -0.863948259713        
  6.68963543094         -0.63527607842         
  32.7915878            -0.6183954             
  337.2830505           0.4309829              
  33.1723747            0.4711537              
  335.6959230555555     0.21694805555555552    
  333.5675049           0.4996608              
  334.0362549           -0.180163              
  14.392983055555554    -0.3041530555555555    
  2.672071111111111     -0.4139169444444444    
  356.63016703          -0.927650048916        
  347.683020764         -0.696639937948        
  345.334595            0.6648511111111111     
  333.4057007           0.6710775              
  337.7590942           -0.9593189             
  346.278524119         -0.582104814138        
  33.000225519          0.182101217841         
  14.6745756333         -0.989158592282        
  15.0582829            1.1463178              
  337.574707            -0.3929873             
  352.278115667         0.263417704748         
  34.4157257            -0.6959224             
  16.1193295            -0.7381994             
  353.4575195           -0.424172              
  347.9311523           -0.7533637             
  14.0381542584         -0.318187311381        
  3.0450738888888886    0.886381111111111      
  15.7385430636         -0.751063753569        
  20.4526634            -1.2053623             
  358.5688477           -0.2093164             
  13.5945005956         0.271136100702         
  7.454638888888888     0.761656111111111      
  35.0703278            0.1210436              
  19.002993055555553    -0.016173888888888887  
  340.835964664         -0.662739890526        
  34.7540303512         -0.0762090309173       
  35.49516694444444     -0.18125805555555552   
  349.853275532         0.478386201424         
  1.25684543454         -0.643029977303        
  346.84048499999994    1.0488230555555553     
  355.97347999999994    -0.7474199999999999    
  8.0014782             -0.6530375             
  356.03167694444437    -0.9813199999999999    
  354.0199580555555     0.44318194444444436    
  351.9127808           -0.8116882             
  6.1412292             -0.425938              
  12.0705295136         -0.00397430596947      
  24.39778694444444     -0.7898338888888888    
  26.2724333312         -0.865169364443        
  13.0921761492         0.222116946459         
  333.519101794         -0.496195002595        
  331.99227888888885    0.8139330555555554     
  20.5823769472         1.16472941156          
  337.102820462         0.479605869386         
  4.11057705283         0.609007790067         
  2.7875438             -0.6225799             
  356.5430298           -0.5625961             
  345.8447880555555     -0.24396888888888885   
  5.5542536             -0.7555401             
  13.2855349            0.3224789              
  338.9717102           -0.1487309             
  354.244070438         0.318467004375         
  349.20282             0.8313088888888888     
  359.787251903         -0.226551611808        
  340.24677758          1.05457516442          
  11.4808817            0.3339001              
  348.592765082         0.0543420327473        
  351.31570388888883    0.10528805555555554    
  35.1527061            0.5218048              
  337.2459717           -1.035614              
  0.4413536             0.886375               
  342.957275            -0.4699249999999999    
  11.083818055555554    0.17894888888888888    
  332.7976685           0.6275325              
  26.4884701854         0.0537450558219        
  339.652629177         0.125295912976         
  340.834203066         0.487352188314         
  27.7562065            0.4969651              
  8.94108611111111      0.3849530555555555     
  12.273873888888888    -0.51423               
  25.322155             -0.4293686             
  28.4735222            0.3355606              
  355.24652111111106    0.004984999999999999   
  17.8456001            -0.0435603             
  30.4503326            0.706688               
  8.609296944444443     0.4338949999999999     
  22.6424121357         -0.351848714396        
  336.750987433         -0.079486405167        
  337.2569880555555     -0.9773199999999999    
  331.8798523           0.8038437              
  345.7360230555555     -0.6061449999999999    
  345.234075221         -0.793724430827        
  29.9256973            -0.3187692             
  21.678798888888885    0.04416888888888888    
  24.2813473            0.8546863              
  8.3375235             0.693555               
  33.3783112            -0.9790441             
  338.54345733          -0.554299682453        
  29.680954             -0.9267624             
  10.9627585064         0.979539661672         
  8.14425519222         -0.265856738547        
  14.228699999999998    -0.5354619444444444    
  11.398626944444443    0.2336119444444444     
  347.9778748           0.3460893              
  6.661078              -0.5731561             
  13.6545601            0.5110292              
  337.3280945           -0.2228888             
  28.36874194444444     0.16391805555555553    
  20.6717129            -0.8355207             
  16.2148049091         0.699624305609         
  3.38027136548         -0.252602275728        
  35.31268305555555     -0.8126038888888888    
  336.67892499999994    0.759901111111111      
  352.1330261           -0.3027089             
  29.0197468            -0.7184401             
  358.5154724           -0.6114758             
  18.8203278            0.6954075              
  349.945385708         -0.337033123046        
  11.065953888888888    -0.7175349999999999    
  341.0343018           0.8839701              
  338.6093445           -0.8513179             
  30.0507755            -0.3553582             
  3.82477890823         0.15988265473          
  2.9949799999999995    -0.6181780555555555    
  23.699945066          0.791108735042         
  334.625303854         0.00138008532807       
  339.72917721          0.167244490628         
  333.463875349         0.219908775695         
  14.247093888888887    0.7285830555555555     
  26.3349628            0.0590797              
  348.8684998           -0.8563644             
  355.5114136           0.5626956              
  1.30309690615         -0.935869218793        
  31.74612194444444     0.5018761111111111     
  353.225438768         -0.946712785629        
  348.951632293         0.123300860496         
  353.105566013         0.0118451318866        
  353.474289904         -0.905283149624        
  358.94226111111107    -0.39526388888888886   
  31.8972740085         0.208125335131         
  5.22906539412         -0.854102373536        
  16.967621111111107    -1.1513880555555553    
  7.4171457             0.901614               
  352.188489131         -0.528895933202        
  18.48802              0.6395969444444444     
  17.7215992969         0.0982656018437        
  338.759146339         0.361627985585         
  34.1486969            0.1910314              
  5.9869475             -0.6405482             
  19.4771819211         1.09750284882          
  28.7656472702         0.314882041015         
  349.49263696          -0.0291961564178       
  5.7250514             -0.4158418             
  341.4164119444444     -0.40547111111111106   
  19.0883675            0.6801854              
  0.1487531             0.3053338              
  337.6072693           -4.209E-4              
  13.2888991815         -0.444875598578        
  8.3146715             0.0129673              
  17.6640224            -0.3910696             
  338.0741577           0.4444477              
  350.754828186         0.16079486786          
  29.8544737676         -0.298726878748        
  347.87524388888886    -0.27758111111111106   
  333.580914604         -0.444819054388        
  344.944306341         -0.599136407978        
  344.58577207          -0.379478906201        
  29.897853888888886    0.06701499999999999    
  3.0007630555555553    0.14723805555555552    
  23.4115578195         -0.642068242689        
  350.5817261           -0.8231667             
  8.6937113             0.2359358              
  342.69955388888883    0.27062888888888886    
  23.861426944444442    0.5420788888888888     
  346.1491394           -0.8437006             
  349.3690491           0.5955979              
  333.1502686           0.8294565              
  334.7470398           0.0142856              
  20.7666721            -0.744758              
  28.185173055555552    -0.3721880555555555    
  13.7203274            1.0069849              
  8.45921547503         -0.547301577023        
  17.510049999999996    0.2000569444444444     
  341.1577454           0.3590361              
  15.8389454            -0.7927219             
  28.7276422502         0.264774745146         
  344.4689638888888     0.3751069444444444     
  11.569726             0.9132082              
  29.6740532            -0.8556781             
  19.0663414            -0.3510736             
  2.0389268403          0.826533985093         
  26.9729519            -0.9260369             
  34.8865089            0.8140637              
  343.732498554         0.531503592492         
  9.4223156             0.0296802              
  31.9092767782         0.164820140055         
  24.8635502            0.8928097              
  343.549851967         -0.830412879876        
  337.113193965         0.561532370404         
  34.4592361111111      0.8149388888888888     
  9.852258888888887     0.4170938888888888     
  12.4968447088         0.317537818589         
  338.8239441           0.8656457              
  339.244657226         -0.220148113308        
  28.0155163            -0.8777564             
  23.4897175            0.2352341              
  341.5020752           -0.4110206             
  3.962127              0.6064961              
  22.4452991            0.4662629              
  348.1252441           0.2559541              
  341.387153717         -0.00363333551235      
  349.5343630555555     -0.5345949999999999    
  348.4776001           0.5473216              
  4.84506867293         -0.827274403788        
  331.3101196           0.8606133              
  349.3461304           0.8352721              
  27.151378888888885    0.08654388888888888    
  17.1251087            0.2318185              
  33.5752945            -0.5934906             
  348.8562317           -0.1434663             
  339.20669611111106    0.9037588888888888     
  19.797884             1.1273588              
  30.8003941            -0.8617135             
  8.659953055555555     0.23815499999999998    
  346.17297388888886    0.5520069444444444     
  348.676127495         -0.160330711367        
  357.3887330555555     0.3157919444444444     
  332.867640276         -0.589488124339        
  23.7704111065         -0.667599750118        
  35.4029234771         0.588204255024         
  5.468358              -0.4610872             
  352.4794006           -0.7875048             
  15.8776598            1.129375               
  14.7673187            -0.5914059             
  342.4836730555555     0.03836805555555555    
  4.5106824777          -0.337192852659        
  337.657701659         1.01543795737          
  7.8127356             0.8923463              
  351.3728943           -0.0313909             
  26.5169045138         -0.641851948745        
  6.85847278191         -0.981596475014        
  353.25091611111105    -0.341815              
  24.0775032            0.0080139              
  333.505212455         -0.03668520667         
  17.012113888888887    -1.1627969444444444    
  350.46524073          -0.202636815872        
  6.26225037772         0.694297342138         
  345.6855469           0.1534144              
  10.6215507469         0.23091398056          
  21.440983055555552    -0.9739919444444444    
  19.5345267058         -0.531977390095        
  350.676921936         0.712475634275         
  26.4305229            -0.4256593             
  9.9930067             -0.2307945             
  26.8532753            -0.2074728             
  359.6030273           0.2703812              
  4.135158055555555     0.2393411111111111     
  335.03750611111104    -0.3954580555555555    
  0.1453257             0.3982853              
  25.4061198279         -0.912770158861        
  33.48208194444444     0.8260419444444443     
  22.5224700228         0.475340381738         
  33.49764194444444     -0.5132599999999999    
  4.57795199658         0.45254217355          
  332.5290219444444     -0.39614111111111106   
  358.084386604         0.293295279658         
  14.546704999999998    0.7818369444444443     
  2.6160717             -0.3125272             
  333.282074            -0.4009236             
  31.7659531            0.4479935              
  34.6238825635         -0.838193494076        
  23.9550727537         0.282463180108         
  6.82383180554         -0.97397681319         
  32.8574531194         0.379214745743         
  31.569363055555552    0.8593838888888887     
  31.8351307            -0.7784472             
  9.8001919             0.215441               
  28.9016431894         -1.00164663024         
  15.0218096            -1.0622797             
  358.7936399999999     -0.7781899999999999    
  351.27920499999993    0.7148999999999999     
  359.2731323           0.3726985              
  22.62603611111111     -0.22442388888888887   
  350.0593262           -0.6159289             
  338.9233093           -0.782935              
  22.9815655            -1.2102691             
  16.61673611111111     -0.42835499999999993   
  8.3261585             0.2714355              
  22.8299494765         0.136491850414         
  351.142953613         0.267717567396         
  345.2445069444444     0.8029888888888888     
  358.3976135           -0.8834587             
  339.3692627           0.885702               
  31.35093305555555     0.47063388888888885    
  13.214081944444443    0.8069399999999999     
  334.34278973          0.277791637775         
  25.162676111111107    -0.7699388888888888    
  349.4885861111111     0.8795149999999999     
  16.3211765            -0.500677              
  341.1624146           0.0157477              
  345.671553489         0.142870628456         
  332.761394146         0.556935533271         
  334.1622619444444     0.676286111111111      
  342.2216492           -0.544993              
  25.56146805555555     0.3900611111111111     
  9.107866944444444     0.05912388888888888    
  27.2972353081         -0.988988462888        
  335.9844666           0.3141758              
  13.576201111111109    -0.7606688888888888    
  343.2656555           -0.6573057             
  342.8539730555555     -0.12232111111111109   
  20.7544823            1.0700061              
  25.2811254497         1.03793309153          
  347.0823669444444     0.43937111111111105    
  332.980274821         0.686657229875         
  340.5664980555555     -0.8906299999999999    
  351.5935969444444     -0.30143194444444443   
  337.7215880555555     0.17057888888888886    
  25.7224483            0.1489717              
  35.8136509115         -0.684788928491        
  33.338566111111106    -0.3722530555555555    
  24.0940000682         -0.800900131471        
  358.7340393           0.9728155              
  16.0884914            0.8312215              
  19.3466282            -0.402454              
  31.1367531            0.4559954              
  24.2483244688         -0.274462788304        
  359.1445919444444     -0.7510438888888888    
  18.8225155            0.9001288              
  352.292175643         0.227220114919         
  31.5142517            0.8931364              
  12.4120398            1.0057844              
  341.8002014           0.366299               
  33.7250557            0.3365489              
  35.567069999999994    0.08693305555555554    
  30.1344204            0.389733               
  31.831896111111107    -0.33329999999999993   
  1.9693069444444442    0.6545430555555555     
  340.1625671           -0.0086768             
  18.301589999999997    -0.5869119444444444    
  343.3576965           -0.4917463             
  339.669916163         -0.607799163058        
  334.484314            -0.761016              
  18.1986001875         -0.327434072195        
  346.1860352           -0.3121408             
  10.6415472            -0.89179               
  22.2606172919         -0.294289952503        
  22.446303888888885    -0.3213519444444444    
  13.506179999999999    0.4799338888888888     
  27.519273888888886    0.898156111111111      
  3.9749038888888886    -0.37135305555555553   
  23.5641382193         -1.04931407406         
  6.35123002863         -0.816164833536        
  21.7112915989         0.159271477976         
  342.971544399         0.261812143844         
  356.5811768           0.8843869              
  3.0713203             0.2975077              
  18.819581944          -0.567030416637        
  12.8108201478         0.311490463885         
  346.7003784           -0.6564324             
  17.508297             -0.6871732             
  339.439142528         -0.722093403386        
  358.0795288           -0.0033636             
  15.4060411            -0.0431531             
  30.033905             -0.8336391             
  334.489183            0.1001828              
  352.705775623         -0.0659005861493       
  18.2784601535         0.0310195185313        
  337.388931013         -0.310611256125        
  12.500383888888887    -0.5354580555555555    
  357.7907104           -0.8096628             
  339.68154888888887    0.2799919444444444     
  15.4014079381         0.299705304038         
  335.2097168           0.8771816              
  2.8030901             -0.7035935             
  351.75207499999993    0.04007499999999999    
  335.375349            -0.1385852             
  352.3350525           -0.2912959             
  338.088391157         -0.716906981295        
  11.1176963581         -0.113133964188        
  356.7273254           -0.736037              
  26.24078694444444     -0.7084669444444444    
  338.7761536           0.2515832              
  7.8776822             0.1647474              
  332.7127686           1.0151263              
  359.4934998           0.3044454              
  35.3064728            0.3373902              
  347.733429            -0.3298499             
  358.1944275           -0.9579766             
  332.7642212           -0.7528165             
  337.827888528         0.364377435032         
  11.9976749            0.6322845              
  348.683709308         -0.052699538858        
  30.7088966            0.650745               
  333.2218628           -0.2215207             
  21.9793161327         -0.61728570628         
  356.60696388888886    -0.26678499999999994   
  7.9309421             0.7909086              
  344.8362122           0.6828295              
  20.6031266303         1.16371334834          
  342.5419922           -0.2490663             
  4.8188224             -0.7421579             
  356.450732021         0.0967797424768        
  30.637526111111107    0.27939888888888886    
  346.3406067           0.9169881              
  356.8221741           -0.9840797             
  339.6022644           0.4175187              
  343.5823059           0.8685694              
  337.8555908           -0.9534034             
  11.7946377            0.7084465              
  339.67425499999996    -0.01812111111111111   
  20.73092805555555     1.0542730555555555     
  333.328125            -0.295865              
  7.068568888888888     -0.8851130555555554    
  1.5175073             0.5718481              
  339.453960362         -0.260518784474        
  6.9947261111111105    -0.32326388888888885   
  6.108321944444444     0.6366269444444443     
  350.9853516           -0.6115722             
  29.8061428            -0.7146056             
  9.43205963723         -0.593522853016        
  33.46502694444444     -0.8139319444444444    
  23.289166944444442    1.1842199999999998     
  350.6257019444444     0.20870888888888886    
  339.5269775           -0.4042934             
  357.79507388888885    0.03923499999999999    
  16.96885111111111     1.3936088888888887     
  32.2593575            0.298461               
  16.35165194444444     -0.4242038888888888    
  345.6882019444444     0.10651194444444444    
  336.701355            0.01512611111111111    
  30.9494686            -0.0590215             
  28.0327549            0.4054392              
  13.9025087            -0.8805779             
  339.7437744           -0.9738411             
  346.7984619444444     -0.2864769444444444    
  9.659904999999998     -0.12451805555555553   
  358.526291851         -0.352933796177        
  334.93777499999993    0.6189230555555555     
  356.9448853           1.0707911              
  345.2097168           0.2370288              
  11.1075649            1.0207089              
  0.402171192049        0.0538251791124        
  352.1829529           0.7817515              
  8.61283948167         -0.362748617291        
  6.0137796             -0.4651031             
  347.793335            -0.1666879             
  14.7435417            1.0332102              
  21.388103055555554    -0.7184119444444443    
  30.7200901559         -0.276241613978        
  5.42940435073         -0.506030267434        
  33.05943694444444     -0.751046111111111     
  354.8365480555555     0.4307880555555555     
  7.7930832             -0.8454083             
  1.26454088249         0.563185593051         
  356.051036772         -0.948499392675        
  3.0660334             0.3908591              
  348.11452231          0.875488417123         
  338.6593930555555     -0.789061111111111     
  0.920439864157        0.471790404341         
  335.9216003           -0.298109              
  6.8579822             -0.7330956             
  331.7734375           -0.2335609             
  1.197451111111111     -0.694836111111111     
  338.9016724           -0.140369              
  10.5547085            0.2707996              
  31.7181966405         -0.104893524779        
  354.3067322           -0.5306455             
  13.7575254            0.9460176              
  11.8377634946         0.158984930126         
  348.594433599         -0.837760611617        
  34.7485190048         0.407723826398         
  346.6784058           -0.5139549             
  19.57945111111111     -0.9835130555555555    
  337.6332397           0.0502812              
  346.2029419           0.3573432              
  14.9677095            1.0991654              
  346.598755            -0.7697888888888887    
  346.7361755           0.9273021              
  350.9705811111111     -0.6618780555555555    
  0.39797499999999997   -0.7018938888888888    
  0.828268183141        0.356780184097         
  31.261714999999995    -0.29418694444444443   
  18.19248611111111     -1.2187419444444443    
  341.463562            -0.8362592             
  350.37417611111107    -0.41271499999999994   
  332.4081421           0.4705512              
  350.757364254         0.252800459018         
  18.6317024            0.336675               
  4.9007254             0.4947915              
  345.724566973         -0.762738409878        
  11.219826944444444    -0.14061694444444442   
  343.0703125           -0.2903498             
  33.5737809023         0.447391224176         
  353.2393188           -1.045324              
  33.48014111111111     -0.904221111111111     
  358.6782837           -0.1409902             
  352.4051208           0.8388202              
  5.7292123             -0.4259662             
  5.2556319             0.1328404              
  10.2586641            -0.3038612             
  342.1669312           -0.9108721             
  23.466648055555552    -0.28641694444444443   
  29.374118888888884    0.04273                
  23.478014             0.2720194              
  1.3944651             0.6640176              
  18.1213799            -0.9370336             
  341.1391602           -0.1259543             
  5.64618111085         -0.812511479369        
  337.9706726           -0.8213381             
  353.8900146           -0.8267026             
  7.64010009863         0.660264296364         
  349.1683044           -0.1558905             
  352.0818481           -0.6460676             
  345.0999756           -0.2844443             
  5.59803013516         -0.224654474367        
  9.5173855             0.6979896              
  22.075347083          1.12613772049          
  10.8588886            -0.5817581             
  27.3293495            -1.0447975             
  30.5457317234         -0.373824185162        
  17.9465694            0.354478               
  20.9101505            0.9165012              
  339.6033325           0.3487108              
  6.8109088             0.7617694              
  352.208485881         0.683094334997         
  344.276886            0.0125796              
  25.2908325            0.481738               
  347.822792709         -0.631340557201        
  358.7662659           0.084528               
  12.9948721            0.17354                
  11.0243368            0.2596833              
  354.7401123           -0.8295747             
  35.664226111111105    -0.9684088888888888    
  4.472115              0.4581656              
  23.5581799            0.8295261              
  3.1932795             -0.0035755             
  13.8963718            -0.7973151             
  342.8890686           0.8678957              
  31.1055698            0.1601485              
  25.7512498765         0.893975231597         
  351.824800131         0.0960520868411        
  346.7044678           0.8499887              
  351.345153607         -0.410842635888        
  24.9415450733         0.836835098318         
  16.2726879            0.3287286              
  354.2624512           -0.7742093             
  10.7968464            -0.142163              
  340.729248            -0.8691291             
  357.7089233           0.8673239              
  34.4737778            0.9800079              
  22.9462471            -0.1768186             
  29.9200303869         0.836152969416         
  341.1243286           -0.6234823             
  25.3324604            -0.433923              
  27.2291393            -0.6063473             
  331.4885861111111     0.20273499999999997    
  343.2263794           0.6155949              
  3.835611944444444     0.45461499999999994    
  342.8405762           0.896653               
  336.5073853           -0.8478209             
  12.7679081            -0.4646714             
  18.5281296            1.1074333              
  345.1303411111111     0.8631749999999999     
  6.6790805             0.6695697              
  19.1259308            0.8746996              
  0.719688696223        -0.0586007326735       
  16.255006944444442    0.11007499999999999    
  357.2802429           0.2664678              
  9.308816944444443     -0.9344838888888888    
  357.0805664           0.6499221              
  345.6484375           0.613396               
  31.7354527            -0.0529199             
  33.6337585            0.6613247              
  31.9265565082         -0.858733035132        
  27.70347194444444     0.6906049999999999     
  34.74648305555555     0.2253230555555555     
  349.3987122           0.0919477              
  343.58010888888884    -0.03195805555555555   
  24.3310051            -0.8129942             
  342.3663025           0.8502123              
  359.98774738          -0.378827802078        
  338.5465698           0.5775453              
  6.6757221             0.1200526              
  24.8861580889         -1.02089387409         
  8.3462543             1.0103853              
  345.849018989         0.270880322505         
  343.7203061111111     0.806301111111111      
  5.7071033             0.2138616              
  353.596902709         -0.749884583654        
  17.094563888888885    0.19665999999999997    
  10.132781             0.7011009              
  27.6599483            0.9120607              
  343.2537537           -0.5923482             
  3.4723589             0.8638375              
  346.2866821           0.7177328              
  6.3668137             -0.5632801             
  11.1526031            1.000631               
  12.87243111111111     -0.612441111111111     
  34.7725754            -0.6693166             
  354.6468811           -0.889969              
  345.0682373           0.6432645              
  1.5165665             0.9357898              
  345.6345825           0.7166033              
  25.2444401            0.3882817              
  26.3504181            -0.5093488             
  354.2698059           -0.2041944             
  22.206189999999996    0.09552694444444443    
  13.5424662            -0.9249965             
  348.5351562           -0.6605556             
  1.46381558712         -0.472407368447        
  2.0984428             0.9696943              
  2.1456411             -0.3374732             
  26.3326397            -0.5646598             
  19.316476944444442    0.4408319444444444     
  22.8464832            -1.2851076             
  1.4962403428          -0.587212499352        
  335.5196838           -0.8240894             
  7.0537229             -0.1669469             
  337.412323            -0.3930725             
  351.4894411111111     -0.9162061111111109    
  333.7634583           0.3933387              
  2.2667806             0.9230055              
  334.9829407           -0.6798618             
  13.720233888888886    -0.22904888888888886   
  334.8016357           -0.9009053             
  336.90081805555553    0.08464194444444444    
  341.2147217           0.2359547              
  11.82166611111111     -0.014926111111111109  
  14.1602478            -0.3105139             
  353.4934692           0.9438763              
  19.4898682            -0.6676803             
  351.9419861           0.6057858              
  30.4165993            -0.170269              
  20.6934662            0.3676982              
  20.6412201            -0.0714198             
  341.150238            0.1459606              
  333.1918945           -0.3233877             
  6.61174633997         0.405273063471         
  343.9696045           0.1803737              
  337.9464722           -0.3788056             
  23.557531111111107    -0.1115861111111111    
  339.6207886           -0.599434              
  16.980442             -0.4998923             
  23.4607105            -0.9626936             
  10.1016367879         0.751174612945         
  344.49859611111106    0.27933305555555554    
  335.778903512         0.521823370987         
  346.6261597           -0.4546242             
  17.354332             0.436692               
  8.5199738             0.2895758              
  349.5380249           0.7952257              
  23.9743099            -1.0377505             
  15.6150588646         0.720582521438         
  332.13625752          0.259011897277         
  334.0506897           0.125414               
  358.7542725           0.8697054              
  2.31132997033         0.405506424066         
  30.4379864            -0.0544726             
  8.07540233869         0.135390185381         
  4.18963687357         0.636337675095         
  348.3003230555555     -0.28275888888888884   
  11.2080784            -0.0744225             
  345.8529358           0.2192771              
  332.5104675           0.6040192              
  337.4091187           -0.2939646             
  6.2436075             1.0285687              
  18.4228687            -0.5978727             
  7.0276022             0.5139552              
  24.1468601            -0.3900323             
  355.2916869444444     -0.699756111111111     
  332.565641117         -0.777816399297        
  19.5473137            -0.5233509             
  7.96607229209         -0.976427871526        
  33.6724917003         0.94321710999          
  6.16738203453         -0.514093957575        
  24.2077274            0.6406894              
  337.3305361111111     -0.31607611111111106   
  347.2366943           0.2823562              
  12.5440865            0.2751624              
  10.476556944444443    -0.49885888888888885   
  21.015743055555554    0.742436111111111      
  31.882021111111108    1.0635811111111109     
  336.5949402           -0.33605               
  332.1102295           0.3236541              
  335.385631            1.0016223              
  357.8135986           0.5564898              
  27.362875             0.4857949              
  344.463782684         0.771093085737         
  17.4740560864         0.659559944561         
  8.7693672             -0.8528224             
  29.0969048            -0.4627326             
  339.6927185           0.7942179              
  356.268113292         -0.709818963755        
  345.2080080555555     0.06425388888888887    
  345.0506897           -0.2497335             
  9.84457545896         0.445248600897         
  22.6102219            -0.3038993             
  346.760936284         0.680091410208         
  342.4108276           -0.6690811             
  1.9949547             0.7610193              
  341.5852051           0.8946894              
  357.634601478         0.421465450773         
  19.8406677            1.0191852              
  343.49081388888885    -0.6911211111111111    
  0.0783889             -0.6721315             
  344.215003491         0.100007917508         
  350.50564611111105    0.009826944444444444   
  357.72311388888886    -0.8028438888888888    
  20.6408119            1.1355809              
  351.7210388           -0.6532741             
  342.7966614           0.9956158              
  337.5151061111111     0.38665611111111103    
  338.89831499999997    0.6005669444444444     
  34.2832202671         -0.605073557909        
  27.6208743434         0.89120278044          
  345.872890177         -0.0803367432971       
  359.4085693           0.205075               
  357.93573             0.7471673              
  34.5151939            0.2142634              
  344.2719421           0.9953072              
  31.927863888888886    -0.04275805555555555   
  337.0107117           0.8295129              
  12.3049841            0.6915691              
  27.56491694444444     0.7654749999999999     
  335.418907            0.9832587              
  10.1834627488         -0.907518289993        
  34.3420143            0.1839119              
  6.9169097             1.0243776              
  346.4055176           -0.8247971             
  28.7208443            0.4372189              
  30.5565186            -0.8915367             
  356.3310242           -0.7954642             
  23.9146557            1.2401439              
  25.0224944247         -1.05924870413         
  11.9040009206         -0.467772960513        
  351.2302856           0.1861028              
  10.5983574243         -0.0709773170786       
  336.6997681           0.8227326              
  23.0971241            -0.8608361             
  5.5033813             0.506157               
  0.676274880847        0.892532300697         
  35.59645111111111     -0.3274161111111111    
  20.9673672            1.0916513              
  33.6455383            -0.46586               
  21.4592667            0.2124967              
  357.21161853          -0.574865694304        
  6.073401944444444     0.14617111111111109    
  355.44695999999993    0.26443694444444443    
  24.090228888888884    -0.20409805555555552   
  10.5846904346         0.381598638552         
  14.8061584941         -1.08380527748         
  347.46789499999994    -0.5275119444444444    
  0.214853522271        0.200713252652         
  14.5321007            -0.398697              
  355.6082761111111     0.22554305555555554    
  336.9933167           0.1880889              
  340.62960805555554    0.8264030555555555     
  16.3649883            -0.4929668             
  13.452703888888887    -0.36589499999999997   
  355.6241455           -0.2768182             
  16.9975243            0.6417887              
  23.2400341            0.3092697              
  16.9076968052         -0.617700635019        
  2.1711994704          0.622266858598         
  13.7024626317         0.714381479601         
  336.5541382           -0.5163425             
  347.0986330555555     0.44716611111111104    
  346.6712036           0.2827103              
  18.0080471            0.9963045              
  26.2194943771         -1.17898832262         
  34.0247192            -0.7012976             
  346.5955505           -0.9005973             
  344.844574            0.2351398              
  9.07850611111111      -0.7749819444444443    
  331.8188171           0.7402463              
  359.180825012         -0.766846101506        
  17.1929163854         0.616543622545         
  11.2238474            0.0116386              
  28.6096706            -0.1324649             
  26.7914162            -0.5542014             
  4.2872596             0.8815312              
  28.6998789728         -0.164394336528        
  346.5664978           -0.7794218             
  9.55660054435         0.95885868156          
  341.643219            0.6515446              
  21.023784999999997    -0.7355188888888888    
  8.9878931             -0.2895327             
  349.6557922           0.1033281              
  19.8816338            1.0955679              
  16.5675659            0.3655716              
  22.9803753            -0.5188887             
  27.4043312            0.0173211              
  343.701661474         -0.886088767405        
  35.11625694444444     0.11025888888888888    
  20.4601021            1.217055               
  30.2915134            -0.6687458             
  12.3038483            0.355941               
  344.10143999999997    0.7889499999999999     
  24.2569008            -1.2329477             
  21.752878055555552    -0.7664399999999999    
  20.083296111111107    0.12655805555555555    
  337.921875            0.0042651              
  344.7928162           0.8510045              
  354.8677980555555     0.9851130555555554     
  20.5577908            0.3225238              
  332.4968262           -0.1806164             
  15.4963856            -0.5649214             
  334.38913904          -0.707155223535        
  331.7958984           -0.4805635             
  12.27476611111111     -0.5261999999999999    
  336.1481628           0.2523111              
  342.4223328           0.2657274              
  26.4125175            1.2018551              
  30.0116367            0.4259193              
  15.862076944444443    0.9274049999999999     
  30.860291111111106    -0.6650099999999999    
  29.8950405            0.2919106              
  16.5849876            0.9580596              
  11.818088055555554    -0.597285              
  346.2153319444444     0.8597630555555554     
  346.682312            0.6576861              
  8.7015543             0.3834006              
  27.3719082            0.1996137              
  332.6476746           0.1395413              
  356.949585            0.9500361              
  334.2767944           -0.3460162             
  14.7608633            1.2405995              
  21.0913868            -1.2005343             
  30.7256413            -0.6404321             
  22.78411111111111     0.8800688888888888     
  14.5130968            -0.0546953             
  20.2077427            -1.2123972             
  18.3883076            -0.0058971             
  21.5218105            1.0151486              
  28.1880455            -1.0173936             
  32.3551937228         -0.047175382394        
  31.3858471            0.3177598              
  345.1286316           -0.296737              
  33.508221111111105    -0.6617480555555555    
  339.5393372           0.2182295              
  337.7690125           0.718214               
  35.6096001            -0.0860732             
  6.9887886             -0.2008978             
  353.2196655           0.5181499              
  342.4633484           -0.55382               
  335.1751709           -0.7716959             
  353.8370667           0.8324597              
  30.7479973            -0.9607302             
  348.3902893           0.5795938              
  12.9067106            -0.9336203             
  351.4689941           -0.5567973             
  34.1387177            0.0107467              
  336.582489            -0.7946956             
  28.8282583253         -0.682274826943        
  17.7670403            1.2171011              
  6.9172659             0.8231864              
  335.704631276         0.0845884742327        
  7.9045119             -0.759419              
  11.9564524            -0.0207151             
  344.6592712           -0.6508371             
  344.6592712           -0.6508371             
  342.2727966           -0.8689625             
  25.188073888888887    -1.2852530555555555    
  19.9762287            -0.9176705             
  2.3679781             -0.4369491             
  342.2527771           0.3764041              
  1.01964659112         0.0108653336131        
  346.3247375           0.026753               
  342.9169312           -0.0126951             
  6.7056952             0.3916817              
  335.1192017           -0.7026578             
  340.0148926           0.9785424              
  348.4707642           -0.838806              
  4.95857611111111      -0.6780080555555554    
  12.526458888888888    -0.888691111111111     
  7.8237591             0.2847385              
  20.8666306            0.2861694              
  25.436079             -1.1521875             
  356.1836243           -0.0751262             
  341.8554382           -0.8932629             
  337.8881531           0.6355275              
  32.7574387            0.4702622              
  333.5333862           -0.0294763             
  359.0187378           0.5247724              
  354.3849792           0.2636257              
  14.1545849            0.5546511              
  359.3265080555555     0.7306530555555555     
  33.0714264            0.0122027              
  335.3805542           -0.7624341             
  357.9091492           0.5586377              
  22.7535057            -1.2166505             
  2.1694832             0.4567039              
  356.5008545           -0.0441145             
  343.3937073           -0.5017647             
  16.9948826            1.1051989              
  12.2748213133         0.377068899807         
  18.6391296            -1.2601253             
  1.6583195             -0.6156386             
  18.5135956            -0.8295082             
  343.611084            0.1306817              
  357.3546448           -0.7523059             
  337.2523499           0.180866               
  16.580186944444442    0.8064761111111111     
  334.7440491           0.5493819              
  24.8607178            0.3491852              
  27.550941944444443    0.27299611111111105    
  10.9346037            0.7585483              
  9.7163887             -0.5898864             
  16.0509529            0.678875               
  342.2238464           -0.9203115             
  26.4563236            0.8517278              
  335.5475464           0.2333122              
  20.4889889            1.0651978              
  340.8937378           0.9739851              
  337.5671997           -0.315932              
  333.959198            0.8550473              
  342.9682922           0.8902853              
  339.6940308           -0.6823781             
  18.5354786            -0.8703985             
  341.3361206           0.4655847              
  16.6596413            1.1455806              
  341.5605164           0.4043418              
  341.5251465           -0.8738442             
  344.1476746           1.0174024              
  337.3459167           -0.2422926             
  354.0436707           -0.9707958             
  354.5839539           -0.5763977             
  334.6389771           -0.3484185             
  335.1452026           0.1453042              
  339.85627349848664    0.72715579794225       
  334.8267517           0.1229947              
  20.8908043            1.128047               
  355.3482056           0.6038253              
  15.0254631            -1.0628946             
  346.6485901           -0.4713503             
  332.1468506           -0.6569352             
  334.5571594           -0.0966169             
  9.2876558             -0.9093187             
  343.3327026           -0.8223226             
  340.4074097           0.6102039              
  1.2484592             -0.429427              
  30.7807198            0.8043538              
  5.9962268             -0.1842929             
  350.6442871           -1.0316408             
  338.0829773           -0.7776651             
  334.7529297           -0.5209965             
  3.6034546             0.4648941              
  337.03158611111104    0.5906430555555555     
  334.2738037           -0.2187879             
  349.2542114           0.5349044              
  334.2165527           0.8481123              
  335.21169999999995    0.33310111111111107    
  32.67986694444444     -0.30513499999999993   
  17.542604447223795    0.4054422993475298     
  347.319891072695      0.16738317601604605    
  6.9501562             1.002776               
  335.7697144           0.0268158              
  343.3615112           0.5622912              
  353.8007507           -0.1762771             
  355.5289053207665     0.6038997741297203     
  22.086722655517725    -0.2769645766716958    
  350.3377075           0.9554695              
  1.3821607             -0.5787082             
  333.614563            0.1439409              
  331.8909912           -0.8614959             
  25.1091099            0.8854768              
  338.2458191           0.3328882              
  12.190136             -0.4305532             
  341.2443237           -0.9106771             
  8.855388055555554     0.6674280555555555     
  334.270874            -0.8135715             
  16.6468086            -0.8262005             
  340.5271460742582     0.4232642664492803     
  15.5006361            1.1720512              
  14.3871431            0.9987305              
  334.2723694           -0.8273071             
  347.5015564           -0.7241776             
  1.9548669444444442    0.68878                
  14.263343050924558    0.1756503700223949     
  336.28829999999994    -0.23522805555555554   
  343.444519            -0.6371787             
  1.3552525             0.8304774              
  32.761364             -0.1528788             
  24.6413097            0.9695062              
  340.5759583           0.2118042              
  356.50644462473764    -0.6486663178889366    
  3.87439765762816      -0.817865576634968     
  335.56680240494563    -0.06824547666922784   
  333.21456888888883    -0.708525              
  16.1991138            -0.9289727             
  3.3257256             0.835046               
  22.28106229412532     -0.4793414102279422    
  338.8869629           0.9386099              
  32.73614499999999     0.05134805555555555    
  5.877778888888888     -0.31016999999999995   
  339.7814955360981     0.5062407844201078     
  332.1777039           -0.5159521             
  353.72944044650944    -0.17283909666669367   
  17.12487322850282     -1.0043696066593386    
  332.4971924           -1.0120049             
  341.35112618350433    0.40395443869134345    
  339.70914054719185    -0.4505039887180156    
  332.92089385304666    0.18858977633839347    
