#Theta DD DR RR XI factor=225.937641211 jknum= 10
0.050323978983 0 3 426 -2.15618137648
0.0763011640511 0 2 920 0.0257005316072
0.115687744753 0 10 2130 -1.10412091766
0.175405637024 0 26 4810 -1.42258246195
0.265949842531 2 40 11122 8.41813882633
0.403232871773 0 125 26150 -1.14234108729
0.611381256445 0 273 58336 -1.09737601551
0.926975618552 0 604 136278 -0.986376115721
1.40547945874 4 1387 310472 -0.355224452879
2.13098647839 26 3223 716080 0.8060755046
3.23099945918 34 7411 1640126 0.0158638473166
4.89883798472 74 16673 3760440 0.00104863852764
7.42761300449 180 38381 8590948 0.049853181477
11.2617390321 466 88156 19634748 0.179567585826
17.0750368861 936 200474 44709040 0.0416708783365
25.8891529834 2012 452847 101317718 -0.00596138456994
39.2531065478 4718 1024506 228001868 0.0252600184473
59.5155188986 10376 2283862 507670182 0.0101117589934
90.2373672122 23302 5008562 1112270782 0.0338711259589
136.817801341 48064 10766195 2387556650 -0.0100684694819
207.443006619 103848 23015342 5090603346 -0.00187560584777
STEP_DONE 
0.050323978983 0 3 438 -2.09470386127
0.0763011640511 0 3 918 -0.476558051457
0.115687744753 0 10 2106 -1.14542622861
0.175405637024 0 22 4856 -1.04699110429
0.265949842531 2 43 11086 8.45491262651
0.403232871773 0 124 26166 -1.14119539496
0.611381256445 0 265 58802 -1.03622482896
0.926975618552 0 606 137164 -0.99620176453
1.40547945874 4 1380 313236 -0.338841989849
2.13098647839 28 3201 722132 0.976090936711
3.23099945918 40 7399 1651650 0.211944430972
4.89883798472 80 16718 3784306 0.0828724348501
7.42761300449 176 38250 8644866 0.0399056459581
11.2617390321 438 87813 19741392 0.122548165349
17.0750368861 930 199519 44893348 0.0492188754959
25.8891529834 2008 450237 101559802 0.00603272580975
39.2531065478 4594 1015540 227859408 0.015248759496
59.5155188986 10120 2254275 505132108 0.00610397544271
90.2373672122 22626 4909551 1099288942 0.0325504125311
136.817801341 46454 10456809 2338201226 -0.00667129488487
207.443006619 99392 22120648 4925171954 0.000634771463796
STEP_DONE 
0.050323978983 0 2 420 -1.15055892304
0.0763011640511 0 3 914 -0.482332736889
0.115687744753 0 9 2128 -0.910035885596
0.175405637024 0 25 4862 -1.32217900987
0.265949842531 2 43 11098 8.43914030469
0.403232871773 0 127 26094 -1.19803044675
0.611381256445 0 272 58686 -1.09317257411
0.926975618552 0 612 136966 -1.01794483879
1.40547945874 2 1396 312728 -0.689898978353
2.13098647839 28 3193 721988 0.980184562353
3.23099945918 42 7338 1651416 0.290059779291
4.89883798472 78 16757 3784374 0.0512125882558
7.42761300449 186 38369 8642712 0.0924089241428
11.2617390321 448 87763 19739936 0.149340133794
17.0750368861 960 199553 44894784 0.082930853684
25.8891529834 2014 450123 101580470 0.00974678395681
39.2531065478 4632 1015766 227957026 0.0237023133917
59.5155188986 10114 2257802 505428356 0.00291670850914
90.2373672122 22608 4920759 1100323192 0.0279872110756
136.817801341 46784 10469520 2340261198 -0.00105125454952
207.443006619 99370 22082849 4918783306 0.0025652518188
STEP_DONE 
0.050323978983 0 3 452 -2.03085125056
0.0763011640511 0 2 938 0.0263363431042
0.115687744753 0 8 2170 -0.683495871278
0.175405637024 0 24 4924 -1.22574291674
0.265949842531 0 39 11206 -0.589263068738
0.403232871773 0 129 26512 -1.22192308788
0.611381256445 0 271 59438 -1.08202962966
0.926975618552 0 604 138610 -0.989867585822
1.40547945874 4 1396 316636 -0.354720673663
2.13098647839 28 3219 729968 0.985948245654
3.23099945918 42 7373 1670030 0.295026148281
4.89883798472 84 16700 3829242 0.152065695089
7.42761300449 178 38399 8740930 0.0555516561511
11.2617390321 458 88130 19969650 0.180356329991
17.0750368861 942 199631 45426024 0.0742555146035
25.8891529834 1968 450308 102795948 -0.00234270951716
39.2531065478 4498 1016153 230749628 0.00526307378213
59.5155188986 10020 2256788 511844784 0.00712753581172
90.2373672122 22384 4914737 1114605464 0.0333929817491
136.817801341 46040 10459198 2369234072 -0.00286482287675
207.443006619 97342 21981589 4962951186 -5.6208980619e-05
STEP_DONE 
0.050323978983 0 3 440 -2.08060278913
0.0763011640511 0 3 908 -0.492803113674
0.115687744753 0 9 2158 -0.884335348307
0.175405637024 0 25 4866 -1.32132009045
0.265949842531 2 41 11090 8.53352137209
0.403232871773 0 125 26244 -1.15202399789
0.611381256445 0 267 58890 -1.04850407917
0.926975618552 0 621 137278 -1.04389124283
1.40547945874 4 1391 313014 -0.355661908974
2.13098647839 28 3163 721590 0.99984483868
3.23099945918 44 7403 1651222 0.334272070615
4.89883798472 80 16698 3786366 0.0857561798092
7.42761300449 186 38243 8641330 0.0989379350767
11.2617390321 448 87900 19736670 0.146202078492
17.0750368861 926 199380 44870568 0.0455850551955
25.8891529834 2008 449896 101455734 0.00653160330717
39.2531065478 4598 1014039 227525378 0.017680483345
59.5155188986 10204 2250871 503831174 0.0150987508333
90.2373672122 22682 4897529 1094458684 0.0358541062694
136.817801341 46202 10377699 2319462118 -0.00493886534858
207.443006619 97704 21744475 4852767874 0.00299529008114
STEP_DONE 
0.050323978983 0 3 420 -2.21178580395
0.0763011640511 0 3 914 -0.475875314727
0.115687744753 0 10 2114 -1.12701046619
0.175405637024 0 23 4864 -1.12622333239
0.265949842531 2 40 11082 8.49923898145
0.403232871773 0 122 26238 -1.09075773807
0.611381256445 0 267 58656 -1.0467906668
0.926975618552 0 605 136666 -0.990533545979
1.40547945874 4 1398 311994 -0.366774950032
2.13098647839 28 3172 719660 0.984723475954
3.23099945918 42 7357 1646680 0.280290501149
4.89883798472 80 16702 3772334 0.0811121618919
7.42761300449 186 38321 8613140 0.0909901139587
11.2617390321 444 87912 19675848 0.13157074333
17.0750368861 922 200053 44777082 0.0318672256732
25.8891529834 1980 451324 101345008 -0.0149113712632
39.2531065478 4642 1019681 227576430 0.0163140941792
59.5155188986 10236 2266189 504975762 0.00668469127112
90.2373672122 22840 4944005 1100438808 0.0289375578098
136.817801341 47234 10536850 2342143984 -0.00352138830021
207.443006619 99782 22169306 4920527366 -0.000872284602974
STEP_DONE 
0.050323978983 0 3 446 -2.06607566462
0.0763011640511 0 3 940 -0.454755049385
0.115687744753 0 9 2114 -0.940590936266
0.175405637024 0 25 4908 -1.32183806442
0.265949842531 2 45 11188 8.45221405795
0.403232871773 0 127 26438 -1.18963433688
0.611381256445 0 265 59190 -1.04076974039
0.926975618552 0 598 138632 -0.966229317812
1.40547945874 2 1372 316434 -0.648059564671
2.13098647839 24 3174 728922 0.725438405214
3.23099945918 44 7394 1667282 0.349339868124
4.89883798472 76 16706 3825420 0.0413441280531
7.42761300449 178 38360 8734524 0.0566858933093
11.2617390321 434 87978 19962096 0.120390550274
17.0750368861 916 200327 45442074 0.0376040727647
25.8891529834 2000 452055 102955728 0.00763402243183
39.2531065478 4592 1022898 231514140 0.0163228045139
59.5155188986 10180 2277888 515038404 0.0107002668113
90.2373672122 22802 4985477 1126675114 0.0342594174815
136.817801341 47018 10680699 2413215126 -0.00538969921018
207.443006619 99926 22607305 5099443906 -0.00293449379072
STEP_DONE 
0.050323978983 0 3 446 -2.07095627268
0.0763011640511 0 2 934 0.0223793735797
0.115687744753 0 9 2114 -0.943679987154
0.175405637024 0 27 4914 -1.50851006889
0.265949842531 2 41 11234 8.61081681609
0.403232871773 0 128 26414 -1.2123968564
0.611381256445 0 270 59462 -1.073058168
0.926975618552 0 602 138776 -0.980474989826
1.40547945874 4 1374 316744 -0.322396823351
2.13098647839 26 3174 730360 0.87095876379
3.23099945918 38 7387 1670572 0.166527225833
4.89883798472 78 16687 3829282 0.0719116385341
7.42761300449 168 38292 8747784 0.00228209076847
11.2617390321 442 87956 19986008 0.143203651156
17.0750368861 920 200166 45488904 0.0449301389921
25.8891529834 2016 451564 103030410 0.0186504021064
39.2531065478 4502 1019582 231589932 0.00300798782037
59.5155188986 10068 2268867 514776462 0.00692222678958
90.2373672122 22638 4959402 1125057938 0.0359954981615
136.817801341 46578 10605911 2406494222 -0.00352351584538
207.443006619 98410 22423994 5080390062 -0.00574580876529
STEP_DONE 
0.050323978983 0 1 440 -0.0194645424874
0.0763011640511 0 3 904 -0.488598668234
0.115687744753 0 8 2112 -0.699107570812
0.175405637024 0 23 4784 -1.15655960911
0.265949842531 2 40 11094 8.45109373898
0.403232871773 0 129 26060 -1.2204454118
0.611381256445 0 269 58376 -1.0670108135
0.926975618552 0 601 136328 -0.977489610464
1.40547945874 4 1380 311126 -0.342892752204
2.13098647839 30 3238 717060 1.07896637011
3.23099945918 46 7317 1643280 0.410793974355
4.89883798472 82 16828 3761764 0.0898854112539
7.42761300449 186 38440 8592062 0.0821121209059
11.2617390321 448 88102 19631336 0.134857737708
17.0750368861 958 200317 44684568 0.0675690337457
25.8891529834 2016 451625 101160358 -0.000125430489479
39.2531065478 4698 1020042 227299526 0.0266879916589
59.5155188986 10262 2267296 504859124 0.007992651101
90.2373672122 23058 4953102 1101748092 0.0361589286938
136.817801341 47156 10562549 2349819074 -0.00685135460138
207.443006619 100062 22279304 4952778440 -0.00152538872332
STEP_DONE 
0.050323978983 0 3 426 -2.1569264759
0.0763011640511 0 3 908 -0.481113082305
0.115687744753 0 8 2090 -0.715917931398
0.175405637024 0 23 4814 -1.14177853558
0.265949842531 2 42 10994 8.42688424518
0.403232871773 0 124 25908 -1.14555972625
0.611381256445 0 262 58182 -1.01867059588
0.926975618552 0 601 135928 -0.982067118667
1.40547945874 4 1386 310500 -0.353825648267
2.13098647839 24 3148 716252 0.71316276
3.23099945918 42 7368 1640042 0.27264503336
4.89883798472 80 16739 3758952 0.0729715335503
7.42761300449 174 38255 8587764 0.021001502151
11.2617390321 452 88014 19640880 0.147341754205
17.0750368861 952 200641 44771612 0.0593141469249
25.8891529834 2038 453742 101597906 0.00571866537195
39.2531065478 4736 1028961 229132896 0.0253173843792
59.5155188986 10420 2301744 512019834 0.00719077737958
90.2373672122 23576 5068770 1128236680 0.0358415545998
136.817801341 48906 10964208 2446420620 -0.00475746145875
207.443006619 105574 23553385 5251031736 -0.000680743454486
STEP_DONE 
