#Theta DD DR RR XI factor=225.937641211 
0.050323978983 0 3 484 -1.80087984972
0.0763011640511 0 3 1022 -0.32644407756
0.115687744753 0 10 2360 -0.914725772975
0.175405637024 0 27 5402 -1.25853991585
0.265949842531 2 46 12358 7.57949283384
0.403232871773 0 140 29142 -1.17083726371
0.611381256445 0 298 65350 -1.06057894662
0.926975618552 0 673 152552 -0.993497725825
1.40547945874 4 1541 348206 -0.413383282736
2.13098647839 30 3546 802974 0.911684288671
3.23099945918 46 8199 1837804 0.261767943893
4.89883798472 88 18590 4212970 0.0723519177165
7.42761300449 200 42629 9623504 0.0592378959712
11.2617390321 498 97865 21995758 0.145246038274
17.0750368861 1042 222633 50084688 0.053392851496
25.8891529834 2234 502858 113499228 0.00273968391539
39.2531065478 5154 1137643 255370404 0.0172224522455
59.5155188986 11404 2536401 568490062 0.00792002767274
90.2373672122 25650 5560742 1245227690 0.0336021701295
136.817801341 53078 11943071 2673316134 -0.00521688333238
207.443006619 113896 25469318 5689103466 -0.00100359429203
