#Theta DD DR RR XI factor=173.468965517 
0.050323978983 0 3 450 -1.31291954023
0.0763011640511 0 5 1038 -0.671184638894
0.115687744753 0 13 2508 -0.79832260903
0.175405637024 0 28 5442 -0.785053669417
0.265949842531 0 77 12796 -1.08770089791
0.403232871773 2 195 28832 0.740915213774
0.611381256445 0 398 65688 -1.10207795262
0.926975618552 2 849 148730 -0.575790623634
1.40547945874 24 1943 335664 1.14328366445
2.13098647839 40 4482 760284 0.537914086063
3.23099945918 62 9957 1721430 0.0770527436737
4.89883798472 162 22595 3909756 0.241834409076
7.42761300449 306 50858 8835696 0.0451713362162
11.2617390321 648 113510 19852640 -0.00146097532949
17.0750368861 1426 251962 44165184 -0.007687903003
25.8891529834 3148 547115 96474800 0.0143855099009
39.2531065478 6598 1159367 204192922 0.00248848944262
59.5155188986 13008 2297806 404653248 -0.0027500427565
90.2373672122 23056 4061336 710680740 -0.00641857852894
136.817801341 32868 5665088 991414468 0.0151575238557
207.443006619 43890 7731961 1363857664 0.00151207618709
