#Theta DD DR RR XI factor=118.566329966 jknum= 20
0.050323978983 0 7 416 -2.95754909984
0.0763011640511 0 6 982 -0.437015209949
0.115687744753 0 22 2350 -1.20179266636
0.175405637024 0 42 5106 -0.934595094632
0.265949842531 2 119 12022 0.972527957082
0.403232871773 2 263 27104 -0.261726806672
0.611381256445 8 565 61696 0.639310195912
0.926975618552 14 1189 140094 0.385840560535
1.40547945874 32 2651 315378 0.426173211345
2.13098647839 70 6235 715062 0.302989398853
3.23099945918 136 13976 1619068 0.131398428848
4.89883798472 314 31177 3674954 0.1862933018
7.42761300449 652 70224 8304932 0.0969539338765
11.2617390321 1350 156350 18649626 0.0292907489838
17.0750368861 2756 345139 41454724 -0.0387644887573
25.8891529834 6372 749741 90424832 0.024428942117
39.2531065478 13390 1589245 190978790 0.0124043970332
59.5155188986 26790 3145315 377078120 0.0206834030132
90.2373672122 47460 5568791 658168744 0.00721608991183
136.817801341 66372 7689542 906616050 0.0175858545033
207.443006619 87952 10221481 1217795728 0.0246818195338
STEP_DONE 
0.050323978983 0 7 430 -2.87910605311
0.0763011640511 0 5 986 -0.208356710256
0.115687744753 0 20 2386 -0.997384268754
0.175405637024 0 41 5192 -0.881703712203
0.265949842531 2 116 12194 1.06143763602
0.403232871773 2 265 27510 -0.263385423934
0.611381256445 6 552 62800 0.261732025087
0.926975618552 14 1174 141990 0.429424313506
1.40547945874 36 2688 320116 0.595497581029
2.13098647839 68 6261 724982 0.273580080065
3.23099945918 138 14004 1642046 0.160781797373
4.89883798472 310 31298 3728188 0.179924028603
7.42761300449 662 70290 8420610 0.126906457399
11.2617390321 1352 156169 18906190 0.0468114849307
17.0750368861 2730 345272 42029192 -0.0354951394607
25.8891529834 6254 750739 91675312 0.0170228846059
39.2531065478 13224 1590860 193527948 0.011180051002
59.5155188986 26500 3146435 382141908 0.0223986467526
90.2373672122 46906 5553434 666659770 0.0137813747024
136.817801341 65214 7666590 917603148 0.0179582695879
207.443006619 86726 10237144 1239345910 0.025060229487
STEP_DONE 
0.050323978983 0 7 418 -2.96671417422
0.0763011640511 0 6 970 -0.465172186883
0.115687744753 0 21 2386 -1.08476931034
0.175405637024 0 42 5210 -0.909504635113
0.265949842531 2 121 12130 0.94990691888
0.403232871773 2 266 27332 -0.278856545009
0.611381256445 8 553 62430 0.699270990859
0.926975618552 14 1177 140964 0.41530930104
1.40547945874 36 2632 317904 0.62732121036
2.13098647839 66 6244 719840 0.231433357518
3.23099945918 134 13934 1630220 0.128369333513
4.89883798472 320 31173 3701972 0.217887089036
7.42761300449 658 70202 8358074 0.114738062068
11.2617390321 1350 156120 18771802 0.0387763616709
17.0750368861 2774 344787 41723546 -0.0248220243107
25.8891529834 6342 747753 90969198 0.0308590277599
39.2531065478 13146 1580207 192023744 0.0110251124487
59.5155188986 26328 3122575 379105356 0.0231067807465
90.2373672122 46558 5512047 661887830 0.0140677950112
136.817801341 64428 7592120 910913972 0.0178835004228
207.443006619 85672 10132229 1227193860 0.0235341761432
STEP_DONE 
0.050323978983 0 7 428 -2.89600318155
0.0763011640511 0 5 996 -0.195847218662
0.115687744753 0 21 2364 -1.11610325089
0.175405637024 0 39 5194 -0.788659582661
0.265949842531 2 115 12188 1.08025868456
0.403232871773 2 265 27484 -0.26450742418
0.611381256445 8 560 62626 0.682104793441
0.926975618552 14 1180 141728 0.41802299262
1.40547945874 34 2655 320230 0.531213010137
2.13098647839 66 6269 724458 0.231069269698
3.23099945918 134 13965 1639638 0.130495271447
4.89883798472 310 31227 3722572 0.183116512452
7.42761300449 640 70255 8407458 0.0893339730124
11.2617390321 1338 155947 18881378 0.0378214953966
17.0750368861 2732 343975 41967250 -0.0289495103051
25.8891529834 6198 745672 91544230 0.0201270644032
39.2531065478 13040 1578566 193284094 0.0115853825708
59.5155188986 26134 3119607 381361554 0.0235390855246
90.2373672122 46442 5524985 664613980 0.0110343462702
136.817801341 64632 7599189 911860360 0.0203182864236
207.443006619 85510 10107756 1225634820 0.0252207454323
STEP_DONE 
0.050323978983 0 6 430 -2.29506185057
0.0763011640511 0 6 986 -0.436994519011
0.115687744753 0 18 2382 -0.784479339729
0.175405637024 0 39 5116 -0.800175502803
0.265949842531 0 118 12074 -1.30787143584
0.403232871773 2 271 27264 -0.324570965474
0.611381256445 8 546 62120 0.719803448289
0.926975618552 14 1186 140354 0.395159076172
1.40547945874 34 2670 316716 0.505841974137
2.13098647839 70 6210 717522 0.316285601116
3.23099945918 132 13936 1624154 0.10680410061
4.89883798472 314 31147 3686752 0.192326576861
7.42761300449 656 70083 8327664 0.11087066888
11.2617390321 1338 155682 18689682 0.0309995028563
17.0750368861 2756 343601 41509742 -0.0291069623499
25.8891529834 6300 745083 90480762 0.0261067842606
39.2531065478 13144 1578102 190877548 0.0076417651169
59.5155188986 26328 3112411 375889342 0.0211517694592
90.2373672122 46518 5464107 651998340 0.015628296228
136.817801341 63714 7448402 887887182 0.0194040317043
207.443006619 85062 9955652 1195069298 0.0250622277844
STEP_DONE 
0.050323978983 0 5 430 -1.75167408873
0.0763011640511 0 6 976 -0.454778514126
0.115687744753 0 22 2376 -1.19114788547
0.175405637024 0 40 5122 -0.848059130271
0.265949842531 2 108 12142 1.20117243605
0.403232871773 2 275 27340 -0.356141461005
0.611381256445 8 556 62056 0.684586347683
0.926975618552 12 1183 140688 0.204276764816
1.40547945874 36 2661 317348 0.603885057646
2.13098647839 72 6233 718366 0.349920197214
3.23099945918 130 13889 1626092 0.0979993017427
4.89883798472 324 31035 3689202 0.238801305672
7.42761300449 648 69969 8334008 0.10179085226
11.2617390321 1344 155497 18704058 0.0386415841534
17.0750368861 2748 342997 41546302 -0.0276707328136
25.8891529834 6256 743140 90511396 0.0247081872638
39.2531065478 13150 1573938 190801704 0.012788034028
59.5155188986 26406 3110963 375249816 0.0233061115697
90.2373672122 46608 5463988 649191002 0.0133820153098
136.817801341 63812 7428186 879946470 0.0175975756087
207.443006619 85270 9965348 1193408974 0.0242643703682
STEP_DONE 
0.050323978983 0 7 412 -2.98835640019
0.0763011640511 0 6 984 -0.431361356167
0.115687744753 0 21 2374 -1.07649895141
0.175405637024 0 41 5108 -0.884196115674
0.265949842531 2 114 12046 1.06570377792
0.403232871773 2 261 27184 -0.24028074844
0.611381256445 8 558 61594 0.662662890371
0.926975618552 10 1176 139730 0.0102549311033
1.40547945874 32 2651 315418 0.424670771255
2.13098647839 68 6249 714132 0.257650042848
3.23099945918 132 13926 1617856 0.1033877569
4.89883798472 304 31180 3668802 0.146489622723
7.42761300449 656 70075 8285956 0.10541250317
11.2617390321 1328 155779 18593994 0.0172412594626
17.0750368861 2766 344052 41300346 -0.0329016817314
25.8891529834 6364 746141 89997910 0.0279721678419
39.2531065478 13228 1578674 189706152 0.00713374475903
59.5155188986 26550 3112231 373024272 0.0219944499689
90.2373672122 46950 5476650 645233770 0.0099420835997
136.817801341 64668 7450093 873471634 0.0177284755955
207.443006619 85396 9867863 1165813024 0.0221497696076
STEP_DONE 
0.050323978983 0 7 430 -2.82098631041
0.0763011640511 0 5 990 -0.185443083315
0.115687744753 0 22 2376 -1.17331231941
0.175405637024 0 41 5102 -0.886206771924
0.265949842531 2 117 12052 1.0069890505
0.403232871773 2 273 27176 -0.344264568768
0.611381256445 6 557 61830 0.222074132744
0.926975618552 14 1190 140034 0.382359614395
1.40547945874 36 2646 315824 0.603477260091
2.13098647839 70 6241 714226 0.298882806893
3.23099945918 134 13972 1617074 0.113287150321
4.89883798472 320 31187 3670130 0.206363583786
7.42761300449 660 70244 8287508 0.107419972995
11.2617390321 1362 155930 18602354 0.0409509954165
17.0750368861 2768 344179 41309712 -0.03271027312
25.8891529834 6324 746155 90008244 0.0219262223279
39.2531065478 13242 1579262 189730394 0.0075530058107
59.5155188986 26638 3118289 373221720 0.0219492245094
90.2373672122 47118 5491250 645894542 0.009230428604
136.817801341 65174 7496556 876786924 0.0169488664833
207.443006619 86660 10001374 1177613334 0.0201175156892
STEP_DONE 
0.050323978983 0 7 420 -2.88052009456
0.0763011640511 0 5 966 -0.20513046415
0.115687744753 0 20 2364 -0.9698071546
0.175405637024 0 41 5118 -0.865197231853
0.265949842531 2 117 11978 0.9886403493
0.403232871773 2 266 26712 -0.303830321259
0.611381256445 8 551 61282 0.675773413804
0.926975618552 14 1180 138478 0.38615139935
1.40547945874 36 2667 312822 0.574622333108
2.13098647839 72 6261 708106 0.319354005354
3.23099945918 128 13978 1603218 0.0520423659341
4.89883798472 308 31206 3639556 0.15057438643
7.42761300449 662 70063 8221604 0.107104103701
11.2617390321 1370 155958 18457208 0.0385957976656
17.0750368861 2820 344117 40993188 -0.0221909288029
25.8891529834 6348 746430 89324498 0.0175109729849
39.2531065478 13356 1579682 188433354 0.0087166941214
59.5155188986 26696 3120314 371145360 0.0173487307463
90.2373672122 47280 5492940 644801240 0.0102977073554
136.817801341 65344 7527181 880490298 0.0153417706893
207.443006619 86696 9988585 1175981948 0.0214996719718
STEP_DONE 
0.050323978983 0 7 426 -2.89732627443
0.0763011640511 0 6 984 -0.446220377097
0.115687744753 0 21 2382 -1.09100880719
0.175405637024 0 41 5208 -0.867201577497
0.265949842531 2 120 12112 0.972390424479
0.403232871773 2 271 27414 -0.318618537869
0.611381256445 8 551 62356 0.708489659603
0.926975618552 12 1188 141006 0.198567795305
1.40547945874 34 2667 318882 0.51581816793
2.13098647839 68 6254 721572 0.269650883841
3.23099945918 130 13966 1632624 0.0909179203379
4.89883798472 320 31212 3707904 0.217209233997
7.42761300449 644 70199 8377426 0.0936539209061
11.2617390321 1348 156114 18807242 0.0392317369053
17.0750368861 2774 344838 41789250 -0.0236193686548
25.8891529834 6320 748469 91139780 0.0274279740053
39.2531065478 13254 1586331 192384278 0.013187595481
59.5155188986 26402 3130483 379520892 0.0219745139921
90.2373672122 46708 5531971 661658946 0.00977563780493
136.817801341 65212 7624573 909537834 0.020072097943
207.443006619 87292 10235189 1232160872 0.0261471490459
STEP_DONE 
0.050323978983 0 7 432 -2.85632059364
0.0763011640511 0 6 996 -0.433675126036
0.115687744753 0 21 2380 -1.09991239049
0.175405637024 0 43 5178 -0.976356324767
0.265949842531 2 118 12184 1.01943602757
0.403232871773 2 269 27528 -0.296850194322
0.611381256445 8 548 62490 0.725715936144
0.926975618552 14 1201 141798 0.382300055881
1.40547945874 36 2644 319570 0.626084166847
2.13098647839 70 6265 724068 0.30970502519
3.23099945918 132 13975 1639608 0.111485669844
4.89883798472 310 31228 3723530 0.182923137238
7.42761300449 656 70320 8415196 0.115098344161
11.2617390321 1348 156295 18902280 0.0419556347282
17.0750368861 2762 345316 42056624 -0.0241516468827
25.8891529834 6294 750674 91859504 0.0253478716302
39.2531065478 13240 1595692 194442468 0.0111066900186
59.5155188986 26554 3162147 385233892 0.0225165098063
90.2373672122 47454 5637690 676490510 0.00992813997008
136.817801341 67126 7888667 944125122 0.0182101683646
207.443006619 90922 10734044 1297610194 0.0234687702963
STEP_DONE 
0.050323978983 0 6 440 -2.27506769826
0.0763011640511 0 6 992 -0.452650995196
0.115687744753 0 20 2394 -1.00644637599
0.175405637024 0 42 5186 -0.945084556621
0.265949842531 2 116 12294 1.07981917994
0.403232871773 2 264 27720 -0.246901313864
0.611381256445 8 547 63164 0.746547758256
0.926975618552 14 1191 143002 0.411504949302
1.40547945874 30 2681 322838 0.345547767015
2.13098647839 62 6243 730972 0.17190521544
3.23099945918 136 13990 1655784 0.155204363768
4.89883798472 306 31261 3760712 0.176937555504
7.42761300449 642 70395 8499332 0.10006400706
11.2617390321 1322 156270 19101534 0.0331884602349
17.0750368861 2722 345643 42491148 -0.0298794813011
25.8891529834 6268 752172 92846172 0.027832446339
39.2531065478 13064 1596093 196551604 0.00817140952968
59.5155188986 26162 3172234 389793108 0.013300163818
90.2373672122 46966 5651247 685453368 0.00796874526562
136.817801341 66312 7906098 956303142 0.0143696299097
207.443006619 89888 10763257 1313741920 0.0189931531497
STEP_DONE 
0.050323978983 0 7 426 -2.94927912629
0.0763011640511 0 6 1012 -0.424951644101
0.115687744753 0 20 2414 -0.991233172922
0.175405637024 0 41 5226 -0.885575124921
0.265949842531 2 114 12312 1.12046221321
0.403232871773 2 265 27654 -0.258714387454
0.611381256445 6 560 63312 0.242716551703
0.926975618552 12 1200 143126 0.195690462425
1.40547945874 34 2669 323348 0.534629362578
2.13098647839 62 6243 732412 0.173813370783
3.23099945918 132 13989 1657818 0.121783337786
4.89883798472 310 31285 3765638 0.192070789474
7.42761300449 646 70492 8505678 0.104920425143
11.2617390321 1310 156807 19098180 0.0172096302081
17.0750368861 2740 346437 42447834 -0.029377118627
25.8891529834 6248 751620 92575264 0.0233022365598
39.2531065478 13040 1587719 195511186 0.0113915335403
59.5155188986 25788 3132731 386265908 0.0148741391197
90.2373672122 45572 5529147 674557116 0.00560261438564
136.817801341 63046 7604104 929416954 0.013215861929
207.443006619 86042 10396911 1277013940 0.0162394820771
STEP_DONE 
0.050323978983 0 7 426 -2.93615689408
0.0763011640511 0 6 986 -0.457666911225
0.115687744753 0 22 2396 -1.19947903717
0.175405637024 0 39 5228 -0.786952416611
0.265949842531 2 115 12294 1.09297316626
0.403232871773 2 268 27648 -0.284255897096
0.611381256445 8 551 62892 0.726095712407
0.926975618552 14 1178 142716 0.429996972048
1.40547945874 30 2665 322188 0.354335092939
2.13098647839 70 6239 729966 0.328265481861
3.23099945918 132 13988 1652306 0.118105850908
4.89883798472 296 31268 3753950 0.135884438753
7.42761300449 646 70353 8480932 0.10557474722
11.2617390321 1326 156257 19043304 0.0333337909347
17.0750368861 2734 345400 42323230 -0.0282378429189
25.8891529834 6276 749635 92302590 0.0299376818936
39.2531065478 12954 1586751 194870728 0.00309694003759
59.5155188986 26064 3137268 384666610 0.0183265932484
90.2373672122 46184 5540410 671148170 0.00968640926241
136.817801341 63694 7607999 924676222 0.0172355136327
207.443006619 83204 10143514 1256253008 0.0159396426983
STEP_DONE 
0.050323978983 0 6 432 -2.32905831363
0.0763011640511 0 6 994 -0.446834196669
0.115687744753 0 20 2402 -0.995771844976
0.175405637024 0 42 5226 -0.926343731425
0.265949842531 2 122 12292 0.957999251829
0.403232871773 2 265 27680 -0.256945722315
0.611381256445 8 550 63146 0.73195437402
0.926975618552 14 1182 142646 0.423517283973
1.40547945874 36 2649 322288 0.634260402203
2.13098647839 68 6261 730076 0.282235131295
3.23099945918 132 14042 1651892 0.110214045183
4.89883798472 304 31248 3751838 0.167468526986
7.42761300449 656 70336 8473572 0.122352997124
11.2617390321 1334 156480 19028812 0.0358475090959
17.0750368861 2728 345570 42281922 -0.0323071482494
25.8891529834 6208 749594 92228056 0.0186740289843
39.2531065478 13076 1588519 194794940 0.0095026120821
59.5155188986 26008 3134549 384566492 0.0176685459223
90.2373672122 45784 5524989 671007408 0.00642354495093
136.817801341 63336 7586041 924302682 0.016973170531
207.443006619 83902 10176276 1257238662 0.0184185100162
STEP_DONE 
0.050323978983 0 7 438 -2.83872210888
0.0763011640511 0 6 982 -0.467582441392
0.115687744753 0 21 2382 -1.11758222127
0.175405637024 0 41 5228 -0.883696896688
0.265949842531 2 117 12330 1.0603342262
0.403232871773 2 270 27770 -0.296572232837
0.611381256445 6 559 63294 0.245921306425
0.926975618552 14 1192 143126 0.41041434383
1.40547945874 34 2655 322898 0.543748291648
2.13098647839 70 6238 731382 0.331814009889
3.23099945918 128 13969 1655322 0.0883414321851
4.89883798472 306 31256 3759316 0.176984506604
7.42761300449 632 70290 8491544 0.0852410912719
11.2617390321 1316 156003 19069036 0.0303686535244
17.0750368861 2732 345276 42379634 -0.0271160548584
25.8891529834 6210 748842 92442852 0.0231940365752
39.2531065478 12964 1585937 195187982 0.00634744335742
59.5155188986 25946 3133917 385461942 0.0180057809062
90.2373672122 45578 5524844 672902494 0.00483395784499
136.817801341 63360 7604550 926725190 0.0151258711556
207.443006619 85360 10273487 1261999530 0.0202389697379
STEP_DONE 
0.050323978983 0 6 436 -2.28087058364
0.0763011640511 0 6 990 -0.444908661079
0.115687744753 0 22 2414 -1.17274997503
0.175405637024 0 41 5214 -0.874723262792
0.265949842531 2 116 12234 1.06245670823
0.403232871773 2 263 27532 -0.245175221779
0.611381256445 8 563 62678 0.672194366365
0.926975618552 10 1195 141912 -0.00626888170674
1.40547945874 32 2651 320420 0.44663139716
2.13098647839 70 6243 726240 0.320189555406
3.23099945918 130 13953 1643684 0.100035848601
4.89883798472 320 31254 3733614 0.222169088512
7.42761300449 650 70182 8434610 0.111316312009
11.2617390321 1320 155862 18941546 0.0284805024588
17.0750368861 2756 344667 42102520 -0.0215483839104
25.8891529834 6298 749983 91840512 0.0275541474425
39.2531065478 13204 1589157 193893200 0.0136616589148
59.5155188986 26310 3144647 382980400 0.0186061477322
90.2373672122 46734 5558909 668801184 0.0113396604186
136.817801341 64804 7656036 921542658 0.0185787003469
207.443006619 85486 10202117 1245539732 0.0224759745787
STEP_DONE 
0.050323978983 0 7 416 -2.94322831424
0.0763011640511 0 6 998 -0.408860273739
0.115687744753 0 21 2346 -1.09767644338
0.175405637024 0 40 5148 -0.82082692721
0.265949842531 2 118 11994 0.983787502624
0.403232871773 0 264 27130 -1.28034914635
0.611381256445 8 553 61554 0.678991044576
0.926975618552 14 1185 139860 0.388750310163
1.40547945874 36 2652 315348 0.596534960855
2.13098647839 70 6253 714626 0.294301400064
3.23099945918 134 14003 1617282 0.108503090411
4.89883798472 324 31210 3672014 0.219606885286
7.42761300449 664 70338 8292550 0.111603230047
11.2617390321 1364 156417 18620424 0.0371506582071
17.0750368861 2812 345252 41387686 -0.022066074525
25.8891529834 6366 749481 90278652 0.0226284991014
39.2531065478 13394 1587292 190605674 0.0132384595379
59.5155188986 26686 3142459 376571870 0.0173539664092
90.2373672122 47570 5564438 657723896 0.0103887641466
136.817801341 66000 7658715 906100194 0.0192675601692
207.443006619 87236 10176477 1218139612 0.0254735859936
STEP_DONE 
0.050323978983 0 7 438 -2.78161857573
0.0763011640511 0 6 990 -0.434068343005
0.115687744753 0 20 2394 -0.976785936472
0.175405637024 0 39 5130 -0.79887520219
0.265949842531 2 116 12120 1.04511107127
0.403232871773 2 260 27276 -0.229165480495
0.611381256445 8 554 62130 0.692436340601
0.926975618552 14 1182 141058 0.406466495669
1.40547945874 36 2661 318090 0.604695022852
2.13098647839 68 6220 719796 0.277627751081
3.23099945918 134 13929 1630084 0.128728822756
4.89883798472 316 31287 3701818 0.194993047642
7.42761300449 664 70295 8365332 0.12268702533
11.2617390321 1350 156446 18787340 0.0354167962686
17.0750368861 2760 345974 41759780 -0.0352536784881
25.8891529834 6310 751368 91095026 0.0178825314259
39.2531065478 13308 1592886 192323640 0.00878943094968
59.5155188986 26650 3146468 379740600 0.0217259497811
90.2373672122 47260 5559587 663179180 0.0138425152144
136.817801341 65946 7695151 913955858 0.01771684653
207.443006619 88300 10289141 1230483716 0.0258638834992
STEP_DONE 
0.050323978983 0 6 422 -2.32555803496
0.0763011640511 0 4 952 0.0172370512928
0.115687744753 0 22 2364 -1.17671184409
0.175405637024 0 41 5070 -0.891479458281
0.265949842531 2 120 11942 0.940238617407
0.403232871773 2 269 26896 -0.322293654
0.611381256445 8 554 61478 0.672027346752
0.926975618552 14 1179 138872 0.393059988737
1.40547945874 34 2653 313432 0.503842572027
2.13098647839 66 6262 710490 0.20902003194
3.23099945918 134 13905 1605942 0.116017118872
4.89883798472 320 31281 3649806 0.194504049097
7.42761300449 664 70180 8246376 0.110713455869
11.2617390321 1348 156071 18514408 0.0241110089508
17.0750368861 2742 344800 41150354 -0.0484842537764
25.8891529834 6396 749141 89753638 0.0223900409365
39.2531065478 13380 1588295 189529078 0.00543052189128
59.5155188986 26892 3141500 374374436 0.0197331752606
90.2373672122 47512 5549730 653903298 0.00865178540439
136.817801341 65936 7643228 900581204 0.0162746324975
207.443006619 88108 10194675 1208248328 0.023830655258
STEP_DONE 
