#Theta DD DR RR XI factor=197.542760943 jknum= 20
0.050323978983 0 14 1186 -3.62825637162
0.0763011640511 0 16 2750 -1.28118942618
0.115687744753 0 30 6480 -0.815182558445
0.175405637024 0 68 14674 -0.816914366801
0.265949842531 2 184 32814 1.14385704701
0.403232871773 2 411 75364 -0.118325806288
0.611381256445 8 905 172702 0.725658512634
0.926975618552 14 2005 389530 0.363136915751
1.40547945874 32 4448 875662 0.412833873781
2.13098647839 70 10221 1989512 0.337911028015
3.23099945918 136 23189 4506608 0.142318037742
4.89883798472 314 51823 10209604 0.191817886359
7.42761300449 652 116907 23085516 0.0998924889775
11.2617390321 1350 261030 51848692 0.0267473999911
17.0750368861 2756 575943 115177222 -0.0409870514102
25.8891529834 6372 1250194 251240032 0.0236850957672
39.2531065478 13390 2648309 530307306 0.0123674387844
59.5155188986 26790 5246532 1047969940 0.0195563056455
90.2373672122 47460 9282311 1829932806 0.00791936483862
136.817801341 66372 12821047 2521040906 0.0178308337628
207.443006619 87952 17047742 3386590906 0.0244066598963
STEP_DONE 
0.050323978983 0 13 1208 -3.27204570006
0.0763011640511 0 15 2758 -1.15901902396
0.115687744753 0 30 6554 -0.817081009486
0.175405637024 0 66 14876 -0.761234717637
0.265949842531 2 184 33188 1.17326918914
0.403232871773 2 412 76308 -0.110749515984
0.611381256445 6 896 174894 0.317833272799
0.926975618552 14 1992 394556 0.393711352953
1.40547945874 36 4534 886634 0.569618250543
2.13098647839 68 10241 2014512 0.311785492724
3.23099945918 138 23267 4564404 0.167557139578
4.89883798472 310 51986 10340234 0.185316760603
7.42761300449 662 117097 23377830 0.127223299842
11.2617390321 1352 260608 52495042 0.043914395129
17.0750368861 2730 575708 116628682 -0.0373689552659
25.8891529834 6254 1251311 254397850 0.0159173372825
39.2531065478 13224 2649232 536768984 0.0113268934975
59.5155188986 26500 5245872 1060775742 0.0210447689943
90.2373672122 46906 9255142 1851422422 0.0136821373247
136.817801341 65214 12780884 2550199172 0.0179444468283
207.443006619 86726 17069354 3444994884 0.0248641187819
STEP_DONE 
0.050323978983 0 14 1200 -3.60659574468
0.0763011640511 0 15 2760 -1.14592969473
0.115687744753 0 31 6516 -0.8785118138
0.175405637024 0 68 14794 -0.814916340437
0.265949842531 2 186 33082 1.13636973071
0.403232871773 2 418 75836 -0.148452758282
0.611381256445 8 900 174042 0.749765963206
0.926975618552 14 2006 392530 0.37228883164
1.40547945874 36 4446 881390 0.600243290349
2.13098647839 66 10251 2003052 0.263550435887
3.23099945918 134 23197 4538656 0.132680802355
4.89883798472 320 51834 10280048 0.222365398104
7.42761300449 658 117076 23236778 0.114299667536
11.2617390321 1350 260607 52181276 0.0363935080573
17.0750368861 2774 575315 115910372 -0.0270175288448
25.8891529834 6342 1247074 252721314 0.0296925562826
39.2531065478 13146 2632854 533139794 0.0111493054317
59.5155188986 26328 5208113 1053388072 0.0219685173034
90.2373672122 46558 9189111 1839736026 0.0141811209334
136.817801341 64428 12661170 2532840298 0.0176733383959
207.443006619 85672 16893936 3410847208 0.023302861022
STEP_DONE 
0.050323978983 0 13 1208 -3.27076346813
0.0763011640511 0 15 2780 -1.14129037196
0.115687744753 0 30 6540 -0.820424230594
0.175405637024 0 66 14832 -0.765929330487
0.265949842531 2 179 33322 1.2313592226
0.403232871773 2 416 76192 -0.133251342429
0.611381256445 8 893 174690 0.774426233329
0.926975618552 14 2007 393960 0.377446168335
1.40547945874 34 4491 886158 0.499430789924
2.13098647839 66 10242 2013224 0.271841139323
3.23099945918 134 23178 4558424 0.13955603315
4.89883798472 310 51794 10325030 0.191386777211
7.42761300449 640 116933 23340906 0.0914470723688
11.2617390321 1338 260336 52414028 0.0339618675845
17.0750368861 2732 573783 116434308 -0.0318285666389
25.8891529834 6198 1242571 253966374 0.0192256789355
39.2531065478 13040 2627793 535746844 0.0118045290952
59.5155188986 26134 5198426 1057865040 0.0225265586365
90.2373672122 46442 9202136 1844476468 0.0114642689059
136.817801341 64632 12664965 2532083216 0.0200287334763
207.443006619 85510 16852524 3406004712 0.02490356682
STEP_DONE 
0.050323978983 0 13 1204 -3.24795009543
0.0763011640511 0 16 2738 -1.29905351009
0.115687744753 0 27 6524 -0.62821725348
0.175405637024 0 63 14610 -0.696496133514
0.265949842531 0 185 32892 -1.21280929722
0.403232871773 2 424 75488 -0.184567096103
0.611381256445 8 892 173160 0.761097966372
0.926975618552 14 2006 390492 0.366263982482
1.40547945874 34 4489 877312 0.486583798142
2.13098647839 70 10171 1994334 0.351754909277
3.23099945918 132 23124 4516808 0.116696663299
4.89883798472 314 51787 10225598 0.195762285783
7.42761300449 656 116791 23116148 0.110403565714
11.2617390321 1338 259781 51881282 0.0279857105011
17.0750368861 2756 572889 115168754 -0.0310368147268
25.8891529834 6300 1241652 251018564 0.0251185122618
39.2531065478 13144 2626750 529136200 0.00817323628696
59.5155188986 26328 5187810 1042876250 0.0197965195432
90.2373672122 46518 9102940 1810371778 0.0160736125031
136.817801341 63714 12417373 2467328676 0.0192469104892
207.443006619 85062 16596720 3320481118 0.024833574501
STEP_DONE 
0.050323978983 0 12 1208 -2.91824714668
0.0763011640511 0 15 2728 -1.16882448368
0.115687744753 0 32 6554 -0.925843781179
0.175405637024 0 67 14752 -0.7914364779
0.265949842531 2 175 33162 1.26427151642
0.403232871773 2 428 75750 -0.201699781768
0.611381256445 8 890 173390 0.769952598293
0.926975618552 12 2005 391586 0.172328459923
1.40547945874 36 4498 879384 0.5747557188
2.13098647839 72 10209 1999612 0.38670203584
3.23099945918 130 23111 4525958 0.103070325613
4.89883798472 324 51640 10246100 0.241984379079
7.42761300449 648 116639 23158944 0.101742722838
11.2617390321 1344 259428 51977484 0.037026514526
17.0750368861 2748 572276 115393438 -0.0298938245408
25.8891529834 6256 1239310 251398934 0.0234575046129
39.2531065478 13150 2621632 529582354 0.0131891561812
59.5155188986 26406 5187489 1042400744 0.0223792277722
90.2373672122 46608 9107962 1804337430 0.0136586124922
136.817801341 63812 12384354 2446086458 0.0176671845663
207.443006619 85270 16612392 3315464460 0.0239817627424
STEP_DONE 
0.050323978983 0 14 1180 -3.63721601154
0.0763011640511 0 13 2722 -0.866665624463
0.115687744753 0 31 6524 -0.857201560197
0.175405637024 0 68 14570 -0.824150469487
0.265949842531 2 181 32770 1.17205476031
0.403232871773 2 409 75080 -0.111824827623
0.611381256445 8 893 171956 0.747023123321
0.926975618552 10 1998 388184 -0.0278863639143
1.40547945874 32 4467 872334 0.399524414556
2.13098647839 68 10274 1982804 0.284545315553
3.23099945918 132 23123 4491408 0.110208009662
4.89883798472 304 51804 10166356 0.150379703477
7.42761300449 656 116705 22976318 0.10512700371
11.2617390321 1328 260080 51570156 0.0123219188887
17.0750368861 2766 573544 114474598 -0.0354576077673
25.8891529834 6364 1243032 249450030 0.0266909408416
39.2531065478 13228 2627448 525472224 0.00708649909709
59.5155188986 26550 5184841 1033945710 0.0207165782232
90.2373672122 46950 9120182 1789358990 0.00994775603458
136.817801341 64668 12407489 2422006014 0.0174525929058
207.443006619 85396 16437819 3233827414 0.021788063246
STEP_DONE 
0.050323978983 0 14 1212 -3.51637057323
0.0763011640511 0 15 2752 -1.13111547501
0.115687744753 0 32 6564 -0.906099463655
0.175405637024 0 66 14616 -0.765548102342
0.265949842531 2 187 32802 1.1012494717
0.403232871773 2 420 75272 -0.166159672356
0.611381256445 6 895 172302 0.299911466978
0.926975618552 14 2014 389070 0.351276881269
1.40547945874 36 4475 873500 0.572037684569
2.13098647839 70 10207 1984438 0.337062198762
3.23099945918 134 23182 4495278 0.122927946069
4.89883798472 320 51807 10179218 0.211513201745
7.42761300449 660 116996 23005042 0.108012602855
11.2617390321 1362 260193 51630742 0.0377912557141
17.0750368861 2768 573871 114606092 -0.0347577120131
25.8891529834 6324 1243126 249720334 0.0214760492237
39.2531065478 13242 2629032 526080146 0.00806272840183
59.5155188986 26638 5197690 1035616678 0.0206937517472
90.2373672122 47118 9149180 1793258162 0.00936274286229
136.817801341 65174 12492447 2433953256 0.0165862792033
207.443006619 86660 16663846 3268187524 0.0198236633045
STEP_DONE 
0.050323978983 0 14 1170 -3.64446626659
0.0763011640511 0 15 2700 -1.15635933806
0.115687744753 0 30 6522 -0.78539411615
0.175405637024 0 65 14566 -0.732074986635
0.265949842531 2 183 32656 1.13160430061
0.403232871773 2 419 74292 -0.1751531072
0.611381256445 8 884 171404 0.756089056694
0.926975618552 14 2010 385844 0.344621707075
1.40547945874 36 4504 867392 0.547728128578
2.13098647839 72 10255 1969316 0.355811650739
3.23099945918 128 23216 4463226 0.0611800688777
4.89883798472 308 51861 10109330 0.156320279227
7.42761300449 662 116838 22849016 0.106463416867
11.2617390321 1370 260252 51288866 0.0365228774047
17.0750368861 2820 573854 113870844 -0.0233145450969
25.8891529834 6348 1244302 248164586 0.0172745064917
39.2531065478 13356 2631923 523135722 0.00881257422311
59.5155188986 26696 5204348 1031320318 0.0162514259764
90.2373672122 47280 9157188 1792765506 0.0107147748376
136.817801341 65344 12551243 2448397114 0.015446886525
207.443006619 86696 16658965 3270478040 0.0213161153543
STEP_DONE 
0.050323978983 0 12 1210 -2.91928257429
0.0763011640511 0 15 2778 -1.13387865141
0.115687744753 0 31 6586 -0.860161572043
0.175405637024 0 66 14872 -0.753820974443
0.265949842531 2 187 33104 1.12650854095
0.403232871773 2 425 75810 -0.185441378524
0.611381256445 8 887 174064 0.780653918159
0.926975618552 12 2020 392412 0.159666695902
1.40547945874 34 4495 882624 0.491424689605
2.13098647839 68 10243 2005874 0.305569522162
3.23099945918 130 23206 4543050 0.0986063368831
4.89883798472 320 51819 10288986 0.223996382925
7.42761300449 644 116826 23268002 0.0964318757131
11.2617390321 1348 260549 52234998 0.0363680437664
17.0750368861 2774 575383 116021330 -0.0263480756606
25.8891529834 6320 1248222 253005456 0.0256015087274
39.2531065478 13254 2642158 533777992 0.013319741729
59.5155188986 26402 5219167 1054045144 0.0211722558136
90.2373672122 46708 9220481 1838355190 0.00988405623602
136.817801341 65212 12711115 2527751688 0.0200059801154
207.443006619 87292 17068903 3425393652 0.025732705996
STEP_DONE 
0.050323978983 0 14 1226 -3.52931172122
0.0763011640511 0 15 2746 -1.16663309107
0.115687744753 0 30 6544 -0.81832960516
0.175405637024 0 68 14886 -0.811863781763
0.265949842531 2 181 33294 1.20632659802
0.403232871773 2 421 76274 -0.157979832377
0.611381256445 8 896 174408 0.76638665534
0.926975618552 14 1999 394290 0.38559646514
1.40547945874 36 4466 885938 0.598742593448
2.13098647839 70 10247 2014164 0.34900102481
3.23099945918 132 23170 4562524 0.12362425633
4.89883798472 310 51909 10337482 0.187747354193
7.42761300449 656 117156 23382444 0.116099310494
11.2617390321 1348 260901 52523344 0.0391732294135
17.0750368861 2762 576240 116779314 -0.0269631627767
25.8891529834 6294 1251930 255080650 0.0237702753804
39.2531065478 13240 2657585 539573584 0.0115076285151
59.5155188986 26554 5273179 1069915914 0.0212660313474
90.2373672122 47454 9396281 1879851850 0.0102751582146
136.817801341 67126 13153054 2624107542 0.0179873407931
207.443006619 90922 17897615 3606344332 0.0231456336078
STEP_DONE 
0.050323978983 0 13 1230 -3.23082050395
0.0763011640511 0 16 2784 -1.30057878862
0.115687744753 0 30 6622 -0.813503666052
0.175405637024 0 66 14928 -0.769818248159
0.265949842531 2 183 33634 1.20411783058
0.403232871773 2 412 76804 -0.104155555669
0.611381256445 8 882 176400 0.815283957324
0.926975618552 14 2007 397812 0.390261678638
1.40547945874 30 4510 894376 0.325170549
2.13098647839 62 10218 2033916 0.210123500244
3.23099945918 136 23212 4608598 0.165994148948
4.89883798472 306 52015 10440776 0.179828102028
7.42761300449 642 117323 23618216 0.100446260184
11.2617390321 1322 261111 53061884 0.0282406655299
17.0750368861 2722 576847 117970924 -0.0330384084907
25.8891529834 6268 1253817 257735888 0.0268847481717
39.2531065478 13064 2658489 545283356 0.00813212466343
59.5155188986 26162 5288852 1082173910 0.0121022376104
90.2373672122 46966 9417211 1903865342 0.00820162175535
136.817801341 66312 13179504 2656867364 0.0141415379568
207.443006619 89888 17943920 3649825722 0.0185734572289
STEP_DONE 
0.050323978983 0 13 1218 -3.27301820215
0.0763011640511 0 15 2810 -1.13709396532
0.115687744753 0 29 6686 -0.736482074325
0.175405637024 0 67 14980 -0.790612731869
0.265949842531 2 179 33582 1.25243212947
0.403232871773 2 408 76886 -0.0821570976658
0.611381256445 6 906 176504 0.307113549091
0.926975618552 12 2032 398066 0.164281234217
1.40547945874 34 4491 895004 0.513305782485
2.13098647839 62 10250 2034300 0.204026987166
3.23099945918 132 23214 4609492 0.131252582411
4.89883798472 310 52006 10441294 0.195607048725
7.42761300449 646 117434 23604868 0.104867913121
11.2617390321 1310 261504 53000790 0.0150828496628
17.0750368861 2740 577526 117731382 -0.0313360569079
25.8891529834 6248 1252160 256787340 0.0227528230441
39.2531065478 13040 2643116 542013398 0.0117250638212
59.5155188986 25788 5220474 1071618324 0.0139299315967
90.2373672122 45572 9210161 1872265262 0.00590131906995
136.817801341 63046 12670957 2580444900 0.013130475994
207.443006619 86042 17332202 3548204568 0.0160540879069
STEP_DONE 
0.050323978983 0 13 1216 -3.26658034714
0.0763011640511 0 16 2792 -1.28704505273
0.115687744753 0 32 6638 -0.923901713538
0.175405637024 0 65 15004 -0.728926187059
0.265949842531 2 182 33502 1.20899932786
0.403232871773 2 417 76854 -0.129207386966
0.611381256445 8 884 175910 0.805296125877
0.926975618552 14 1995 397012 0.398682756661
1.40547945874 30 4480 892212 0.334936146626
2.13098647839 70 10233 2029042 0.360971403066
3.23099945918 132 23226 4597130 0.127006849859
4.89883798472 296 51983 10415650 0.139783814625
7.42761300449 646 117170 23549742 0.106622015099
11.2617390321 1326 260658 52879316 0.0312457668938
17.0750368861 2734 575848 117456000 -0.0297658780996
25.8891529834 6276 1249471 256164628 0.0289357360667
39.2531065478 12954 2642009 540479050 0.00348721831482
59.5155188986 26064 5229916 1067891672 0.0173297183996
90.2373672122 46184 9232671 1864180344 0.00991200164418
136.817801341 63694 12681501 2568326484 0.016916505889
207.443006619 83204 16904502 3488076922 0.0156801325901
STEP_DONE 
0.050323978983 0 13 1222 -3.24845329712
0.0763011640511 0 16 2794 -1.28692690009
0.115687744753 0 29 6608 -0.752615570209
0.175405637024 0 66 14950 -0.763037073934
0.265949842531 2 191 33516 1.10339305822
0.403232871773 2 409 76580 -0.091590274552
0.611381256445 8 898 176072 0.774795363413
0.926975618552 14 2002 396928 0.392047012487
1.40547945874 36 4472 892546 0.607239430395
2.13098647839 68 10256 2028432 0.31742789336
3.23099945918 132 23275 4594186 0.122368337169
4.89883798472 304 51898 10409748 0.173379258916
7.42761300449 656 117203 23533216 0.122509851005
11.2617390321 1334 261213 52839280 0.0323738915041
17.0750368861 2728 576230 117362548 -0.0339921013797
25.8891529834 6208 1249700 256014198 0.0174211904902
39.2531065478 13076 2645291 540352918 0.00980340789754
59.5155188986 26008 5225124 1067600608 0.0167561710712
90.2373672122 45784 9205404 1863428256 0.00679542777226
136.817801341 63336 12643576 2566865326 0.0166998533895
207.443006619 83902 16957541 3490160684 0.0181502663253
STEP_DONE 
0.050323978983 0 14 1232 -3.54593810445
0.0763011640511 0 15 2772 -1.16473243069
0.115687744753 0 31 6594 -0.880697474816
0.175405637024 0 68 14978 -0.816189986448
0.265949842531 2 184 33610 1.19069301978
0.403232871773 2 418 76952 -0.133183868542
0.611381256445 6 901 176408 0.317563410505
0.926975618552 14 2011 397580 0.385365412762
1.40547945874 34 4489 893516 0.51259782233
2.13098647839 70 10228 2030618 0.364213526289
3.23099945918 128 23165 4600248 0.0987667784359
4.89883798472 306 51931 10419092 0.181118140051
7.42761300449 632 117106 23554646 0.0845965494648
11.2617390321 1316 260189 52894070 0.0275758459011
17.0750368861 2732 575242 117482480 -0.0283918596406
25.8891529834 6210 1247749 256269710 0.0217343991724
39.2531065478 12964 2638882 540782452 0.0070041047348
59.5155188986 25946 5220103 1068713958 0.0173212435243
90.2373672122 45578 9198146 1866575060 0.00558947146606
136.817801341 63360 12666203 2571219752 0.0152218912184
207.443006619 85360 17117052 3502276274 0.0199451985139
STEP_DONE 
0.050323978983 0 13 1230 -3.19550020181
0.0763011640511 0 16 2780 -1.28465533956
0.115687744753 0 30 6584 -0.808743310669
0.175405637024 0 67 14854 -0.790510567634
0.265949842531 2 183 33360 1.18419358541
0.403232871773 2 412 76278 -0.111183855538
0.611381256445 8 901 174884 0.756940279326
0.926975618552 10 2014 394032 -0.0291912912201
1.40547945874 32 4466 886238 0.422042874933
2.13098647839 70 10209 2015936 0.357634819219
3.23099945918 130 23173 4566034 0.106993791182
4.89883798472 320 51883 10345016 0.227714142758
7.42761300449 650 116902 23390646 0.11079283994
11.2617390321 1320 260078 52526884 0.0244980965308
17.0750368861 2756 574373 116691576 -0.0234873815356
25.8891529834 6298 1249095 254547726 0.0267625279968
39.2531065478 13204 2644538 537072736 0.0138890555452
59.5155188986 26310 5237460 1061573108 0.0178747091677
90.2373672122 46734 9255167 1854495722 0.0116572436913
136.817801341 64804 12747675 2555069104 0.0186534278229
207.443006619 85486 16985676 3452260282 0.0223877606277
STEP_DONE 
0.050323978983 0 14 1200 -3.5534751773
0.0763011640511 0 16 2744 -1.27578934309
0.115687744753 0 31 6462 -0.872366766102
0.175405637024 0 67 14614 -0.789377134721
0.265949842531 2 184 32654 1.13325797961
0.403232871773 0 411 75220 -1.13257678187
0.611381256445 8 893 171766 0.744587743249
0.926975618552 14 1998 388152 0.364548818764
1.40547945874 36 4459 872360 0.576612464596
2.13098647839 70 10244 1984184 0.328492773821
3.23099945918 134 23231 4493468 0.11785874614
4.89883798472 324 51879 10178082 0.222905007278
7.42761300449 664 117231 23009670 0.110468484213
11.2617390321 1364 261014 51673906 0.033789887884
17.0750368861 2812 575661 114800590 -0.0242940893812
25.8891529834 6366 1248727 250435776 0.0219511199698
39.2531065478 13394 2642978 528475064 0.0132674433582
59.5155188986 26686 5236780 1044626594 0.0162817060949
90.2373672122 47570 9268479 1824935388 0.0104558047924
136.817801341 66000 12759322 2514598026 0.0191469481118
207.443006619 87236 16951722 3378717458 0.0250729388753
STEP_DONE 
0.050323978983 0 13 1222 -3.19391881696
0.0763011640511 0 15 2762 -1.14099403762
0.115687744753 0 29 6534 -0.749712686721
0.175405637024 0 66 14686 -0.771692247067
0.265949842531 2 182 32982 1.18065733614
0.403232871773 2 407 75746 -0.0923737585902
0.611381256445 8 896 173588 0.755763042864
0.926975618552 14 2012 391948 0.364121122327
1.40547945874 36 4477 880052 0.583869650621
2.13098647839 68 10191 2000958 0.312574681015
3.23099945918 134 23123 4533728 0.13772808049
4.89883798472 316 51955 10269180 0.201078336684
7.42761300449 664 117118 23222472 0.122738484778
11.2617390321 1350 261038 52153970 0.032562954439
17.0750368861 2760 576768 115855078 -0.0369960921939
25.8891529834 6310 1252016 252700320 0.0169720611475
39.2531065478 13308 2651747 533199546 0.00914236756066
59.5155188986 26650 5244829 1053808142 0.0205036428521
90.2373672122 47260 9262479 1841278128 0.0141131642955
136.817801341 65946 12822476 2537532348 0.0176606797295
207.443006619 88300 17145837 3415669520 0.0255008620251
STEP_DONE 
0.050323978983 0 13 1202 -3.21344700511
0.0763011640511 0 14 2652 -1.05661579655
0.115687744753 0 32 6418 -0.942445832689
0.175405637024 0 66 14538 -0.768633807472
0.265949842531 2 187 32656 1.09294436825
0.403232871773 2 414 74680 -0.143544129175
0.611381256445 8 895 171126 0.736289293779
0.926975618552 14 1995 386182 0.362977118291
1.40547945874 34 4456 867506 0.486000446257
2.13098647839 66 10222 1971972 0.250478947912
3.23099945918 134 23127 4465484 0.120939629703
4.89883798472 320 51905 10118936 0.201563771349
7.42761300449 664 116937 22879304 0.110023340486
11.2617390321 1348 260410 51375656 0.0208754576622
17.0750368861 2742 574881 114119124 -0.0508502669783
25.8891529834 6396 1247928 248925852 0.0218635698489
39.2531065478 13380 2643872 525354570 0.00577536986151
59.5155188986 26892 5235723 1038598770 0.0185180648967
90.2373672122 47512 9244147 1814875180 0.00897861937971
136.817801341 65936 12737827 2501104132 0.0162011760977
207.443006619 88108 16993692 3356257584 0.0235231938426
STEP_DONE 
