#Theta DD DR RR XI factor=197.542760943 
0.050323978983 0 14 1274 -3.3415991416
0.0763011640511 0 16 2902 -1.17827992769
0.115687744753 0 32 6902 -0.831749739255
0.175405637024 0 70 15570 -0.776235486961
0.265949842531 2 193 34902 1.05142338771
0.403232871773 2 438 79948 -0.188287058889
0.611381256445 8 942 183314 0.672772279209
0.926975618552 14 2114 413576 0.301490416142
1.40547945874 36 4722 929514 0.504299335017
2.13098647839 72 10784 2113066 0.313350356709
3.23099945918 140 24445 4787384 0.123816755379
4.89883798472 330 54711 10846716 0.194420966163
7.42761300449 690 123474 24533352 0.109097628702
11.2617390321 1418 275161 55122880 0.0316668620529
17.0750368861 2914 607970 122561080 -0.0320299705628
25.8891529834 6668 1320814 267724540 0.0227710355779
39.2531065478 14004 2801533 566301910 0.0104835754439
59.5155188986 28116 5566067 1123151204 0.0189229999691
90.2373672122 50182 9897735 1973443116 0.0107683113993
136.817801341 70748 13834950 2753602792 0.0175855536277
207.443006619 95968 18852744 3788109730 0.022342662633
