#Theta DD DR RR XI factor=162.791897891 jknum= 20
0.050323978983 0 14 1196 -2.79655543806
0.0763011640511 0 20 2766 -1.34515045136
0.115687744753 0 36 6508 -0.794104958084
0.175405637024 0 78 14744 -0.715821756576
0.265949842531 2 225 32962 0.38174723365
0.403232871773 2 517 75618 -0.521918927396
0.611381256445 12 1107 173364 0.749314451657
0.926975618552 14 2438 391102 -0.0804149329248
1.40547945874 48 5470 878986 0.417743006207
2.13098647839 100 12324 1997600 0.315539932722
3.23099945918 198 28039 4524206 0.140850600361
4.89883798472 464 62931 10249674 0.199162420606
7.42761300449 898 142068 23175258 0.0307872477684
11.2617390321 2006 317570 52050082 0.0346857588411
17.0750368861 4108 701647 115623788 -0.0338291871965
25.8891529834 9326 1524565 252214982 0.0119070200272
39.2531065478 19728 3225080 532307932 0.00960807052554
59.5155188986 39096 6376473 1051915790 0.0113704021379
90.2373672122 69280 11240096 1836810726 0.00718652311449
136.817801341 96818 15519419 2530503854 0.0170565194811
207.443006619 128210 20677848 3402965450 0.0200179328937
STEP_DONE 
0.050323978983 0 13 1202 -2.52824291484
0.0763011640511 0 18 2750 -1.13530248127
0.115687744753 0 36 6538 -0.796293001987
0.175405637024 0 76 14828 -0.672055190576
0.265949842531 2 222 33098 0.419590597043
0.403232871773 2 516 76138 -0.512005308818
0.611381256445 10 1109 174424 0.451189484662
0.926975618552 14 2412 393438 -0.0532162624184
1.40547945874 52 5558 884284 0.514118063258
2.13098647839 100 12343 2008570 0.319904512393
3.23099945918 196 28108 4552168 0.131224794158
4.89883798472 454 63058 10311772 0.17646604146
7.42761300449 914 142265 23312974 0.0523393090382
11.2617390321 2022 316940 52346704 0.052528153491
17.0750368861 4092 700455 116293214 -0.0287403082962
25.8891529834 9138 1522591 253670372 0.000338392446971
39.2531065478 19500 3220929 535321888 0.00632360310348
59.5155188986 38898 6369821 1057744550 0.0138574936958
90.2373672122 68700 11202969 1846235528 0.0104849640121
136.817801341 95478 15452031 2543317940 0.0168037143525
207.443006619 127414 20694111 3429209850 0.0198910932751
STEP_DONE 
0.050323978983 0 14 1200 -2.79669199299
0.0763011640511 0 18 2754 -1.1269983154
0.115687744753 0 37 6522 -0.846203229603
0.175405637024 0 77 14790 -0.694264175369
0.265949842531 2 225 33080 0.387263210249
0.403232871773 2 522 75826 -0.541981160222
0.611381256445 12 1100 174044 0.768688880595
0.926975618552 14 2428 392548 -0.0686024490739
1.40547945874 52 5463 881470 0.545008949963
2.13098647839 96 12355 2003128 0.261668356468
3.23099945918 196 28066 4538706 0.130988880994
4.89883798472 466 62985 10280504 0.206332371606
7.42761300449 904 142413 23240070 0.0356741469493
11.2617390321 2010 317588 52191494 0.0393922877751
17.0750368861 4138 702197 115929532 -0.026119855452
25.8891529834 9286 1524516 252774388 0.0099253017008
39.2531065478 19542 3215571 533228276 0.00784338935353
59.5155188986 38774 6350719 1053550212 0.0127405033734
90.2373672122 68486 11161925 1840016380 0.0113249949692
136.817801341 94856 15377557 2533246290 0.0159288323614
207.443006619 126416 20558540 3411734410 0.0200427112788
STEP_DONE 
0.050323978983 0 13 1208 -2.5150332287
0.0763011640511 0 19 2774 -1.23717604861
0.115687744753 0 36 6534 -0.799601669959
0.175405637024 0 75 14818 -0.65319730951
0.265949842531 2 219 33282 0.453499225919
0.403232871773 2 520 76104 -0.530846964619
0.611381256445 10 1097 174450 0.47494153499
0.926975618552 14 2436 393470 -0.0731829294175
1.40547945874 50 5502 885032 0.476250669967
2.13098647839 102 12354 2010702 0.34616148734
3.23099945918 192 28040 4552516 0.113077409024
4.89883798472 460 62909 10312126 0.197161508245
7.42761300449 884 142185 23311246 0.0191845646637
11.2617390321 1994 317039 52345452 0.0377211637871
17.0750368861 4106 699996 116286204 -0.0244143779195
25.8891529834 9124 1517880 253644208 0.00478044561105
39.2531065478 19400 3206021 535049062 0.00990417655713
59.5155188986 38524 6336476 1056486020 0.013542039555
90.2373672122 68416 11177416 1842127896 0.00869953111349
136.817801341 95304 15384069 2528880040 0.0181540316778
207.443006619 125838 20467883 3398021984 0.0202829120145
STEP_DONE 
0.050323978983 0 13 1206 -2.4927641163
0.0763011640511 0 20 2738 -1.36684470655
0.115687744753 0 33 6512 -0.641998515172
0.175405637024 0 73 14604 -0.619661458771
0.265949842531 0 221 32872 -1.17840867341
0.403232871773 2 529 75438 -0.576291962217
0.611381256445 12 1100 173054 0.760454883241
0.926975618552 14 2428 390256 -0.0743188186804
1.40547945874 50 5505 876770 0.462384211575
2.13098647839 106 12252 1993100 0.404103923607
3.23099945918 190 27963 4513920 0.0975487584251
4.89883798472 460 62850 10218988 0.18867559014
7.42761300449 908 141960 23101362 0.0405163194972
11.2617390321 2012 316361 51847734 0.0414656473151
17.0750368861 4120 698446 115095848 -0.0267257939697
25.8891529834 9222 1515390 250858684 0.0075502357757
39.2531065478 19460 3200289 528787974 0.0049198832164
59.5155188986 38612 6310964 1042134712 0.0102813328055
90.2373672122 68244 11036662 1808994728 0.0133290496243
136.817801341 93716 15056322 2465233750 0.0188504560713
207.443006619 125406 20198398 3316318014 0.0190556542526
STEP_DONE 
0.050323978983 0 12 1206 -2.23318532993
0.0763011640511 0 19 2728 -1.26311121242
0.115687744753 0 36 6562 -0.782637080718
0.175405637024 0 78 14734 -0.720166947284
0.265949842531 2 214 33158 0.495002746014
0.403232871773 2 530 75708 -0.577431693552
0.611381256445 12 1093 173352 0.778453178011
0.926975618552 12 2428 391346 -0.206589507592
1.40547945874 52 5526 878894 0.518696637064
2.13098647839 102 12335 1998680 0.341709298191
3.23099945918 182 27963 4523898 0.0534397800425
4.89883798472 464 62698 10241974 0.206678952154
7.42761300449 902 141835 23152252 0.0377504505684
11.2617390321 2010 315852 51959456 0.0458707982541
17.0750368861 4116 697793 115348444 -0.0237911662785
25.8891529834 9190 1512948 251315518 0.00908075622671
39.2531065478 19398 3194047 529402330 0.00674010884777
59.5155188986 38676 6308716 1042010312 0.0124445275017
90.2373672122 68434 11051697 1803620718 0.0104789838264
136.817801341 93992 15035522 2444952882 0.0165112095009
207.443006619 125796 20220956 3312064676 0.0187316399512
STEP_DONE 
0.050323978983 0 14 1176 -2.82959004759
0.0763011640511 0 16 2722 -0.890877672286
0.115687744753 0 37 6526 -0.823837859012
0.175405637024 0 78 14562 -0.723078834763
0.265949842531 2 221 32740 0.408927654208
0.403232871773 2 511 75022 -0.5014332084
0.611381256445 12 1096 171798 0.754813374498
0.926975618552 10 2432 387842 -0.350125273774
1.40547945874 46 5492 871370 0.33821603509
2.13098647839 104 12366 1980764 0.350027549876
3.23099945918 192 27962 4486320 0.102191809669
4.89883798472 452 62916 10154380 0.158417558834
7.42761300449 908 141933 22950404 0.0341140190081
11.2617390321 1996 316506 51509974 0.0258567849698
17.0750368861 4164 699569 114334888 -0.0260813877766
25.8891529834 9332 1517861 249143874 0.00920142956463
39.2531065478 19646 3205519 524836650 0.0036532342354
59.5155188986 39064 6317572 1032621138 0.010604811037
90.2373672122 69128 11075930 1786786048 0.00682135748107
136.817801341 95042 15056541 2417971298 0.0137611314564
207.443006619 125526 19946467 3225695068 0.0175504739181
STEP_DONE 
0.050323978983 0 14 1214 -2.71362739595
0.0763011640511 0 20 2754 -1.33859511292
0.115687744753 0 38 6534 -0.872808813566
0.175405637024 0 76 14614 -0.674686299144
0.265949842531 2 225 32778 0.371358269723
0.403232871773 2 524 75180 -0.554814554436
0.611381256445 10 1099 172134 0.450105993285
0.926975618552 14 2433 388772 -0.0817044226764
1.40547945874 52 5497 872646 0.516331456968
2.13098647839 106 12321 1982986 0.384958084279
3.23099945918 192 28034 4491958 0.0983786302829
4.89883798472 472 62942 10173522 0.210470907723
7.42761300449 904 142257 22994006 0.0269599313111
11.2617390321 2040 317054 51609526 0.0464499092667
17.0750368861 4164 700710 114542526 -0.0275163592567
25.8891529834 9322 1520074 249538798 0.00685288752342
39.2531065478 19632 3207623 525651324 0.00318964746418
59.5155188986 39144 6330279 1034908264 0.0108312655694
90.2373672122 69130 11093855 1792318590 0.00670467070727
136.817801341 95386 15122563 2433821912 0.0151460977927
207.443006619 127352 20249854 3267838982 0.0148365436406
STEP_DONE 
0.050323978983 0 13 1176 -2.55635801954
0.0763011640511 0 18 2718 -1.13055376005
0.115687744753 0 36 6544 -0.769818190652
0.175405637024 0 75 14642 -0.647897919175
0.265949842531 2 224 32828 0.38119823165
0.403232871773 2 528 74704 -0.581106289525
0.611381256445 12 1091 172460 0.765217433531
0.926975618552 14 2434 388004 -0.0845304794445
1.40547945874 52 5519 872442 0.5070824395
2.13098647839 108 12347 1980938 0.405479909803
3.23099945918 186 28044 4489120 0.0623100105769
4.89883798472 456 62966 10167084 0.168093885656
7.42761300449 910 142206 22980470 0.0338128014455
11.2617390321 2028 317081 51586932 0.0397771252648
17.0750368861 4180 700273 114536270 -0.0226474466497
25.8891529834 9314 1520157 249636490 0.00633008942147
39.2531065478 19688 3211499 526335678 0.00489802003069
59.5155188986 39130 6343792 1037977864 0.00922845653971
90.2373672122 69396 11140839 1805695404 0.00949841505647
136.817801341 95754 15258181 2468363798 0.0150810848664
207.443006619 127140 20297743 3298924578 0.0177635704745
STEP_DONE 
0.050323978983 0 12 1214 -2.22188532964
0.0763011640511 0 19 2774 -1.23251643275
0.115687744753 0 37 6580 -0.832834919411
0.175405637024 0 75 14864 -0.644648475419
0.265949842531 2 226 33140 0.380106858829
0.403232871773 2 530 75906 -0.576044950987
0.611381256445 12 1097 174280 0.777144963264
0.926975618552 12 2447 392750 -0.219269674596
1.40547945874 48 5521 883500 0.406162867592
2.13098647839 102 12348 2007896 0.344769372644
3.23099945918 190 28030 4547580 0.100659138491
4.89883798472 464 62938 10298100 0.204664997055
7.42761300449 894 142101 23287840 0.0307203309035
11.2617390321 2018 317216 52281644 0.0475282494844
17.0750368861 4160 701389 116117858 -0.0172814680237
25.8891529834 9240 1521888 253214668 0.0101794095163
39.2531065478 19492 3215786 534180724 0.00696296062607
59.5155188986 38732 6352826 1054882966 0.0122613630768
90.2373672122 68734 11193763 1839852316 0.00917397105943
136.817801341 95898 15435866 2530069914 0.0181344168393
207.443006619 128574 20820433 3439990932 0.019943440897
STEP_DONE 
0.050323978983 0 14 1228 -2.72591413673
0.0763011640511 0 19 2748 -1.25964412139
0.115687744753 0 36 6540 -0.79898658974
0.175405637024 0 78 14858 -0.715684478168
0.265949842531 2 223 33304 0.415216497991
0.403232871773 2 523 76252 -0.541210707808
0.611381256445 12 1096 174418 0.783483749392
0.926975618552 14 2425 394276 -0.0619422520823
1.40547945874 52 5473 885880 0.548300890691
2.13098647839 106 12365 2014176 0.398935417444
3.23099945918 194 28022 4562420 0.128134524126
4.89883798472 450 63013 10338280 0.170299200506
7.42761300449 900 142366 23383926 0.0379917332111
11.2617390321 2002 317483 52530272 0.0424421970495
17.0750368861 4106 702503 116776214 -0.0271791210278
25.8891529834 9232 1527292 255048710 0.00948730265755
39.2531065478 19586 3239102 539489360 0.00720643274553
59.5155188986 39160 6429714 1069891176 0.0132863237483
90.2373672122 69844 11413298 1880388970 0.00815110297069
136.817801341 98460 15945289 2624485330 0.0161577748668
207.443006619 133312 21727157 3606862454 0.0182430544552
STEP_DONE 
0.050323978983 0 13 1220 -2.5158703088
0.0763011640511 0 20 2786 -1.36863536183
0.115687744753 0 36 6630 -0.791588629337
0.175405637024 0 76 14946 -0.677791305274
0.265949842531 2 222 33604 0.440087461095
0.403232871773 2 514 76790 -0.49968700978
0.611381256445 12 1094 176410 0.805206676837
0.926975618552 12 2431 397974 -0.194821398713
1.40547945874 44 5524 894304 0.301014866488
2.13098647839 92 12338 2033818 0.229538006848
3.23099945918 194 28012 4608010 0.140082994329
4.89883798472 448 63092 10437040 0.173703337255
7.42761300449 894 142521 23603148 0.038559416237
11.2617390321 1970 317824 53004402 0.0331175971591
17.0750368861 4068 701998 117758552 -0.0267324493823
25.8891529834 9108 1525474 257058806 0.00629740599421
39.2531065478 19308 3231616 543607150 0.00521779367223
59.5155188986 38448 6423139 1078777442 0.00546200182077
90.2373672122 68694 11389067 1897981762 0.00515627811325
136.817801341 96824 15910884 2648824206 0.0129350786726
207.443006619 131682 21773228 3649081080 0.0134172444445
STEP_DONE 
0.050323978983 0 12 1220 -2.23952055648
0.0763011640511 0 19 2796 -1.23808078502
0.115687744753 0 36 6678 -0.775478472103
0.175405637024 0 77 14978 -0.693153074929
0.265949842531 2 220 33568 0.457186864194
0.403232871773 2 515 76816 -0.502027859201
0.611381256445 10 1109 176180 0.466057906557
0.926975618552 14 2450 397396 -0.075143441007
1.40547945874 46 5508 893652 0.365932327317
2.13098647839 100 12337 2030850 0.334564247888
3.23099945918 194 28073 4602862 0.134240024844
4.89883798472 448 63113 10426812 0.171611242921
7.42761300449 894 142611 23573370 0.0359645595842
11.2617390321 1964 317614 52927858 0.0298739247314
17.0750368861 4116 702420 117585840 -0.0181920219294
25.8891529834 9108 1524295 256469848 0.0055861852484
39.2531065478 19208 3217594 541242630 0.00444855655287
59.5155188986 38006 6348548 1069779920 0.00890533084613
90.2373672122 66958 11170495 1869012124 0.00308547572279
136.817801341 92702 15360850 2575548116 0.0117767169389
207.443006619 125966 20929097 3525312944 0.0136845767303
STEP_DONE 
0.050323978983 0 12 1218 -2.2485597395
0.0763011640511 0 20 2804 -1.35184603109
0.115687744753 0 37 6644 -0.836238124879
0.175405637024 0 73 15030 -0.601477271446
0.265949842531 2 223 33578 0.429120847635
0.403232871773 2 518 77042 -0.511370164042
0.611381256445 12 1089 176316 0.813338514415
0.926975618552 14 2409 397948 -0.0398164964897
1.40547945874 46 5503 894376 0.369163393955
2.13098647839 106 12341 2033966 0.415882866224
3.23099945918 188 28069 4607534 0.100328545658
4.89883798472 438 63107 10438574 0.14708303754
7.42761300449 896 142528 23601286 0.0406427823914
11.2617390321 1992 317885 52999032 0.0438930878272
17.0750368861 4108 703231 117715152 -0.0212700855505
25.8891529834 9210 1526830 256746184 0.0141643797491
39.2531065478 19236 3225963 541774848 0.00170111181701
59.5155188986 38304 6379996 1070560264 0.00747731372073
90.2373672122 67850 11223020 1868823126 0.00666277837204
136.817801341 93702 15420975 2574797506 0.0143326302509
207.443006619 122662 20628764 3504626166 0.0104761209341
STEP_DONE 
0.050323978983 0 14 1222 -2.75197551991
0.0763011640511 0 19 2782 -1.23665830393
0.115687744753 0 34 6592 -0.689137037331
0.175405637024 0 75 14890 -0.649566134509
0.265949842531 2 230 33340 0.349205959344
0.403232871773 2 518 76234 -0.521836791038
0.611381256445 12 1109 175258 0.763582815304
0.926975618552 14 2426 394954 -0.0611800503614
1.40547945874 52 5496 888422 0.5434295004
2.13098647839 104 12338 2018548 0.379721813547
3.23099945918 190 28102 4572210 0.101364198509
4.89883798472 454 63012 10360886 0.183186152873
7.42761300449 908 142347 23421966 0.0491185651858
11.2617390321 1994 317325 52587326 0.0405149471108
17.0750368861 4100 700640 116789016 -0.023399016557
25.8891529834 9092 1520711 254722346 0.00189675378447
39.2531065478 19346 3214015 537542606 0.00687913798204
59.5155188986 38230 6346723 1062060148 0.00810736233004
90.2373672122 67602 11157194 1854293162 0.00700909498845
136.817801341 93328 15308677 2554319222 0.0169244669554
207.443006619 123818 20516257 3458450678 0.0171873440306
STEP_DONE 
0.050323978983 0 13 1232 -2.48257455578
0.0763011640511 0 19 2772 -1.26218518153
0.115687744753 0 38 6594 -0.901964611223
0.175405637024 0 77 14978 -0.696698504778
0.265949842531 2 224 33636 0.421284857953
0.403232871773 2 517 77090 -0.506909452068
0.611381256445 8 1108 176538 0.162609050958
0.926975618552 14 2430 397928 -0.0573644065045
1.40547945874 48 5502 894322 0.431120943788
2.13098647839 102 12317 2033244 0.36678759529
3.23099945918 182 28033 4606292 0.0673934211979
4.89883798472 454 63031 10433600 0.191113918554
7.42761300449 880 142437 23582210 0.0227338068564
11.2617390321 1982 317229 52953122 0.0420731341467
17.0750368861 4128 702114 117600744 -0.0145656661313
25.8891529834 9088 1525358 256526168 0.00225230326239
39.2531065478 19204 3218765 541297698 0.00356939658122
59.5155188986 38212 6363147 1069637918 0.00945997155265
90.2373672122 67276 11182714 1868288950 0.00512720276444
136.817801341 93114 15386279 2575047416 0.0126611710193
207.443006619 125880 20853355 3511737912 0.0162911965787
STEP_DONE 
0.050323978983 0 14 1226 -2.71574773345
0.0763011640511 0 20 2766 -1.35280793369
0.115687744753 0 35 6560 -0.736092500463
0.175405637024 0 74 14804 -0.626527084234
0.265949842531 2 224 33206 0.399274360576
0.403232871773 2 517 75940 -0.518145159218
0.611381256445 12 1100 173990 0.768433822563
0.926975618552 10 2440 392400 -0.348770853865
1.40547945874 46 5479 882234 0.359352938476
2.13098647839 104 12325 2005948 0.373078734042
3.23099945918 192 28055 4544138 0.10948335457
4.89883798472 474 62995 10294654 0.227630608563
7.42761300449 900 142171 23279634 0.0361398823216
11.2617390321 1986 317089 52272434 0.0318258599593
17.0750368861 4158 700935 116134358 -0.0162062666505
25.8891529834 9228 1523190 253336628 0.0077675756918
39.2531065478 19540 3215169 534437104 0.0102357379548
59.5155188986 38708 6354785 1056328604 0.0124323420135
90.2373672122 68598 11204974 1845618022 0.00834264083287
136.817801341 95446 15439304 2542567622 0.0177758295813
207.443006619 125834 20554920 3423074474 0.0191326125944
STEP_DONE 
0.050323978983 0 14 1202 -2.77569820803
0.0763011640511 0 19 2760 -1.23160961892
0.115687744753 0 36 6508 -0.793199719663
0.175405637024 0 78 14682 -0.722198032539
0.265949842531 2 224 32874 0.389459165472
0.403232871773 0 513 75686 -1.19722998708
0.611381256445 12 1087 173176 0.785688221033
0.926975618552 14 2410 391090 -0.0571687638241
1.40547945874 50 5458 878608 0.481292281569
2.13098647839 102 12340 1998856 0.339343497449
3.23099945918 190 28042 4526522 0.0944969784088
4.89883798472 464 62950 10252782 0.198608193138
7.42761300449 912 142456 23179758 0.0413917648693
11.2617390321 2046 317842 52055384 0.05325361899
17.0750368861 4188 702883 115646814 -0.0188638506594
25.8891529834 9330 1526929 252268242 0.00950255953261
39.2531065478 19736 3229699 532363572 0.00730193250414
59.5155188986 39264 6390291 1052223592 0.0116030200955
90.2373672122 69578 11265855 1838572544 0.00785503365076
136.817801341 96552 15513203 2534130364 0.0164892327024
207.443006619 128270 20695681 3409066776 0.0205332708656
STEP_DONE 
0.050323978983 0 13 1216 -2.46102906118
0.0763011640511 0 19 2750 -1.23674448754
0.115687744753 0 34 6494 -0.694970333628
0.175405637024 0 75 14676 -0.654432408642
0.265949842531 2 219 32910 0.438002552852
0.403232871773 2 510 75494 -0.492879991774
0.611381256445 12 1102 172922 0.755153900808
0.926975618552 14 2442 390424 -0.0853492773334
1.40547945874 52 5492 877328 0.526421828308
2.13098647839 102 12285 1994622 0.345963680486
3.23099945918 192 27943 4517786 0.111178638242
4.89883798472 474 62946 10232728 0.222255483494
7.42761300449 920 142301 23142478 0.0509752239042
11.2617390321 2026 317503 51973692 0.0436818485004
17.0750368861 4122 701877 115439962 -0.0327569050309
25.8891529834 9260 1523002 251755868 0.00527805716466
39.2531065478 19592 3219346 531225204 0.00440816057537
59.5155188986 39062 6367181 1050074642 0.0116772567789
90.2373672122 69342 11223095 1835137168 0.010170534939
136.817801341 96354 15483784 2528071766 0.0158259084955
207.443006619 129056 20729021 3399406782 0.0206228400552
STEP_DONE 
0.050323978983 0 13 1218 -2.45578121549
0.0763011640511 0 19 2676 -1.29888722804
0.115687744753 0 38 6494 -0.894617253533
0.175405637024 0 75 14684 -0.65373936066
0.265949842531 2 226 33000 0.37098411019
0.403232871773 2 517 75518 -0.522518318796
0.611381256445 12 1103 173004 0.753596583942
0.926975618552 14 2421 390432 -0.0679303660428
1.40547945874 50 5480 876850 0.470952284643
2.13098647839 100 12371 1992988 0.305241816082
3.23099945918 196 28073 4513994 0.124359806276
4.89883798472 458 63132 10228224 0.175082277231
7.42761300449 912 142450 23125060 0.0391192482377
11.2617390321 2032 317616 51927494 0.0451629526749
17.0750368861 4134 702246 115344790 -0.0319304710459
25.8891529834 9336 1525574 251604808 0.00928368009742
39.2531065478 19764 3228605 530965764 0.00676182935848
59.5155188986 39276 6380927 1049392508 0.0121365302372
90.2373672122 69432 11242863 1833811506 0.00725102616578
136.817801341 96542 15495275 2527365084 0.0160299830432
207.443006619 128540 20679160 3395767244 0.0203467962306
STEP_DONE 
