#Theta DD DR RR XI factor=223.724269377 jknum= 20
0.050323978983 0 4 416 -3.27157347338
0.0763011640511 0 3 982 -0.357159800097
0.115687744753 0 10 2350 -0.890398473326
0.175405637024 0 21 5112 -0.824944535576
0.265949842531 2 69 12030 6.65448006171
0.403232871773 0 146 27126 -1.39104813167
0.611381256445 0 303 61750 -1.17985138936
0.926975618552 8 628 140204 1.82536745639
1.40547945874 4 1414 315634 -0.364897621697
2.13098647839 26 3245 715526 0.778093412733
3.23099945918 46 7489 1620212 0.347376835702
4.89883798472 90 16331 3677674 0.234702799236
7.42761300449 172 36919 8311080 0.0476716333717
11.2617390321 412 82564 18663270 0.123881641382
17.0750368861 714 181847 41483816 -0.0981865252405
25.8891529834 1728 396503 90487730 -0.00442009276372
39.2531065478 3626 841643 191110418 -0.0203242230197
59.5155188986 7686 1664516 377348980 0.0453452727455
90.2373672122 13236 2940519 658617412 0.00812258847601
136.817801341 18726 4061934 907227374 0.0293689813226
207.443006619 24702 5394268 1218828370 0.0338102869981
STEP_DONE 
0.050323978983 0 4 430 -3.17391737493
0.0763011640511 0 3 984 -0.367975968916
0.115687744753 0 8 2384 -0.505691670485
0.175405637024 0 20 5186 -0.730413103758
0.265949842531 2 69 12166 6.72941566151
0.403232871773 0 149 27470 -1.43377217156
0.611381256445 0 298 62672 -1.13351166559
0.926975618552 8 621 141642 1.87556037834
1.40547945874 4 1422 319334 -0.367589023985
2.13098647839 26 3258 723194 0.788136223553
3.23099945918 44 7493 1638542 0.299700744169
4.89883798472 90 16358 3719554 0.244563607073
7.42761300449 178 36942 8401342 0.0934035525488
11.2617390321 424 82485 18862562 0.169258692058
17.0750368861 710 181701 41929018 -0.0921499929385
25.8891529834 1690 396398 91456924 -0.0146971115533
39.2531065478 3560 840013 193095530 -0.0239929870313
59.5155188986 7612 1664065 381210046 0.0463736913073
90.2373672122 13130 2937301 665017196 0.0119116876306
136.817801341 18426 4051984 915421988 0.0270158240343
207.443006619 24626 5422379 1234262962 0.0330072745812
STEP_DONE 
0.050323978983 0 4 420 -3.26796710652
0.0763011640511 0 3 972 -0.383137488225
0.115687744753 0 10 2396 -0.870352863876
0.175405637024 0 20 5212 -0.719633715214
0.265949842531 2 71 12158 6.64200421402
0.403232871773 0 154 27390 -1.51964323156
0.611381256445 0 297 62562 -1.12743445249
0.926975618552 8 624 141294 1.86355771111
1.40547945874 4 1422 318566 -0.369963538633
2.13098647839 22 3260 721476 0.506040203115
3.23099945918 44 7460 1633756 0.305888620915
4.89883798472 92 16280 3709890 0.278507826572
7.42761300449 172 36967 8377392 0.0533175420612
11.2617390321 424 82832 18816174 0.158572204595
17.0750368861 724 182243 41826486 -0.0835281906677
25.8891529834 1732 397156 91201578 0.00196570597582
39.2531065478 3566 837843 192488280 -0.0204848042465
59.5155188986 7548 1654537 379997480 0.0460485480139
90.2373672122 12984 2914918 663471160 0.0136739217089
136.817801341 18156 4017744 913089696 0.026440603598
207.443006619 24434 5398938 1231955186 0.031853108551
STEP_DONE 
0.050323978983 0 4 428 -3.20853507488
0.0763011640511 0 2 996 0.0957565200561
0.115687744753 0 10 2376 -0.895257798872
0.175405637024 0 20 5208 -0.729313567635
0.265949842531 2 72 12202 6.65222575826
0.403232871773 0 148 27522 -1.42156679913
0.611381256445 0 299 62706 -1.1472213608
0.926975618552 8 631 141970 1.85522567462
1.40547945874 4 1401 320640 -0.335163552993
2.13098647839 26 3257 725178 0.795102585694
3.23099945918 42 7460 1641922 0.250801441136
4.89883798472 86 16362 3727650 0.193000445251
7.42761300449 174 37046 8418632 0.0662037909344
11.2617390321 424 82676 18908100 0.167806190619
17.0750368861 730 181865 42034048 -0.0679080930665
25.8891529834 1702 395775 91690132 -0.00271396399178
39.2531065478 3538 838037 193583178 -0.022911535012
59.5155188986 7566 1657603 382074722 0.0502423312386
90.2373672122 13038 2934446 666081842 0.00845231143791
136.817801341 18384 4040446 914497158 0.0295429752153
207.443006619 24484 5395458 1230697866 0.0343548192082
STEP_DONE 
0.050323978983 0 4 426 -3.15563977349
0.0763011640511 0 3 982 -0.352064060724
0.115687744753 0 8 2350 -0.506640462559
0.175405637024 0 19 5084 -0.654000212758
0.265949842531 0 69 11972 -1.55076168355
0.403232871773 0 152 27046 -1.48729929207
0.611381256445 0 297 61692 -1.13066465434
0.926975618552 8 622 139288 1.83614052487
1.40547945874 4 1411 314616 -0.362298893732
2.13098647839 28 3229 712536 0.918650602996
3.23099945918 44 7441 1612758 0.29400432156
4.89883798472 88 16293 3660230 0.207242556079
7.42761300449 182 36978 8267696 0.0984995625762
11.2617390321 432 82623 18554486 0.16933177949
17.0750368861 730 182033 41211706 -0.0874704608678
25.8891529834 1728 396251 89846266 -0.0101011733979
39.2531065478 3616 837523 189542822 -0.0213940329958
59.5155188986 7596 1649461 373090152 0.0403175891758
90.2373672122 13116 2895475 647080566 0.0121809841273
136.817801341 18242 3949708 881072460 0.0298586443166
207.443006619 24412 5281242 1179660772 0.0319802406627
STEP_DONE 
0.050323978983 0 3 422 -2.14996478806
0.0763011640511 0 3 976 -0.361972480084
0.115687744753 0 10 2364 -0.87434452984
0.175405637024 0 20 5084 -0.743096171731
0.265949842531 2 64 12044 6.79612481523
0.403232871773 0 152 27150 -1.480679452
0.611381256445 0 295 61538 -1.12410281163
0.926975618552 6 626 139504 1.12273720818
1.40547945874 4 1414 314776 -0.3666962402
2.13098647839 28 3233 712626 0.918339012816
3.23099945918 40 7427 1612916 0.176935000013
4.89883798472 92 16226 3658546 0.269109597725
7.42761300449 174 36793 8265406 0.0608687625116
11.2617390321 432 82333 18547272 0.176301686113
17.0750368861 728 181087 41194948 -0.0803777834646
25.8891529834 1698 393877 89741844 -0.0160421447068
39.2531065478 3628 834261 189149486 -0.0128638988094
59.5155188986 7650 1650710 371947368 0.0430524017121
90.2373672122 13132 2894765 643088704 0.00776663268525
136.817801341 18332 3949894 870805864 0.0234524681227
207.443006619 24504 5282819 1171155084 0.0282639431739
STEP_DONE 
0.050323978983 0 4 416 -3.26511172897
0.0763011640511 0 3 978 -0.360649140529
0.115687744753 0 9 2378 -0.678782413084
0.175405637024 0 21 5110 -0.822897067723
0.265949842531 2 69 12046 6.62605422418
0.403232871773 0 150 27242 -1.44239567476
0.611381256445 0 297 61708 -1.13490586446
0.926975618552 6 625 139996 1.12787087111
1.40547945874 4 1409 315936 -0.355453732442
2.13098647839 26 3249 715418 0.773207257295
3.23099945918 44 7438 1620076 0.299432799923
4.89883798472 84 16379 3675006 0.147378768649
7.42761300449 172 37049 8299682 0.0393142387141
11.2617390321 408 82701 18623762 0.107874833452
17.0750368861 734 182229 41363518 -0.0813134107113
25.8891529834 1716 397075 90131072 -0.0176620389096
39.2531065478 3618 838934 190017106 -0.0218117339627
59.5155188986 7646 1654520 373716296 0.042590748292
90.2373672122 13224 2902923 646461568 0.0143580471448
136.817801341 18334 3957376 875118698 0.0246471043014
207.443006619 24424 5260486 1168456544 0.0311907639753
STEP_DONE 
0.050323978983 0 4 430 -3.11212602347
0.0763011640511 0 3 988 -0.342267856853
0.115687744753 0 10 2362 -0.871522216441
0.175405637024 0 20 5100 -0.733543323621
0.265949842531 2 68 12018 6.62872592839
0.403232871773 0 154 27046 -1.51705414178
0.611381256445 0 300 61666 -1.15055402097
0.926975618552 8 628 139586 1.81106307159
1.40547945874 4 1414 314792 -0.364877053166
2.13098647839 26 3224 712244 0.782368212988
3.23099945918 46 7477 1612670 0.343942667914
4.89883798472 94 16336 3660084 0.281650287614
7.42761300449 176 37019 8264376 0.0602700838955
11.2617390321 432 82670 18549148 0.167609090459
17.0750368861 736 181825 41194096 -0.078326853559
25.8891529834 1712 395585 89763820 -0.0163749666319
39.2531065478 3588 835963 189193436 -0.0267609853796
59.5155188986 7638 1648718 372242616 0.0444842318159
90.2373672122 13156 2897484 644433848 0.00977394421022
136.817801341 18388 3964077 875784288 0.0248416335101
207.443006619 24774 5330751 1175726018 0.0251153367154
STEP_DONE 
0.050323978983 0 4 416 -3.18955308413
0.0763011640511 0 3 960 -0.361604752343
0.115687744753 0 10 2354 -0.850949535895
0.175405637024 0 21 5078 -0.801887344573
0.265949842531 2 70 11848 6.43747380398
0.403232871773 0 151 26488 -1.48386973849
0.611381256445 0 301 60814 -1.15657200226
0.926975618552 8 625 137184 1.78268306697
1.40547945874 4 1421 310078 -0.384498870675
2.13098647839 28 3242 701924 0.880814263194
3.23099945918 40 7456 1588752 0.150139676256
4.89883798472 92 16329 3606994 0.2380631017
7.42761300449 168 36862 8147438 0.00732863864895
11.2617390321 420 82585 18291400 0.122563470599
17.0750368861 734 182027 40627228 -0.0947051100654
25.8891529834 1740 395535 88535550 -0.0137941091273
39.2531065478 3636 834939 186768312 -0.0238564982269
59.5155188986 7714 1648860 367955472 0.0425144161061
90.2373672122 13278 2903997 639564974 0.0069561616302
136.817801341 18612 3981514 873848020 0.0256374575585
207.443006619 24624 5289318 1165583260 0.0254375164048
STEP_DONE 
0.050323978983 0 4 426 -3.20612025567
0.0763011640511 0 3 984 -0.365706729356
0.115687744753 0 9 2368 -0.70251953761
0.175405637024 0 20 5198 -0.723554471831
0.265949842531 2 72 12124 6.6151336753
0.403232871773 0 153 27448 -1.49696249293
0.611381256445 0 291 62336 -1.09115079414
0.926975618552 8 632 141044 1.83815051353
1.40547945874 4 1422 318816 -0.368584538668
2.13098647839 28 3269 722104 0.917285174111
3.23099945918 42 7432 1634088 0.252035872897
4.89883798472 92 16339 3709228 0.271038156317
7.42761300449 172 36904 8379422 0.0568802758483
11.2617390321 420 82254 18810014 0.161274325269
17.0750368861 718 181180 41798650 -0.0799700697654
25.8891529834 1688 394289 91155812 -0.00864225097824
39.2531065478 3536 834208 192410050 -0.0202212145921
59.5155188986 7560 1652698 379661628 0.0489423306158
90.2373672122 13114 2931914 661793050 0.0095246975995
136.817801341 18738 4066234 911907992 0.0333660217202
207.443006619 25258 5540371 1252367310 0.0300398018392
STEP_DONE 
0.050323978983 0 4 432 -3.15466805494
0.0763011640511 0 3 986 -0.365225608316
0.115687744753 0 9 2366 -0.70682051961
0.175405637024 0 21 5148 -0.830378233993
0.265949842531 2 72 12170 6.61717405821
0.403232871773 0 147 27402 -1.40710568718
0.611381256445 0 295 62432 -1.12019035479
0.926975618552 8 634 141792 1.83356181785
1.40547945874 4 1416 319444 -0.358703441411
2.13098647839 28 3262 722778 0.92483855636
3.23099945918 46 7484 1637968 0.363391351249
4.89883798472 88 16339 3719958 0.219884204585
7.42761300449 174 37025 8406540 0.0655869555131
11.2617390321 418 82674 18883282 0.149691451354
17.0750368861 726 182548 41990772 -0.0804199429971
25.8891529834 1726 398178 91717356 -0.00076903436816
39.2531065478 3616 844631 194186910 -0.0143949479139
59.5155188986 7606 1674975 385015382 0.0423007476224
90.2373672122 13318 2986978 676670944 0.00997202727649
136.817801341 18952 4173087 944299136 0.0272634723582
207.443006619 25560 5670062 1297376178 0.0306226716846
STEP_DONE 
0.050323978983 0 4 434 -3.1866266911
0.0763011640511 0 3 1010 -0.349254443517
0.115687744753 0 9 2410 -0.696365545168
0.175405637024 0 19 5210 -0.656570234874
0.265949842531 2 68 12300 6.8765970284
0.403232871773 0 155 27780 -1.53450663706
0.611381256445 0 294 63318 -1.10918229918
0.926975618552 6 635 143202 1.14710069048
1.40547945874 4 1434 323504 -0.375719959841
2.13098647839 26 3265 732750 0.806347329107
3.23099945918 46 7463 1658672 0.386783204892
4.89883798472 94 16326 3767314 0.318605092341
7.42761300449 168 37068 8507244 0.0394384517088
11.2617390321 414 82698 19105412 0.151597939453
17.0750368861 728 181910 42466384 -0.0615022813173
25.8891529834 1630 396185 92634748 -0.0350566528803
39.2531065478 3496 837346 195623500 -0.0224770560958
59.5155188986 7390 1658531 386806034 0.0378409691971
90.2373672122 12916 2953527 678809100 0.0050842411018
136.817801341 18454 4131656 946519546 0.0229033483687
207.443006619 25386 5697024 1312018280 0.0256866124725
STEP_DONE 
0.050323978983 0 4 428 -3.23300679353
0.0763011640511 0 3 1002 -0.356083014694
0.115687744753 0 10 2420 -0.87161870623
0.175405637024 0 19 5224 -0.647339741816
0.265949842531 2 69 12310 6.79376811236
0.403232871773 0 152 27652 -1.48971584298
0.611381256445 0 303 63144 -1.17341811182
0.926975618552 8 629 143126 1.87615277625
1.40547945874 2 1418 322840 -0.671675176977
2.13098647839 26 3234 731566 0.820488192778
3.23099945918 44 7493 1656078 0.313318099701
4.89883798472 78 16360 3761498 0.0935543121283
7.42761300449 174 37009 8498052 0.0775945723555
11.2617390321 410 82802 19074702 0.136234471482
17.0750368861 722 182036 42394030 -0.0713965952664
25.8891529834 1670 395587 92477918 -0.0113221649811
39.2531065478 3438 834346 195311976 -0.0320811041669
59.5155188986 7374 1650355 385687098 0.0424637680321
90.2373672122 12820 2927363 673192412 0.00712047009405
136.817801341 17772 4022226 927538014 0.0185577621819
207.443006619 24022 5437094 1263446262 0.0259806000193
STEP_DONE 
0.050323978983 0 3 426 -2.20791145804
0.0763011640511 0 3 994 -0.374819196302
0.115687744753 0 10 2408 -0.891708584059
0.175405637024 0 19 5266 -0.643552053511
0.265949842531 2 70 12402 6.79456187703
0.403232871773 0 153 27886 -1.4992858186
0.611381256445 0 296 63350 -1.12841253993
0.926975618552 8 632 143604 1.88515904346
1.40547945874 4 1426 324438 -0.362586424456
2.13098647839 28 3255 734864 0.958880001014
3.23099945918 42 7497 1663200 0.256678444924
4.89883798472 88 16313 3778998 0.241619437616
7.42761300449 172 36929 8535518 0.0745194191941
11.2617390321 404 82672 19168230 0.128695142461
17.0750368861 706 182003 42596520 -0.0865347498064
25.8891529834 1678 396769 92904566 -0.00846126911561
39.2531065478 3504 840243 196167372 -0.0245280535459
59.5155188986 7474 1661484 387398268 0.0471610474208
90.2373672122 12784 2936694 676049266 0.00220611266085
136.817801341 17828 4043129 932303718 0.0165164396506
207.443006619 23544 5426182 1274424528 0.0188523376854
STEP_DONE 
0.050323978983 0 4 434 -3.14941486376
0.0763011640511 0 2 986 0.0867920634533
0.115687744753 0 9 2382 -0.701051055608
0.175405637024 0 20 5202 -0.730917003912
0.265949842531 2 73 12216 6.60574350551
0.403232871773 0 152 27524 -1.48627197838
0.611381256445 0 300 62874 -1.14816066761
0.926975618552 8 629 141912 1.86108131002
1.40547945874 4 1421 320934 -0.361838114342
2.13098647839 28 3264 726618 0.930283127825
3.23099945918 42 7520 1644442 0.23539941773
4.89883798472 90 16359 3734964 0.249129041828
7.42761300449 170 36994 8435548 0.0467978560874
11.2617390321 422 82594 18940958 0.165779691342
17.0750368861 702 181639 42085088 -0.0978663671396
25.8891529834 1696 394630 91782266 0.000610455161844
39.2531065478 3560 834299 193806500 -0.00727557303543
59.5155188986 7398 1646157 382600734 0.0427542491219
90.2373672122 12678 2905003 667770774 0.00349254775763
136.817801341 17724 3987291 919785116 0.0247688211598
207.443006619 23650 5358003 1245707960 0.0255921546687
STEP_DONE 
0.050323978983 0 3 438 -2.10445434707
0.0763011640511 0 3 984 -0.381860776439
0.115687744753 0 10 2386 -0.899624202314
0.175405637024 0 21 5214 -0.825519184525
0.265949842531 2 71 12318 6.72634836649
0.403232871773 0 151 27774 -1.46420395101
0.611381256445 0 298 63302 -1.13371772981
0.926975618552 8 625 143114 1.8915289391
1.40547945874 4 1418 322710 -0.355003280607
2.13098647839 24 3236 731272 0.679868930142
3.23099945918 42 7453 1654762 0.262130655304
4.89883798472 86 16390 3758588 0.198661340682
7.42761300449 164 37008 8487678 0.0161010014223
11.2617390321 414 82591 19060196 0.151541449401
17.0750368861 726 182314 42359828 -0.0705254010503
25.8891529834 1704 396582 92399894 0.00178191373367
39.2531065478 3510 838394 195108790 -0.0236975421612
59.5155188986 7372 1656439 385278848 0.0340418836167
90.2373672122 12702 2915251 672647258 0.00545658761898
136.817801341 17614 4001356 926805958 0.0192347137048
207.443006619 23650 5409009 1261690792 0.0195731075156
STEP_DONE 
0.050323978983 0 4 440 -3.13815261044
0.0763011640511 0 3 1004 -0.360149762396
0.115687744753 0 10 2440 -0.865560603068
0.175405637024 0 19 5280 -0.638018741633
0.265949842531 2 69 12400 6.82205477435
0.403232871773 0 147 27830 -1.40438116101
0.611381256445 0 304 63392 -1.18292250273
0.926975618552 4 640 143640 0.41435652503
1.40547945874 2 1410 324094 -0.660707734066
2.13098647839 24 3245 734344 0.681499564081
3.23099945918 40 7476 1662802 0.199537870162
4.89883798472 88 16365 3776482 0.234524382476
7.42761300449 168 36955 8530416 0.0482029905928
11.2617390321 400 82566 19156882 0.119722801202
17.0750368861 720 182115 42586102 -0.0708052637946
25.8891529834 1664 397239 92892576 -0.0186498076819
39.2531065478 3508 840067 196119906 -0.0232402951891
59.5155188986 7388 1663249 387285328 0.0332719225373
90.2373672122 12900 2941671 676301898 0.00812652003655
136.817801341 18128 4054174 932279162 0.027761246879
207.443006619 24180 5475571 1272661976 0.0257323036064
STEP_DONE 
0.050323978983 0 4 420 -3.23137629885
0.0763011640511 0 3 996 -0.338236480057
0.115687744753 0 9 2364 -0.691476566163
0.175405637024 0 18 5178 -0.544476864585
0.265949842531 2 71 12064 6.5664701685
0.403232871773 0 149 27284 -1.42632613237
0.611381256445 0 299 61826 -1.1486762673
0.926975618552 8 625 140380 1.8342438814
1.40547945874 4 1410 316940 -0.353750388726
2.13098647839 28 3260 717746 0.907186083649
3.23099945918 44 7454 1624640 0.298061388023
4.89883798472 90 16368 3688274 0.232495667806
7.42761300449 172 37040 8331894 0.0436062497562
11.2617390321 426 82781 18710638 0.157896263139
17.0750368861 742 182373 41584632 -0.0679441804756
25.8891529834 1728 396937 90707616 -0.00411812957045
39.2531065478 3608 839383 191535866 -0.0174627714989
59.5155188986 7586 1658356 378319538 0.041990012267
90.2373672122 13244 2934119 660717940 0.0161770523219
136.817801341 18496 4044736 910171250 0.0284383922279
207.443006619 24626 5397516 1223366642 0.0331530304865
STEP_DONE 
0.050323978983 0 4 428 -3.13079107708
0.0763011640511 0 3 978 -0.355811795238
0.115687744753 0 9 2364 -0.682720730638
0.175405637024 0 19 5080 -0.653129578682
0.265949842531 2 71 11976 6.53590626263
0.403232871773 0 151 26992 -1.47262860968
0.611381256445 0 296 61500 -1.12732382103
0.926975618552 8 626 139618 1.81672767788
1.40547945874 4 1409 314782 -0.357800600817
2.13098647839 28 3235 712698 0.912532640217
3.23099945918 46 7444 1613684 0.353295579986
4.89883798472 90 16385 3665018 0.223332936493
7.42761300449 178 37015 8281374 0.0741941569341
11.2617390321 436 82873 18597540 0.175414479818
17.0750368861 740 182577 41337988 -0.0778606848566
25.8891529834 1722 398307 90171706 -0.0196923297378
39.2531065478 3628 842617 190351088 -0.0256907349267
59.5155188986 7698 1665287 375869664 0.0420109334479
90.2373672122 13356 2945569 656511678 0.0104956905188
136.817801341 18766 4068946 904878886 0.0253675281835
207.443006619 25066 5439204 1215889070 0.0296152597695
STEP_DONE 
0.050323978983 0 3 422 -2.16013968571
0.0763011640511 0 2 952 0.0661211853162
0.115687744753 0 10 2370 -0.875638463247
0.175405637024 0 20 5074 -0.752173101259
0.265949842531 2 72 11966 6.58214340447
0.403232871773 0 150 26930 -1.47600992827
0.611381256445 0 297 61550 -1.1449929454
0.926975618552 8 625 139100 1.84384143415
1.40547945874 4 1390 313846 -0.339153385794
2.13098647839 26 3226 711490 0.789711451396
3.23099945918 46 7393 1608342 0.369573678861
4.89883798472 90 16289 3655292 0.235407968574
7.42761300449 170 36740 8258936 0.039374816398
11.2617390321 432 82077 18543212 0.183302616899
17.0750368861 720 181222 41214324 -0.0915935882562
25.8891529834 1722 394202 89889566 -0.003061839007
39.2531065478 3622 836302 189818976 -0.0158528408197
59.5155188986 7616 1653399 374940052 0.0432016446659
90.2373672122 13136 2921776 654946346 0.00774169789463
136.817801341 18544 4030515 902017424 0.0293097891713
207.443006619 24852 5402592 1210306188 0.0300943017065
STEP_DONE 
