#Theta DD DR RR XI factor=267.585106383 jknum= 20
0.050323978983 0 4 426 -4.04455211268
0.0763011640511 0 1 992 0.458422580645
0.115687744753 0 9 2368 -1.04189324324
0.175405637024 0 15 5180 -0.555728185328
0.265949842531 0 65 12168 -1.8698974359
0.403232871773 0 117 27418 -1.29256844409
0.611381256445 0 253 62448 -1.17657786318
0.926975618552 2 525 141810 0.0287177742297
1.40547945874 4 1195 319598 -0.105687647836
2.13098647839 14 2721 724214 0.376384345159
3.23099945918 34 6238 1639172 0.452186058681
4.89883798472 68 13663 3721548 0.346069935081
7.42761300449 122 30913 8409600 0.0719447701406
11.2617390321 294 69033 18885964 0.159525555245
17.0750368861 494 152008 41979906 -0.0962258617304
25.8891529834 1246 331982 91555862 0.033958711005
39.2531065478 2574 704048 193334018 0.00425464205606
59.5155188986 5446 1392454 381730032 0.0697188933677
90.2373672122 9322 2463319 666335474 0.0233920737385
136.817801341 13246 3420317 917711450 0.0391939242249
207.443006619 17586 4567313 1240578348 0.044965856057
STEP_DONE 
0.050323978983 0 4 422 -4.0551507109
0.0763011640511 0 1 982 0.456905906314
0.115687744753 0 8 2380 -0.792666890756
0.175405637024 0 14 5138 -0.453183651226
0.265949842531 0 63 12118 -1.77265713814
0.403232871773 0 122 27340 -1.37984070227
0.611381256445 0 250 62328 -1.13916056989
0.926975618552 2 524 140892 0.0258880297624
1.40547945874 4 1197 317298 -0.115524235959
2.13098647839 16 2720 719150 0.564886345149
3.23099945918 34 6238 1629686 0.442102469382
4.89883798472 68 13662 3699578 0.337516005186
7.42761300449 132 30930 8356252 0.149212219628
11.2617390321 304 68920 18764214 0.193159013811
17.0750368861 510 151739 41710560 -0.07072561327
25.8891529834 1222 330725 90968994 0.016271233365
39.2531065478 2538 700142 192019784 -0.00473354324419
59.5155188986 5408 1385098 379014476 0.0656006081663
90.2373672122 9270 2445068 661308160 0.0249074375033
136.817801341 12964 3370686 910416616 0.0380052061966
207.443006619 17390 4515662 1223983616 0.0426892606106
STEP_DONE 
0.050323978983 0 4 426 -4.05828356808
0.0763011640511 0 1 972 0.445774485597
0.115687744753 0 8 2408 -0.789724916944
0.175405637024 0 14 5246 -0.437647884102
0.265949842531 0 65 12224 -1.86452617801
0.403232871773 0 124 27532 -1.42625645794
0.611381256445 0 247 62906 -1.11523031825
0.926975618552 2 523 142120 0.0385509292564
1.40547945874 4 1198 320626 -0.107726067968
2.13098647839 12 2730 725890 0.173353656884
3.23099945918 34 6215 1643366 0.463711099244
4.89883798472 68 13616 3732178 0.356529985826
7.42761300449 124 30988 8427554 0.0866757013585
11.2617390321 304 69280 18927334 0.193440512077
17.0750368861 510 152522 42073480 -0.0734435331613
25.8891529834 1254 333026 91756852 0.0363216008253
39.2531065478 2548 702576 193671158 0.000254442652644
59.5155188986 5386 1387010 382392586 0.0678934380813
90.2373672122 9158 2437880 667352056 0.0276824185438
136.817801341 12766 3366483 918644994 0.0340578227567
207.443006619 17284 4545094 1244651364 0.040295813667
STEP_DONE 
0.050323978983 0 4 424 -4.08941886792
0.0763011640511 0 0 1004 1.0
0.115687744753 0 9 2382 -1.03833148615
0.175405637024 0 15 5244 -0.543130434783
0.265949842531 0 66 12228 -1.91180686948
0.403232871773 0 120 27620 -1.34385981173
0.611381256445 0 253 62866 -1.17109463303
0.926975618552 2 525 142348 0.0325983648051
1.40547945874 4 1185 321250 -0.0840310036839
2.13098647839 14 2718 726776 0.384028934683
3.23099945918 30 6202 1645882 0.293346694173
4.89883798472 66 13613 3736244 0.319688467321
7.42761300449 124 30938 8436436 0.0910572339864
11.2617390321 304 68859 18945578 0.20672067136
17.0750368861 520 151488 42109764 -0.042268988507
25.8891529834 1222 330319 91856802 0.0279633380088
39.2531065478 2500 697638 193981380 -0.00248045445187
59.5155188986 5328 1379507 382912648 0.0688397954091
90.2373672122 9188 2447572 667994662 0.0240934501301
136.817801341 12840 3376013 918366356 0.034091900939
207.443006619 17302 4529131 1239704164 0.0445397554456
STEP_DONE 
0.050323978983 0 4 432 -3.93697777778
0.0763011640511 0 1 990 0.461420606061
0.115687744753 0 8 2368 -0.80132972973
0.175405637024 0 15 5120 -0.562090625
0.265949842531 0 67 12060 -1.96218666667
0.403232871773 0 122 27284 -1.3841672482
0.611381256445 0 244 62262 -1.089544801
0.926975618552 2 526 140486 0.0154739542764
1.40547945874 4 1200 317318 -0.120443545336
2.13098647839 14 2721 719024 0.366104840984
3.23099945918 34 6213 1626844 0.449104641495
4.89883798472 70 13658 3692956 0.375246164622
7.42761300449 132 30977 8342722 0.144764808233
11.2617390321 314 69091 18727400 0.224575278269
17.0750368861 512 152236 41600164 -0.0764728658098
25.8891529834 1244 331647 90675626 0.0249178564367
39.2531065478 2574 700623 191254702 0.00329979856808
59.5155188986 5386 1382486 376671786 0.0593165613867
90.2373672122 9242 2430786 654637578 0.0235589842277
136.817801341 12802 3319584 893597288 0.0374931985069
207.443006619 17180 4440219 1199300122 0.0440695163828
STEP_DONE 
0.050323978983 0 3 428 -2.73076635514
0.0763011640511 0 1 972 0.452411522634
0.115687744753 0 8 2364 -0.801204737733
0.175405637024 0 13 5108 -0.354606108066
0.265949842531 0 61 12116 -1.67973060416
0.403232871773 0 125 27226 -1.44369352825
0.611381256445 0 253 61880 -1.17615979315
0.926975618552 2 519 140240 0.040269258186
1.40547945874 4 1185 316486 -0.0977639151937
2.13098647839 16 2696 716054 0.578556396786
3.23099945918 34 6183 1621072 0.455348666226
4.89883798472 70 13617 3678208 0.377402777352
7.42761300449 126 30807 8307332 0.100388376001
11.2617390321 310 68711 18637256 0.21574467953
17.0750368861 518 151183 41400484 -0.0575037874699
25.8891529834 1222 329306 90207640 0.0164022803085
39.2531065478 2578 697323 190173940 0.00843517801625
59.5155188986 5426 1378444 373953368 0.0656764030845
90.2373672122 9308 2423780 646784092 0.02465039352
136.817801341 12932 3316574 877369776 0.0319144643135
207.443006619 17324 4448152 1188750244 0.0405060493333
STEP_DONE 
0.050323978983 0 4 412 -4.13525436893
0.0763011640511 0 1 976 0.458062295082
0.115687744753 0 8 2370 -0.785421772152
0.175405637024 0 15 5088 -0.559349056604
0.265949842531 0 63 12044 -1.76674407174
0.403232871773 0 117 27118 -1.28206174497
0.611381256445 0 249 61470 -1.14257147877
0.926975618552 2 526 139564 0.00881528163939
1.40547945874 4 1191 314808 -0.112388645989
2.13098647839 16 2709 713124 0.559961853105
3.23099945918 30 6182 1615372 0.274723673
4.89883798472 68 13644 3662758 0.328189946174
7.42761300449 126 30963 8273616 0.0856962670135
11.2617390321 300 69085 18563116 0.161854298761
17.0750368861 520 152066 41222138 -0.068905838796
25.8891529834 1244 331633 89805450 0.0156151325794
39.2531065478 2590 700125 189253314 0.000450593858042
59.5155188986 5452 1381035 372105154 0.061694201485
90.2373672122 9396 2425197 643682664 0.0281129833611
136.817801341 12826 3291594 871489820 0.0316008681861
207.443006619 17358 4415812 1162985162 0.0355796353364
STEP_DONE 
0.050323978983 0 4 426 -3.95567323944
0.0763011640511 0 1 988 0.465810526316
0.115687744753 0 9 2370 -1.00422481013
0.175405637024 0 15 5086 -0.556564687377
0.265949842531 0 62 11980 -1.73141155259
0.403232871773 0 123 27104 -1.39510188902
0.611381256445 0 245 61648 -1.09748741241
0.926975618552 2 531 139554 -0.0101846828015
1.40547945874 4 1188 314754 -0.107057593064
2.13098647839 16 2716 711856 0.551531810662
3.23099945918 34 6199 1612116 0.439233437791
4.89883798472 72 13645 3658132 0.401981319194
7.42761300449 126 30933 8261964 0.0859992673544
11.2617390321 306 68972 18546942 0.186235425763
17.0750368861 532 151932 41195386 -0.047187222586
25.8891529834 1248 331446 89763440 0.0193955475639
39.2531065478 2580 700383 189209134 -0.0040860885931
59.5155188986 5500 1381911 372139354 0.0693367608299
90.2373672122 9390 2432380 643478444 0.0211616623832
136.817801341 13024 3330767 871949486 0.0240858235948
207.443006619 17638 4465244 1166950666 0.0330415704689
STEP_DONE 
0.050323978983 0 4 416 -3.98532307692
0.0763011640511 0 1 956 0.457663598326
0.115687744753 0 9 2352 -0.983955102041
0.175405637024 0 15 5054 -0.538801741195
0.265949842531 0 64 11830 -1.8049290279
0.403232871773 0 123 26398 -1.41579865141
0.611381256445 0 251 60506 -1.15080940072
0.926975618552 2 517 136598 0.0216297877603
1.40547945874 4 1200 308820 -0.144205187822
2.13098647839 16 2721 698800 0.519880981665
3.23099945918 30 6222 1581908 0.23520761955
4.89883798472 70 13669 3591240 0.336509020505
7.42761300449 122 30888 8112164 0.0365383511794
11.2617390321 304 69072 18212374 0.155405106274
17.0750368861 530 151975 40447244 -0.0674906445703
25.8891529834 1256 331412 88131974 0.00807279864678
39.2531065478 2604 699870 185857450 -0.0108049772827
59.5155188986 5550 1381134 365994816 0.0625526249793
90.2373672122 9460 2429841 635625646 0.0181937468091
136.817801341 13132 3337026 867213898 0.0225702626944
207.443006619 17690 4461271 1157285230 0.0285735728812
STEP_DONE 
0.050323978983 0 4 430 -3.98470697674
0.0763011640511 0 1 982 0.454321792261
0.115687744753 0 9 2376 -1.02975757576
0.175405637024 0 14 5202 -0.442134563629
0.265949842531 0 66 12126 -1.91658386937
0.403232871773 0 122 27450 -1.38158222222
0.611381256445 0 245 62426 -1.1030455259
0.926975618552 2 527 141176 0.0166509489432
1.40547945874 4 1200 319304 -0.114566517375
2.13098647839 16 2747 722862 0.552570447671
3.23099945918 32 6192 1635322 0.375727147246
4.89883798472 72 13678 3713150 0.41804435082
7.42761300449 126 30943 8389104 0.101688315365
11.2617390321 304 68857 18833918 0.199599839818
17.0750368861 510 152014 41844786 -0.071747702573
25.8891529834 1232 331126 91257684 0.0247810276085
39.2531065478 2538 698458 192623124 0.00281166976085
59.5155188986 5422 1382829 380023260 0.0743284862607
90.2373672122 9350 2457348 662472174 0.0254820021805
136.817801341 13208 3404514 911102570 0.0383217592617
207.443006619 17824 4616552 1243153856 0.0392951941096
STEP_DONE 
0.050323978983 0 4 432 -3.93434074074
0.0763011640511 0 1 984 0.45842601626
0.115687744753 0 9 2342 -1.04789888984
0.175405637024 0 15 5126 -0.559428794382
0.265949842531 0 65 12100 -1.86273322314
0.403232871773 0 121 27282 -1.3635351074
0.611381256445 0 243 62028 -1.08771584446
0.926975618552 2 527 140756 0.0135621711239
1.40547945874 4 1197 317136 -0.115925169273
2.13098647839 16 2734 718422 0.553179742922
3.23099945918 34 6220 1627464 0.446523838007
4.89883798472 68 13625 3696130 0.341737984053
7.42761300449 130 30952 8352962 0.130265403903
11.2617390321 308 68955 18762630 0.206968397183
17.0750368861 516 152321 41738522 -0.0670780467179
25.8891529834 1248 332581 91161910 0.0277748304291
39.2531065478 2590 703709 192942934 0.00940640155468
59.5155188986 5436 1397022 382463212 0.0625491160101
90.2373672122 9470 2493962 672028402 0.0228035988127
136.817801341 13404 3487256 937837350 0.0331661189222
207.443006619 18086 4744572 1288550106 0.0342980915178
STEP_DONE 
0.050323978983 0 4 434 -3.99297327189
0.0763011640511 0 1 1006 0.461493439364
0.115687744753 0 8 2410 -0.798299087137
0.175405637024 0 13 5188 -0.357476638396
0.265949842531 0 63 12266 -1.782444872
0.403232871773 0 124 27710 -1.42423177192
0.611381256445 0 247 63196 -1.11736798532
0.926975618552 0 528 142908 -1.00154961794
1.40547945874 4 1208 322842 -0.11800631128
2.13098647839 16 2738 731000 0.576800219172
3.23099945918 34 6214 1655372 0.473362715605
4.89883798472 72 13671 3759024 0.435102984436
7.42761300449 120 31042 8488530 0.0561110390625
11.2617390321 300 69010 19063976 0.193539703786
17.0750368861 520 152015 42369012 -0.0432126602577
25.8891529834 1188 331466 92440082 0.000388748819659
39.2531065478 2502 699710 195308546 -0.000917334404676
59.5155188986 5270 1385446 386786778 0.0592005653751
90.2373672122 9166 2469556 679650412 0.021051465715
136.817801341 12956 3453833 948086212 0.0291065560335
207.443006619 17840 4757303 1310652456 0.0323210654854
STEP_DONE 
0.050323978983 0 4 428 -4.07543925234
0.0763011640511 0 1 1006 0.460166998012
0.115687744753 0 9 2424 -1.01635643564
0.175405637024 0 14 5232 -0.453174311927
0.265949842531 0 63 12362 -1.76763759909
0.403232871773 0 123 27702 -1.4113008447
0.611381256445 0 254 63336 -1.17791284577
0.926975618552 2 530 143468 0.0216315735356
1.40547945874 4 1197 323822 -0.0966827047452
2.13098647839 14 2711 733604 0.400190018244
3.23099945918 34 6226 1660506 0.473482723979
4.89883798472 66 13672 3772138 0.321715793414
7.42761300449 128 30984 8521024 0.132865658152
11.2617390321 296 69105 19129210 0.179036773166
17.0750368861 512 151998 42523448 -0.0534229636423
25.8891529834 1200 330855 92769008 0.0169138447099
39.2531065478 2446 696500 195918554 -0.0101221292292
59.5155188986 5174 1374329 386863634 0.0568478475015
90.2373672122 8952 2438126 675304220 0.0166936972877
136.817801341 12506 3368119 930834542 0.0255612585849
207.443006619 17124 4585557 1272131310 0.034923305237
STEP_DONE 
0.050323978983 0 4 424 -4.11009811321
0.0763011640511 0 1 986 0.450638539554
0.115687744753 0 9 2398 -1.03295813178
0.175405637024 0 12 5236 -0.24141420932
0.265949842531 0 64 12324 -1.81295890944
0.403232871773 0 123 27714 -1.40403619831
0.611381256445 0 249 63048 -1.13925786068
0.926975618552 2 529 143022 0.0222467139187
1.40547945874 2 1202 322820 -0.562432345214
2.13098647839 16 2729 731298 0.583492320975
3.23099945918 28 6222 1655342 0.204741090876
4.89883798472 58 13578 3761120 0.175670606422
7.42761300449 118 30743 8496368 0.0587658336794
11.2617390321 288 68644 19081784 0.158509930906
17.0750368861 506 151001 42403096 -0.0536213925871
25.8891529834 1206 329205 92480278 0.0283501620984
39.2531065478 2472 696275 195266390 -0.00286660504172
59.5155188986 5250 1377872 385510838 0.0629160386826
90.2373672122 9046 2440454 672683498 0.0212601203508
136.817801341 12414 3353162 926784350 0.0227278557359
207.443006619 16612 4511304 1261756430 0.0290350179116
STEP_DONE 
0.050323978983 0 3 434 -2.74548202765
0.0763011640511 0 1 996 0.45597751004
0.115687744753 0 9 2410 -1.02349278008
0.175405637024 0 15 5230 -0.554052772467
0.265949842531 0 67 12312 -1.94864431449
0.403232871773 0 121 27732 -1.36417908553
0.611381256445 0 243 63290 -1.08040251541
0.926975618552 2 526 142946 0.0331142822918
1.40547945874 4 1190 322966 -0.0874200219436
2.13098647839 16 2717 731622 0.592950206489
3.23099945918 28 6234 1655558 0.201062234456
4.89883798472 66 13683 3760000 0.316562449065
7.42761300449 124 30948 8491266 0.0970087110428
11.2617390321 298 69066 19067702 0.184477073665
17.0750368861 482 151825 42370916 -0.106592276085
25.8891529834 1220 330821 92409988 0.0292507782758
39.2531065478 2544 700931 195186292 0.0108479773791
59.5155188986 5344 1383486 385329628 0.0725067727296
90.2373672122 8966 2435122 672357314 0.0163515265831
136.817801341 12346 3340026 926173552 0.0243812157094
207.443006619 16594 4515517 1262349790 0.0266348331869
STEP_DONE 
0.050323978983 0 4 442 -3.93961266968
0.0763011640511 0 1 1000 0.4541728
0.115687744753 0 8 2398 -0.820941451209
0.175405637024 0 15 5270 -0.553587855787
0.265949842531 0 64 12426 -1.81127802994
0.403232871773 0 123 27966 -1.40065599657
0.611381256445 0 251 63730 -1.14973524557
0.926975618552 2 522 144176 0.0569988606281
1.40547945874 4 1200 325290 -0.0976830143569
2.13098647839 14 2725 736772 0.396511462039
3.23099945918 30 6231 1667770 0.300506489953
4.89883798472 66 13699 3786808 0.323576523945
7.42761300449 114 31092 8553394 0.00858883234017
11.2617390321 298 69292 19207802 0.186483071356
17.0750368861 512 152977 42686162 -0.0627404039075
25.8891529834 1232 333433 93110928 0.0308851562346
39.2531065478 2512 703544 196576704 -0.00172137863101
59.5155188986 5266 1386840 388202706 0.0604041252409
90.2373672122 8924 2442235 677694912 0.0137709437011
136.817801341 12336 3360223 935070408 0.0211504813483
207.443006619 16440 4550990 1280055298 0.0160012654859
STEP_DONE 
0.050323978983 0 3 438 -2.72245479452
0.0763011640511 0 1 988 0.449920647773
0.115687744753 0 9 2428 -1.01454102142
0.175405637024 0 15 5256 -0.55102283105
0.265949842531 0 64 12372 -1.8113981248
0.403232871773 0 118 27786 -1.30801307133
0.611381256445 0 251 63322 -1.15427621364
0.926975618552 2 533 143362 0.00957295819869
1.40547945874 4 1183 323494 -0.0744130522774
2.13098647839 12 2719 733298 0.193218233514
3.23099945918 30 6215 1659856 0.299666675
4.89883798472 70 13625 3770432 0.406980499095
7.42761300449 120 30838 8515744 0.0724564100091
11.2617390321 300 68711 19121774 0.205602654994
17.0750368861 508 151528 42508770 -0.0548496473633
25.8891529834 1200 330747 92727392 0.0170841968161
39.2531065478 2458 697801 195799750 -0.00988719880949
59.5155188986 5192 1377768 386657890 0.0549824727301
90.2373672122 8898 2433233 675105638 0.0144331367816
136.817801341 12488 3360334 930803672 0.028659137164
207.443006619 17254 4597024 1270932326 0.0366835209263
STEP_DONE 
0.050323978983 0 4 430 -3.96017860465
0.0763011640511 0 1 994 0.463562173038
0.115687744753 0 8 2380 -0.792333445378
0.175405637024 0 13 5176 -0.339229057187
0.265949842531 0 64 12086 -1.82359993381
0.403232871773 0 123 27404 -1.39329884688
0.611381256445 0 250 62164 -1.14440512194
0.926975618552 2 533 141004 -0.00737905290403
1.40547945874 2 1190 318380 -0.546483731314
2.13098647839 14 2733 721216 0.359195344765
3.23099945918 32 6211 1631524 0.364249174875
4.89883798472 66 13657 3704342 0.300591086677
7.42761300449 124 31013 8369208 0.0772456752309
11.2617390321 296 69180 18792124 0.1566560902
17.0750368861 508 152342 41766000 -0.0803690688556
25.8891529834 1232 332273 91085412 0.0162755486574
39.2531065478 2570 701414 192317044 0.00513202874755
59.5155188986 5326 1386369 379903418 0.0506458835513
90.2373672122 9250 2451462 663597316 0.020987108004
136.817801341 12924 3382026 914139386 0.0321886151278
207.443006619 17266 4520294 1228800160 0.0372490266651
STEP_DONE 
0.050323978983 0 4 420 -4.04853333333
0.0763011640511 0 1 992 0.465629032258
0.115687744753 0 8 2372 -0.787844856661
0.175405637024 0 12 5130 -0.239990643275
0.265949842531 0 66 12082 -1.89574044032
0.403232871773 0 123 27090 -1.40685891473
0.611381256445 0 247 61750 -1.120384
0.926975618552 2 523 139966 0.023053288713
1.40547945874 4 1183 315634 -0.0965288872048
2.13098647839 16 2705 714746 0.566415757296
3.23099945918 32 6224 1618928 0.350617599873
4.89883798472 68 13687 3675616 0.325720130904
7.42761300449 128 31050 8301682 0.100492624857
11.2617390321 316 69361 18644012 0.218577584699
17.0750368861 522 152523 41440682 -0.0661287216584
25.8891529834 1250 333202 90395502 0.0174732973771
39.2531065478 2584 704127 190904648 -0.00431165656304
59.5155188986 5508 1394806 377145622 0.0655024886765
90.2373672122 9534 2469981 658813930 0.0292261560868
136.817801341 13228 3420607 908078758 0.0265412226781
207.443006619 17760 4572516 1221806684 0.0373071275349
STEP_DONE 
0.050323978983 0 3 422 -2.77567660264
0.0763011640511 0 1 936 0.432572818264
0.115687744753 0 9 2322 -1.05857303142
0.175405637024 0 14 4966 -0.497294762278
0.265949842531 0 66 11690 -1.9985784071
0.403232871773 0 116 26410 -1.33278961318
0.611381256445 0 243 60262 -1.14165108413
0.926975618552 2 513 136542 0.0375087475811
1.40547945874 4 1157 308016 -0.0792186525744
2.13098647839 16 2656 698014 0.595546941274
3.23099945918 34 6029 1578056 0.490262011586
4.89883798472 68 13371 3586220 0.356944071815
7.42761300449 124 30155 8104690 0.10283994266
11.2617390321 310 67316 18194740 0.236529836136
17.0750368861 496 148767 40440896 -0.0888488128513
25.8891529834 1224 324047 88192578 0.0272561970192
39.2531065478 2542 685565 186183560 0.00716269344641
59.5155188986 5338 1353456 367726550 0.068870520276
90.2373672122 9128 2391154 642273690 0.0249263867558
136.817801341 12792 3300616 884489938 0.0379708771978
207.443006619 17156 4415186 1185542618 0.0425334878773
STEP_DONE 
