#Theta DD DR RR XI factor=223.724269377 
0.050323978983 0 4 450 -2.97732034449
0.0763011640511 0 3 1038 -0.293203869233
0.115687744753 0 10 2508 -0.784085082754
0.175405637024 0 21 5442 -0.726648164985
0.265949842531 2 74 12796 6.2355349757
0.403232871773 0 159 28832 -1.46754708872
0.611381256445 0 314 65688 -1.13888139643
0.926975618552 8 663 148730 1.69765352298
1.40547945874 4 1493 335664 -0.393746346129
2.13098647839 28 3425 760284 0.827643510322
3.23099945918 46 7873 1721430 0.291086419414
4.89883798472 94 17243 3909756 0.230024693317
7.42761300449 182 39038 8835696 0.0540720062153
11.2617390321 444 87313 19852640 0.151511202654
17.0750368861 768 192565 44165184 -0.0805473029893
25.8891529834 1806 420015 96474800 -0.0110432469166
39.2531065478 3802 890767 204192922 -0.0199795384262
59.5155188986 8072 1768169 404653248 0.0432785006413
90.2373672122 14044 3145286 710680740 0.00881564539875
136.817801341 20008 4396226 991414468 0.0260042229108
207.443006619 27234 6007184 1363857664 0.0286562694381
