#Theta DD DR RR XI factor=118.646226415 jknum= 20
0.050323978983 0 6 416 -2.4018807665
0.0763011640511 0 6 984 -0.438193494781
0.115687744753 0 18 2354 -0.803545962869
0.175405637024 0 36 5122 -0.657769307534
0.265949842531 0 122 12052 -1.38760167969
0.403232871773 0 258 27152 -1.24119192513
0.611381256445 12 573 61878 1.51302858441
0.926975618552 10 1198 140416 -0.0218600499584
1.40547945874 30 2693 316158 0.31065075449
2.13098647839 66 6188 716772 0.244387726381
3.23099945918 132 13899 1622688 0.111089804847
4.89883798472 320 31083 3683258 0.217861912387
7.42761300449 620 70191 8323554 0.0469698763108
11.2617390321 1414 157018 18691250 0.0707392237415
17.0750368861 2826 346709 41546100 -0.0222928884253
25.8891529834 6428 752715 90620244 0.027391418092
39.2531065478 13486 1591612 191390342 0.0185436346557
59.5155188986 26600 3149200 377913712 0.0134487119559
90.2373672122 47664 5571903 659557662 0.0125162130309
136.817801341 66166 7702923 908507088 0.0130969685764
207.443006619 88366 10247008 1221073184 0.0271591728341
STEP_DONE 
0.050323978983 0 6 430 -2.32132635714
0.0763011640511 0 5 984 -0.20949384618
0.115687744753 0 16 2380 -0.600190849938
0.175405637024 0 36 5180 -0.654251351625
0.265949842531 0 118 12164 -1.30905540065
0.403232871773 0 257 27476 -1.22642655243
0.611381256445 10 563 62644 1.12186006438
0.926975618552 10 1179 141728 0.0193068010064
1.40547945874 30 2725 319464 0.299777110062
2.13098647839 66 6172 723460 0.26151793254
3.23099945918 132 13920 1639052 0.119212072588
4.89883798472 308 31193 3721450 0.177151120455
7.42761300449 626 70187 8404838 0.0672517896529
11.2617390321 1402 156819 18871524 0.0743240827371
17.0750368861 2778 346552 41951326 -0.0283482055243
25.8891529834 6284 753186 91507832 0.0135194575454
39.2531065478 13340 1592883 193175022 0.0154080828039
59.5155188986 26420 3149279 381440036 0.0158481237409
90.2373672122 47344 5556033 665444206 0.0203607710451
136.817801341 65190 7671742 915968984 0.0144682069662
207.443006619 87624 10263579 1235506280 0.02721362636
STEP_DONE 
0.050323978983 0 6 414 -2.41934355746
0.0763011640511 0 5 966 -0.221194127665
0.115687744753 0 18 2366 -0.794938587645
0.175405637024 0 36 5188 -0.637172204459
0.265949842531 0 120 12076 -1.34449856374
0.403232871773 0 254 27200 -1.20321379368
0.611381256445 12 562 62066 1.55425275122
0.926975618552 10 1175 140262 0.0156969399108
1.40547945874 30 2659 316378 0.336674824071
2.13098647839 66 6183 716136 0.245522181006
3.23099945918 134 13860 1621772 0.133496377968
4.89883798472 326 31066 3682988 0.24169316797
7.42761300449 624 70063 8315046 0.0563462461772
11.2617390321 1400 156744 18675004 0.0629970072077
17.0750368861 2836 345813 41512302 -0.0147033514013
25.8891529834 6374 750262 90517098 0.024379114462
39.2531065478 13394 1583987 191100304 0.0197679982776
59.5155188986 26320 3130076 377325042 0.0135384646825
90.2373672122 47114 5517280 658676334 0.0191458019122
136.817801341 64726 7608066 906687574 0.013705887778
207.443006619 86794 10143189 1218451162 0.0272246240439
STEP_DONE 
0.050323978983 0 6 430 -2.32188093155
0.0763011640511 0 6 996 -0.434145382096
0.115687744753 0 17 2374 -0.70478444325
0.175405637024 0 35 5198 -0.602998205075
0.265949842531 0 118 12142 -1.31362541134
0.403232871773 0 257 27460 -1.22809578627
0.611381256445 10 567 62596 1.10713877454
0.926975618552 10 1185 141564 0.00808363900815
1.40547945874 30 2669 319618 0.341931377566
2.13098647839 70 6176 723320 0.338506941107
3.23099945918 128 13874 1637452 0.0904702389715
4.89883798472 320 31132 3717610 0.226002125675
7.42761300449 616 70153 8397854 0.0505880911153
11.2617390321 1408 156530 18859270 0.0818998084594
17.0750368861 2814 345807 41912898 -0.0129042897982
25.8891529834 6286 750774 91409290 0.0190455982053
39.2531065478 13270 1586748 192947022 0.0166727857553
59.5155188986 26120 3132296 380667712 0.0133055099271
90.2373672122 47064 5539139 663005710 0.0168447648188
136.817801341 65032 7624598 909036250 0.0168397409796
207.443006619 86236 10123899 1221077850 0.0268511947032
STEP_DONE 
0.050323978983 0 4 428 -1.20761062064
0.0763011640511 0 6 986 -0.437409755023
0.115687744753 0 16 2366 -0.59739196219
0.175405637024 0 34 5098 -0.575380038819
0.265949842531 0 114 12078 -1.22954415885
0.403232871773 0 269 27244 -1.33231744582
0.611381256445 12 555 62072 1.58468683897
0.926975618552 10 1197 140264 -0.0213278451257
1.40547945874 28 2705 316730 0.215801184256
2.13098647839 74 6118 717196 0.424270527533
3.23099945918 124 13859 1623388 0.0489144346188
4.89883798472 314 31023 3684618 0.19991810291
7.42761300449 614 70049 8322306 0.0409261690444
11.2617390321 1406 156492 18675142 0.0708004436897
17.0750368861 2840 345429 41485410 -0.01190420865
25.8891529834 6314 748721 90432610 0.0182442607391
39.2531065478 13228 1578895 190735932 0.0120568776604
59.5155188986 26062 3113106 375383190 0.00950938040089
90.2373672122 46668 5451286 650884052 0.0218137589252
136.817801341 63696 7437258 885537186 0.0194966835223
207.443006619 86064 10002697 1193756906 0.0263950731347
STEP_DONE 
0.050323978983 0 5 426 -1.77615063459
0.0763011640511 0 6 978 -0.451092233538
0.115687744753 0 18 2384 -0.785866029027
0.175405637024 0 36 5116 -0.66438804269
0.265949842531 0 116 12128 -1.26230639444
0.403232871773 0 260 27320 -1.25099886008
0.611381256445 12 564 62002 1.55538081812
0.926975618552 8 1194 140462 -0.214018388438
1.40547945874 30 2694 316874 0.313243775034
2.13098647839 70 6194 717810 0.322929184229
3.23099945918 120 13825 1624638 0.0203142213906
4.89883798472 324 30903 3685266 0.246230949433
7.42761300449 624 69889 8326006 0.0627909621285
11.2617390321 1400 156239 18685892 0.0702089737147
17.0750368861 2806 344817 41500692 -0.0195760404864
25.8891529834 6340 746766 90405952 0.0270833151316
39.2531065478 13234 1575317 190575832 0.0160824262806
59.5155188986 26032 3106498 374839852 0.0110963979399
90.2373672122 46466 5443855 648473726 0.016562633209
136.817801341 63798 7423127 878748108 0.0173808603562
207.443006619 85982 9978323 1188051852 0.0256516237195
STEP_DONE 
0.050323978983 0 6 418 -2.38939354322
0.0763011640511 0 5 982 -0.202279787054
0.115687744753 0 17 2388 -0.680976445987
0.175405637024 0 36 5136 -0.655101052646
0.265949842531 0 117 12100 -1.28321874139
0.403232871773 0 257 27324 -1.22093514111
0.611381256445 12 564 61934 1.55047134226
0.926975618552 6 1191 140540 -0.405960430166
1.40547945874 24 2683 317210 0.0574292509602
2.13098647839 72 6189 718316 0.362702506169
3.23099945918 126 13856 1627074 0.0685966325213
4.89883798472 306 31129 3690080 0.163957777778
7.42761300449 616 70193 8334094 0.0415223598377
11.2617390321 1368 156842 18699444 0.0392180073798
17.0750368861 2852 346716 41535042 -0.0139635072614
25.8891529834 6450 752272 90503776 0.0307007974423
39.2531065478 13404 1587399 190824092 0.0148542410641
59.5155188986 26402 3126777 375345294 0.0134436983406
90.2373672122 47128 5489560 649539976 0.015739477815
136.817801341 64340 7467723 879769762 0.015087411299
207.443006619 85318 9892168 1178834980 0.0273778047033
STEP_DONE 
0.050323978983 0 6 432 -2.26368188629
0.0763011640511 0 6 992 -0.421280821447
0.115687744753 0 18 2374 -0.781689858731
0.175405637024 0 36 5108 -0.656120487325
0.265949842531 0 118 12052 -1.30071700182
0.403232871773 0 262 27154 -1.26729377266
0.611381256445 10 570 61852 1.06634358666
0.926975618552 10 1200 140078 -0.0275498425162
1.40547945874 30 2674 315804 0.321683126884
2.13098647839 72 6188 714320 0.355801519886
3.23099945918 126 13880 1617270 0.0587679983082
4.89883798472 324 31089 3670818 0.22829352255
7.42761300449 614 70137 8289450 0.0342920949507
11.2617390321 1418 156648 18608460 0.0737994454518
17.0750368861 2842 345928 41321172 -0.0177721628093
25.8891529834 6400 750369 90028634 0.0227915825834
39.2531065478 13404 1584789 189756378 0.0125955454767
59.5155188986 26492 3125245 373327680 0.0124567961443
90.2373672122 47296 5485268 646221656 0.0157268102234
136.817801341 64632 7477634 877779566 0.0146499096944
207.443006619 86722 10000600 1179731420 0.0227960504113
STEP_DONE 
0.050323978983 0 6 418 -2.36176527518
0.0763011640511 0 5 970 -0.207231859987
0.115687744753 0 16 2372 -0.57978401914
0.175405637024 0 36 5144 -0.639056631055
0.265949842531 0 119 12026 -1.31749166137
0.403232871773 0 257 26856 -1.24121857593
0.611381256445 12 565 61618 1.52303587468
0.926975618552 10 1187 139202 -0.0119922678639
1.40547945874 30 2701 314448 0.296546712037
2.13098647839 74 6184 711760 0.390852164795
3.23099945918 128 13863 1611594 0.074504643298
4.89883798472 324 31115 3658374 0.222525686583
7.42761300449 624 70084 8263520 0.0491800036013
11.2617390321 1426 156813 18554022 0.0745037589723
17.0750368861 2880 346223 41216324 -0.00915628833418
25.8891529834 6418 750438 89822898 0.0231184825766
39.2531065478 13454 1584355 189467816 0.0152987073302
59.5155188986 26460 3129835 373255284 0.00824690844266
90.2373672122 47452 5504077 648750008 0.0159947754097
136.817801341 64974 7535871 886521788 0.0141802985745
207.443006619 86508 9993170 1184709396 0.0257806300026
STEP_DONE 
0.050323978983 0 6 428 -2.34277641066
0.0763011640511 0 6 992 -0.442246273953
0.115687744753 0 17 2392 -0.694679568279
0.175405637024 0 34 5236 -0.548385610132
0.265949842531 0 121 12172 -1.37040892698
0.403232871773 0 267 27528 -1.3127913222
0.611381256445 12 560 62676 1.59104621418
0.926975618552 10 1200 141656 -0.0165048036857
1.40547945874 26 2703 320276 0.141521111439
2.13098647839 70 6196 725096 0.334693363295
3.23099945918 126 13882 1640386 0.0739242818516
4.89883798472 318 31143 3725422 0.220008906125
7.42761300449 608 70227 8416752 0.0372595225014
11.2617390321 1404 157119 18896476 0.0734932770246
17.0750368861 2852 347142 41982510 -0.00603748464003
25.8891529834 6372 753242 91555724 0.0275309190447
39.2531065478 13342 1592087 193292836 0.0171288835325
59.5155188986 26196 3141760 381355018 0.0119783354307
90.2373672122 46780 5533274 664882514 0.015690602074
136.817801341 64584 7623003 913999990 0.015679210286
207.443006619 87204 10247174 1238795884 0.0281947044755
STEP_DONE 
0.050323978983 0 6 428 -2.32825030014
0.0763011640511 0 6 992 -0.435978960141
0.115687744753 0 17 2366 -0.705857226248
0.175405637024 0 37 5166 -0.700418497645
0.265949842531 0 120 12140 -1.34677286402
0.403232871773 0 257 27420 -1.22522623398
0.611381256445 12 556 62290 1.59552207445
0.926975618552 10 1213 141320 -0.0406856376543
1.40547945874 30 2671 318518 0.336328933116
2.13098647839 72 6197 721676 0.367202965069
3.23099945918 132 13872 1633800 0.122691621663
4.89883798472 310 31089 3710048 0.187978703084
7.42761300449 620 70047 8382850 0.0583756011217
11.2617390321 1396 156548 18826400 0.0707119364702
17.0750368861 2804 345705 41875184 -0.0164270932369
25.8891529834 6356 751530 91445320 0.0282815180163
39.2531065478 13336 1591330 193533966 0.0188711258945
59.5155188986 26306 3153672 383414428 0.0140203611521
90.2373672122 47448 5610804 673328452 0.0146310754166
136.817801341 66386 7838731 939656072 0.0150056220161
207.443006619 91072 10709461 1292482664 0.0257136185994
STEP_DONE 
0.050323978983 0 5 440 -1.72719207691
0.0763011640511 0 6 990 -0.454502441018
0.115687744753 0 16 2392 -0.605303697444
0.175405637024 0 37 5182 -0.713573408416
0.265949842531 0 120 12284 -1.34444385641
0.403232871773 0 253 27692 -1.19262618808
0.611381256445 12 562 63076 1.6010807404
0.926975618552 10 1198 142818 -0.00491544531178
1.40547945874 28 2715 322432 0.229590805621
2.13098647839 70 6189 729994 0.346055322237
3.23099945918 134 13940 1653622 0.143688710969
4.89883798472 300 31181 3755842 0.157719042019
7.42761300449 616 70441 8488598 0.0533814083888
11.2617390321 1392 157545 19076724 0.0687044918881
17.0750368861 2816 348153 42434228 -0.0134801401021
25.8891529834 6338 757464 92714122 0.0236203510268
39.2531065478 13344 1605127 196287760 0.0163581645187
59.5155188986 26350 3188125 389264888 0.00913278812603
90.2373672122 47672 5665913 684478912 0.0162696088877
136.817801341 66186 7903288 954879634 0.0116963828912
207.443006619 90224 10758849 1311772808 0.0220115603314
STEP_DONE 
0.050323978983 0 6 426 -2.38943811913
0.0763011640511 0 6 1012 -0.426779287303
0.115687744753 0 16 2414 -0.595029703122
0.175405637024 0 35 5230 -0.61046916368
0.265949842531 0 118 12322 -1.30455385182
0.403232871773 0 256 27664 -1.22695298053
0.611381256445 10 570 63350 1.12013612731
0.926975618552 10 1205 143206 -0.01393931774
1.40547945874 30 2703 323536 0.331964032693
2.13098647839 68 6172 732840 0.316657928733
3.23099945918 134 13918 1658850 0.150435354945
4.89883798472 306 31163 3767702 0.185425220314
7.42761300449 614 70441 8509732 0.0526059539612
11.2617390321 1368 157441 19107742 0.0536753430955
17.0750368861 2820 347955 42470816 -0.0102728849649
25.8891529834 6278 755545 92624132 0.0183081321439
39.2531065478 13200 1593828 195610912 0.0161913127856
59.5155188986 25882 3144441 386469182 0.0115967381907
90.2373672122 45944 5540924 674931728 0.00991278169962
136.817801341 63026 7622802 929975634 0.00865120907932
207.443006619 86230 10404350 1278330490 0.0179693026691
STEP_DONE 
0.050323978983 0 6 428 -2.36597838992
0.0763011640511 0 6 988 -0.458136387538
0.115687744753 0 18 2404 -0.797802101773
0.175405637024 0 32 5230 -0.469102614034
0.265949842531 0 117 12316 -1.28097236459
0.403232871773 0 258 27702 -1.23620916498
0.611381256445 12 566 62992 1.588218801
0.926975618552 10 1189 142944 0.0110896531286
1.40547945874 24 2699 322738 0.0638206129602
2.13098647839 70 6188 731344 0.347934329802
3.23099945918 124 13901 1655254 0.0632643535003
4.89883798472 296 31186 3760674 0.143297778465
7.42761300449 606 70348 8495086 0.039813633026
11.2617390321 1400 157297 19074426 0.0778156780087
17.0750368861 2786 347470 42392754 -0.0208299285135
25.8891529834 6346 754403 92459416 0.0301307510472
39.2531065478 13116 1593286 195198854 0.00859938187598
59.5155188986 25872 3145208 385300378 0.00779395159799
90.2373672122 46258 5535669 672225854 0.0145520331651
136.817801341 62996 7601804 926132834 0.00954285462622
207.443006619 84256 10200097 1260293608 0.0202710317858
STEP_DONE 
0.050323978983 0 5 430 -1.78320431776
0.0763011640511 0 6 992 -0.447715149156
0.115687744753 0 17 2398 -0.696849338016
0.175405637024 0 36 5220 -0.650728078118
0.265949842531 0 123 12268 -1.39979909303
0.403232871773 0 258 27624 -1.23551033168
0.611381256445 12 556 63010 1.61564150005
0.926975618552 10 1189 142374 0.00707958971009
1.40547945874 30 2683 321586 0.339188190933
2.13098647839 70 6190 728354 0.342329526822
3.23099945918 130 13961 1648262 0.102276991325
4.89883798472 308 31137 3743232 0.187493446583
7.42761300449 620 70339 8453826 0.0588979883012
11.2617390321 1386 157385 18985752 0.0614217402192
17.0750368861 2804 347296 42193290 -0.0183178117271
25.8891529834 6332 753501 92046006 0.0258907308596
39.2531065478 13292 1591561 194389090 0.0196430161575
59.5155188986 25898 3138087 383784990 0.00937384855138
90.2373672122 46046 5517445 669623478 0.0126916918375
136.817801341 62550 7556116 922496970 0.0106102465121
207.443006619 83536 10128695 1252055428 0.0192986369321
STEP_DONE 
0.050323978983 0 6 440 -2.28685721659
0.0763011640511 0 5 988 -0.219818805079
0.115687744753 0 17 2388 -0.715919317429
0.175405637024 0 34 5244 -0.562782353174
0.265949842531 0 119 12354 -1.32178301037
0.403232871773 0 260 27852 -1.25008656218
0.611381256445 10 570 63448 1.12380985471
0.926975618552 10 1196 143504 0.0032809471395
1.40547945874 28 2696 323780 0.249044258386
2.13098647839 72 6141 733402 0.40764925668
3.23099945918 126 13883 1660130 0.0866953768188
4.89883798472 314 31113 3769950 0.220511938877
7.42761300449 594 70216 8516010 0.0257200211312
11.2617390321 1368 156830 19123466 0.0623019133603
17.0750368861 2780 346871 42497418 -0.0172393328165
25.8891529834 6230 752656 92697366 0.0190766939843
39.2531065478 13012 1589802 195724246 0.00775923369586
59.5155188986 25690 3137968 386519948 0.00852054082343
90.2373672122 45564 5525504 674750284 0.00697033800385
136.817801341 63014 7617148 929572818 0.0094864400927
207.443006619 85888 10325342 1268870426 0.0217351891345
STEP_DONE 
0.050323978983 0 6 438 -2.28012677795
0.0763011640511 0 6 992 -0.448281783008
0.115687744753 0 18 2420 -0.781027514972
0.175405637024 0 34 5230 -0.556649075121
0.265949842531 0 119 12294 -1.31775348301
0.403232871773 0 257 27628 -1.2273946171
0.611381256445 10 571 62938 1.10509294169
0.926975618552 6 1207 142534 -0.424301093792
1.40547945874 22 2676 321586 -0.0119175116793
2.13098647839 68 6165 728940 0.312023513255
3.23099945918 122 13892 1649958 0.0438043234144
4.89883798472 318 31131 3747820 0.22726089457
7.42761300449 614 70174 8464658 0.054652373074
11.2617390321 1390 156748 19007178 0.0735631198358
17.0750368861 2838 346627 42248670 -0.00168179076577
25.8891529834 6342 753898 92161036 0.0276349268907
39.2531065478 13232 1593454 194578778 0.0138489577065
59.5155188986 26206 3152206 384297714 0.0133770873315
90.2373672122 46666 5563582 671036754 0.0115507826665
136.817801341 64220 7658832 924561130 0.0121010083552
207.443006619 86228 10259968 1253727592 0.0263030662805
STEP_DONE 
0.050323978983 0 6 416 -2.37123300759
0.0763011640511 0 6 990 -0.41659892036
0.115687744753 0 17 2338 -0.699555163221
0.175405637024 0 34 5136 -0.547336437543
0.265949842531 0 120 11962 -1.34481346122
0.403232871773 0 255 27090 -1.20019931983
0.611381256445 12 565 61366 1.51883903435
0.926975618552 10 1186 139354 -0.00915402941214
1.40547945874 30 2680 314544 0.311173424858
2.13098647839 70 6184 712650 0.313339325609
3.23099945918 132 13913 1612550 0.101366399386
4.89883798472 324 31183 3661214 0.217926923239
7.42761300449 636 70297 8269924 0.0635515027685
11.2617390321 1438 157322 18569528 0.0774458786962
17.0750368861 2902 347547 41275936 -0.00781185653277
25.8891529834 6464 754278 90018786 0.0222510806333
39.2531065478 13512 1592940 190060080 0.0120028465055
59.5155188986 26676 3150017 375406098 0.00926435003467
90.2373672122 47918 5564146 655693528 0.0146755235041
136.817801341 66128 7677669 903336428 0.0132549863496
207.443006619 88480 10218380 1213866890 0.0279563259877
STEP_DONE 
0.050323978983 0 6 434 -2.24332385946
0.0763011640511 0 6 990 -0.42182076263
0.115687744753 0 16 2366 -0.586477943087
0.175405637024 0 34 5090 -0.567075536022
0.265949842531 0 117 12010 -1.28544961054
0.403232871773 0 251 26978 -1.18269356084
0.611381256445 12 569 61564 1.51368392413
0.926975618552 10 1197 139754 -0.0248244073126
1.40547945874 30 2694 315232 0.304533332004
2.13098647839 72 6160 713488 0.363036033247
3.23099945918 136 13864 1615398 0.144959898111
4.89883798472 318 31113 3668974 0.203141547268
7.42761300449 640 70156 8289202 0.0767929281285
11.2617390321 1410 157051 18615328 0.0629462909475
17.0750368861 2846 346805 41372626 -0.0200348216378
25.8891529834 6394 752843 90239000 0.0177188494613
39.2531065478 13442 1590880 190505680 0.0117455928985
59.5155188986 26602 3144193 376290172 0.0124561229719
90.2373672122 47762 5556906 657347196 0.0165335409603
136.817801341 66098 7689843 905623288 0.0121989990646
207.443006619 89196 10292937 1216965414 0.0242538502668
STEP_DONE 
0.050323978983 0 5 422 -1.79143885717
0.0763011640511 0 5 952 -0.237381510214
0.115687744753 0 18 2384 -0.778839728107
0.175405637024 0 35 5104 -0.615578053305
0.265949842531 0 118 12024 -1.31208398755
0.403232871773 0 259 27108 -1.25098630818
0.611381256445 12 563 61896 1.54732296265
0.926975618552 10 1190 139898 -0.0121343354312
1.40547945874 28 2679 315588 0.231205033461
2.13098647839 68 6202 715276 0.276404198917
3.23099945918 130 13847 1617416 0.0983347784524
4.89883798472 312 31168 3675254 0.180023742259
7.42761300449 630 70165 8304688 0.0621592085999
11.2617390321 1420 156952 18645418 0.0736166477034
17.0750368861 2836 346746 41444836 -0.0215653145949
25.8891529834 6430 752663 90388424 0.025325036571
39.2531065478 13494 1592548 190856232 0.0152261716439
59.5155188986 26606 3146915 376945252 0.0125729549542
90.2373672122 47664 5566159 658481072 0.0129382441017
136.817801341 66020 7685254 906981514 0.0137647934435
207.443006619 88766 10258088 1217548482 0.0267209239683
STEP_DONE 
