#Theta DD DR RR XI factor=173.468965517 jknum= 20
0.050323978983 0 3 418 -1.48116897298
0.0763011640511 0 5 986 -0.753090991726
0.115687744753 0 13 2360 -0.904332231521
0.175405637024 0 27 5130 -0.819523913518
0.265949842531 0 75 12078 -1.14673089648
0.403232871773 2 188 27208 0.80756211652
0.611381256445 0 382 61990 -1.13036047174
0.926975618552 2 815 140796 -0.576719038546
1.40547945874 20 1841 317070 0.877390396007
2.13098647839 38 4249 718772 0.535977320017
3.23099945918 62 9429 1627090 0.135136093065
4.89883798472 158 21393 3693686 0.275813301606
7.42761300449 292 48223 8346340 0.0479000546399
11.2617390321 618 107748 18744060 -0.00215378765076
17.0750368861 1354 238511 41663818 -0.00806103473191
25.8891529834 3018 517371 90871208 0.0240477711982
39.2531065478 6220 1093127 191909754 -0.00077494546006
59.5155188986 12238 2158465 378942610 -0.00422999843949
90.2373672122 21644 3799628 661394274 -0.008281359356
136.817801341 30632 5240338 911017482 0.0160580581681
207.443006619 40002 6998719 1225738450 0.00116268004278
STEP_DONE 
0.050323978983 0 3 428 -1.4350350952
0.0763011640511 0 4 984 -0.412188374996
0.115687744753 0 13 2382 -0.895960715045
0.175405637024 0 27 5174 -0.812863391326
0.265949842531 0 72 12164 -1.05628744639
0.403232871773 2 184 27460 0.869683495923
0.611381256445 0 382 62622 -1.11916205128
0.926975618552 2 795 141524 -0.52510441405
1.40547945874 24 1875 318984 1.22804201113
2.13098647839 36 4263 722568 0.45363112785
3.23099945918 62 9470 1637148 0.133105023713
4.89883798472 152 21515 3716630 0.222892181422
7.42761300449 300 48325 8394538 0.0783764059498
11.2617390321 616 107563 18846738 0.0034549096078
17.0750368861 1350 238405 41895554 -0.00464381040155
25.8891529834 2944 516873 91384158 0.00709031308239
39.2531065478 6226 1092848 192952610 0.00594019252624
59.5155188986 12210 2157292 380864166 -0.000479644629411
90.2373672122 21460 3784674 664445888 -0.00431231122302
136.817801341 30206 5216861 914670090 0.0149765442741
207.443006619 39666 6989716 1232576692 0.000924708948882
STEP_DONE 
0.050323978983 0 3 418 -1.48325358852
0.0763011640511 0 4 966 -0.432712215321
0.115687744753 0 12 2386 -0.740150880134
0.175405637024 0 28 5202 -0.862360630527
0.265949842531 0 75 12106 -1.14356517429
0.403232871773 2 182 27272 0.885816955119
0.611381256445 0 374 62316 -1.076577444
0.926975618552 2 798 140816 -0.535691966822
1.40547945874 24 1812 317484 1.28771213667
2.13098647839 38 4228 718826 0.54705867623
3.23099945918 60 9435 1627972 0.0977916082095
4.89883798472 160 21473 3696918 0.285616289028
7.42761300449 292 48208 8348164 0.0488088159265
11.2617390321 618 107483 18750182 0.00304989039573
17.0750368861 1358 238498 41672034 -0.004911975259
25.8891529834 2982 517166 90858910 0.0128523663777
39.2531065478 6242 1091810 191773464 0.00429685099707
59.5155188986 12288 2155150 378622300 0.00186981062658
90.2373672122 21478 3780353 661039402 -0.00627447318186
136.817801341 30206 5205643 909760976 0.0138980153398
207.443006619 39338 6933326 1224761354 0.00259443195984
STEP_DONE 
0.050323978983 0 3 428 -1.4378853686
0.0763011640511 0 5 994 -0.749522028436
0.115687744753 0 12 2360 -0.768499894507
0.175405637024 0 25 5194 -0.674070943652
0.265949842531 0 71 12160 -1.03076920452
0.403232871773 2 186 27426 0.846584469319
0.611381256445 0 380 62516 -1.11411306092
0.926975618552 2 801 141476 -0.541658207647
1.40547945874 22 1853 319670 1.06520174933
2.13098647839 36 4281 723108 0.446502619466
3.23099945918 60 9452 1636608 0.100011664368
4.89883798472 152 21408 3715920 0.233295264885
7.42761300449 276 48171 8391634 -0.00186694363301
11.2617390321 608 107317 18846224 -0.00488059636408
17.0750368861 1344 238052 41891996 -0.00616645036028
25.8891529834 2934 515479 91386184 0.00908530971421
39.2531065478 6192 1088573 192937890 0.00821878108994
59.5155188986 12076 2147943 380674910 -0.00311828274635
90.2373672122 21408 3778987 663414110 -0.0052968790514
136.817801341 30138 5194870 910222120 0.0163214566251
207.443006619 38978 6896347 1221590652 0.00145913125998
STEP_DONE 
0.050323978983 0 2 432 -0.602841171047
0.0763011640511 0 5 988 -0.752093587784
0.115687744753 0 11 2382 -0.598803787744
0.175405637024 0 27 5126 -0.823599241035
0.265949842531 0 71 12104 -1.03083048572
0.403232871773 2 187 27326 0.823977164999
0.611381256445 0 374 62290 -1.07872726219
0.926975618552 2 810 140690 -0.567283607183
1.40547945874 24 1859 317470 1.23804539614
2.13098647839 38 4224 719396 0.550040050595
3.23099945918 56 9428 1628170 0.0258954528529
4.89883798472 154 21412 3696418 0.242951790679
7.42761300449 284 48075 8348754 0.0257366686856
11.2617390321 612 107109 18737038 -0.000340742048299
17.0750368861 1342 237032 41616220 -0.00560258738965
25.8891529834 2938 513224 90703836 0.0116721608182
39.2531065478 6162 1084016 191346270 0.00363455221956
59.5155188986 12028 2135881 376869304 -0.0057609725227
90.2373672122 21248 3727125 653900272 0.00036046934748
136.817801341 29482 5076564 890792116 0.0187172482394
207.443006619 38838 6829298 1201046850 0.000390585863143
STEP_DONE 
0.050323978983 0 3 430 -1.42009070732
0.0763011640511 0 5 976 -0.777047479763
0.115687744753 0 13 2380 -0.894720875902
0.175405637024 0 27 5154 -0.817181031693
0.265949842531 0 73 12166 -1.08139205718
0.403232871773 2 189 27400 0.803010758823
0.611381256445 0 375 62158 -1.09272942371
0.926975618552 2 800 141010 -0.541316093799
1.40547945874 24 1850 317996 1.25228505625
2.13098647839 38 4260 719846 0.535157385216
3.23099945918 60 9415 1629690 0.103516918498
4.89883798472 156 21308 3697710 0.270192279368
7.42761300449 290 48017 8354306 0.0504870215386
11.2617390321 606 107055 18748108 -0.00841583539848
17.0750368861 1350 237074 41642198 0.000381949402654
25.8891529834 2940 512787 90722124 0.0141749897512
39.2531065478 6144 1081825 191255326 0.00424669700107
59.5155188986 12048 2133346 376167712 -0.00379145232718
90.2373672122 21272 3728013 650805324 -0.00380383656454
136.817801341 29446 5057694 882479996 0.0156887167121
207.443006619 38758 6826202 1200747790 -0.00102346368883
STEP_DONE 
0.050323978983 0 2 412 -0.677526890384
0.0763011640511 0 5 990 -0.745305754642
0.115687744753 0 13 2380 -0.887570173298
0.175405637024 0 25 5128 -0.684723768619
0.265949842531 0 71 12128 -1.02304652859
0.403232871773 2 182 27334 0.883502622482
0.611381256445 0 378 62004 -1.10672962874
0.926975618552 0 808 140606 -0.985839835075
1.40547945874 22 1851 317374 1.05404796538
2.13098647839 38 4253 718844 0.53365260632
3.23099945918 56 9439 1628258 0.0235120272247
4.89883798472 146 21397 3692770 0.178020993624
7.42761300449 294 48112 8340946 0.059004403035
11.2617390321 616 107232 18716758 0.00272822702681
17.0750368861 1346 237860 41566096 -0.0107496209249
25.8891529834 2998 515163 90568442 0.0226108006604
39.2531065478 6222 1089137 190902772 0.00149480466141
59.5155188986 12246 2142473 375450882 0.00180208180148
90.2373672122 21520 3752547 649819652 -0.0068878053599
136.817801341 29960 5110561 880691726 0.0103108694094
207.443006619 38962 6773228 1182406720 0.0042112528493
STEP_DONE 
0.050323978983 0 3 426 -1.40487113553
0.0763011640511 0 4 988 -0.382557494918
0.115687744753 0 13 2368 -0.874743292307
0.175405637024 0 27 5078 -0.815729801814
0.265949842531 0 75 11956 -1.14217778466
0.403232871773 2 189 27046 0.769517099544
0.611381256445 0 381 61504 -1.11544514461
0.926975618552 2 809 139264 -0.565074213706
1.40547945874 24 1837 314108 1.23042786853
2.13098647839 40 4272 710440 0.588020483747
3.23099945918 58 9451 1608668 0.0448634341032
4.89883798472 160 21399 3650642 0.276040314505
7.42761300449 296 48207 8244852 0.0499934537943
11.2617390321 618 107529 18509116 -0.0104750124861
17.0750368861 1354 238564 41108766 -0.0215075101576
25.8891529834 3042 516928 89569554 0.0193128402139
39.2531065478 6306 1091069 188787516 0.000225378078482
59.5155188986 12358 2147499 371275412 -0.00482322482373
90.2373672122 21612 3743572 641934218 -0.00994675183895
136.817801341 30200 5096591 869769634 0.011245848007
207.443006619 39340 6775605 1163176752 -0.00319129680752
STEP_DONE 
0.050323978983 0 3 426 -1.4197738297
0.0763011640511 0 5 982 -0.749530976667
0.115687744753 0 12 2384 -0.729569884987
0.175405637024 0 27 5160 -0.797948229277
0.265949842531 0 74 12092 -1.10279386392
0.403232871773 2 185 26990 0.832001867526
0.611381256445 0 378 61718 -1.10447163037
0.926975618552 2 806 139628 -0.560680991249
1.40547945874 24 1833 315664 1.24888810853
2.13098647839 40 4278 714334 0.595020328367
3.23099945918 60 9428 1616882 0.09174605116
4.89883798472 152 21409 3671154 0.21828971832
7.42761300449 294 48141 8292414 0.0516937088554
11.2617390321 624 107397 18615402 0.00705335516323
17.0750368861 1368 238044 41350776 -0.00155542136587
25.8891529834 2992 515968 90116276 0.0126420449616
39.2531065478 6292 1091273 190073034 0.00432170781316
59.5155188986 12278 2149879 374391372 -0.00512633322774
90.2373672122 21526 3754858 650305938 -0.00694851592849
136.817801341 30160 5136522 887541820 0.0144363385292
207.443006619 39556 6867306 1189378572 -0.00228985116608
STEP_DONE 
0.050323978983 0 3 424 -1.44500117435
0.0763011640511 0 4 972 -0.422058296194
0.115687744753 0 12 2388 -0.736483246106
0.175405637024 0 26 5172 -0.737154740014
0.265949842531 0 73 12048 -1.09378254616
0.403232871773 2 189 27298 0.794675169795
0.611381256445 0 380 62186 -1.11161456068
0.926975618552 2 812 140562 -0.571469818425
1.40547945874 22 1856 317414 1.04853405221
2.13098647839 34 4243 718410 0.371930730908
3.23099945918 58 9440 1626200 0.0587772375303
4.89883798472 142 21411 3692704 0.144348204261
7.42761300449 290 48063 8342354 0.0468756534573
11.2617390321 616 107250 18734056 0.00331747480184
17.0750368861 1362 237893 41628454 0.00196589032134
25.8891529834 2984 515333 90794136 0.0197898563171
39.2531065478 6206 1090845 191696588 5.97838908848e-05
59.5155188986 12182 2153042 378233892 -0.00555988186563
90.2373672122 21602 3778399 659294220 -0.00225451207324
136.817801341 30178 5182480 904446564 0.0160213486229
207.443006619 39324 6902069 1211129870 -1.03664426864e-05
STEP_DONE 
0.050323978983 0 3 426 -1.45386009
0.0763011640511 0 5 996 -0.749237614358
0.115687744753 0 12 2368 -0.765784456656
0.175405637024 0 27 5186 -0.814134127471
0.265949842531 0 73 12214 -1.08258667864
0.403232871773 2 191 27516 0.787558411759
0.611381256445 0 372 62562 -1.07190795362
0.926975618552 2 817 141714 -0.580465401177
1.40547945874 22 1836 319846 1.0876602647
2.13098647839 38 4245 724608 0.55050266918
3.23099945918 56 9463 1640296 0.0260664763147
4.89883798472 160 21361 3724016 0.305438936138
7.42761300449 284 48141 8413516 0.0308334384491
11.2617390321 614 107487 18886902 0.00373958057753
17.0750368861 1330 238003 41969610 -0.0140872713482
25.8891529834 2986 516123 91515890 0.0252515048398
39.2531065478 6170 1092441 193214282 -0.000830210175174
59.5155188986 12198 2159747 381851436 -0.001178397303
90.2373672122 21632 3815693 669643428 -0.00494202956223
136.817801341 30714 5314917 933616530 0.0149281405978
207.443006619 41248 7291274 1291350848 0.00213952163489
STEP_DONE 
0.050323978983 0 3 444 -1.36988336885
0.0763011640511 0 5 990 -0.771427972673
0.115687744753 0 13 2402 -0.898274605187
0.175405637024 0 28 5196 -0.890068645207
0.265949842531 0 75 12258 -1.14600305059
0.403232871773 2 180 27666 0.941319359158
0.611381256445 0 376 63058 -1.09139632893
0.926975618552 2 808 142990 -0.551786128006
1.40547945874 20 1835 322454 0.911582483251
2.13098647839 38 4245 730066 0.561397910713
3.23099945918 58 9449 1653106 0.0742448813506
4.89883798472 148 21465 3754608 0.207124806927
7.42761300449 280 48353 8487024 0.0163771385718
11.2617390321 594 107800 19073536 -0.0245361752518
17.0750368861 1308 238745 42429340 -0.0254786397429
25.8891529834 2952 519796 92688724 0.0125490705105
39.2531065478 6188 1101917 196213996 0.000189969930665
59.5155188986 12292 2189182 389045936 -0.00193255769646
90.2373672122 21808 3872539 683640698 -0.00572909272292
136.817801341 30816 5390610 953958586 0.0115214253031
207.443006619 41416 7367854 1310340712 -9.66503165581e-05
STEP_DONE 
0.050323978983 0 2 428 -0.646284949781
0.0763011640511 0 5 1012 -0.740637249274
0.115687744753 0 11 2398 -0.616077886482
0.175405637024 0 27 5226 -0.82017497892
0.265949842531 0 73 12314 -1.0885385322
0.403232871773 2 184 27792 0.900521121931
0.611381256445 0 374 63444 -1.07682463654
0.926975618552 2 820 143478 -0.580944003849
1.40547945874 24 1845 324086 1.2922375657
2.13098647839 34 4260 733532 0.392242703573
3.23099945918 60 9461 1661132 0.114233286328
4.89883798472 142 21510 3772224 0.159153125503
7.42761300449 284 48326 8520058 0.0360328837525
11.2617390321 608 107884 19128922 -0.000684357641759
17.0750368861 1350 239533 42516182 0.000414145060582
25.8891529834 2942 519456 92738536 0.0110091982162
39.2531065478 6210 1099736 195885506 0.00580681994025
59.5155188986 12098 2169958 386923148 -0.00559944371578
90.2373672122 21042 3794344 675745712 -0.0119773356129
136.817801341 29426 5223452 934964016 0.00833808344989
207.443006619 39790 7207917 1296788040 -0.0061114551875
STEP_DONE 
0.050323978983 0 3 432 -1.44087136929
0.0763011640511 0 5 1000 -0.757427385892
0.115687744753 0 13 2426 -0.883475351739
0.175405637024 0 27 5254 -0.806263396235
0.265949842531 0 73 12372 -1.07391204607
0.403232871773 2 181 27714 0.933324275254
0.611381256445 0 377 63154 -1.09820478349
0.926975618552 2 799 143144 -0.530388112194
1.40547945874 20 1843 323106 0.906911257906
2.13098647839 38 4251 732494 0.562432761025
3.23099945918 56 9421 1657354 0.04561360388
4.89883798472 146 21470 3766006 0.193546502405
7.42761300449 286 48302 8507318 0.0426835330527
11.2617390321 606 107528 19099806 0.0011463347356
17.0750368861 1346 239003 42451208 0.00040095873094
25.8891529834 2934 518609 92604966 0.0101454709834
39.2531065478 6120 1095631 195600594 -0.00244615118826
59.5155188986 12146 2166993 386206120 -0.000841628716068
90.2373672122 21260 3801431 673545398 -0.00887311362629
136.817801341 29806 5214245 927681080 0.0167333412497
207.443006619 38852 7025811 1263890348 -0.00444369474566
STEP_DONE 
0.050323978983 0 3 420 -1.47102845287
0.0763011640511 0 5 968 -0.786900740715
0.115687744753 0 11 2366 -0.608361714889
0.175405637024 0 26 5142 -0.749230565629
0.265949842531 0 73 12118 -1.08399990001
0.403232871773 2 186 27284 0.834813037433
0.611381256445 0 379 62218 -1.1073125094
0.926975618552 2 799 140730 -0.538908711095
1.40547945874 24 1842 317992 1.25420331482
2.13098647839 38 4248 720354 0.538232223607
3.23099945918 58 9483 1630468 0.0522556593283
4.89883798472 154 21434 3703628 0.241989310581
7.42761300449 294 48350 8364810 0.0519671716321
11.2617390321 618 107869 18787628 -0.00206891574339
17.0750368861 1364 239300 41751484 -0.0053404690179
25.8891529834 2982 518213 91069254 0.0111559790519
39.2531065478 6210 1093363 192327290 -0.000603902673267
59.5155188986 12110 2153273 379666712 -0.00769697166773
90.2373672122 21422 3770430 662508246 -0.00138544748304
136.817801341 29802 5166656 912860426 0.0187784923428
207.443006619 38618 6873715 1229103640 0.00537562670507
STEP_DONE 
0.050323978983 0 3 436 -1.41338174274
0.0763011640511 0 5 982 -0.785869721375
0.115687744753 0 13 2380 -0.915833013703
0.175405637024 0 26 5228 -0.744331512094
0.265949842531 0 75 12310 -1.13695052769
0.403232871773 2 186 27744 0.865643986123
0.611381256445 0 379 63196 -1.10349206014
0.926975618552 2 815 142878 -0.570193177402
1.40547945874 22 1825 322448 1.11323158461
2.13098647839 40 4227 730530 0.654526049154
3.23099945918 58 9449 1653354 0.0743846495891
4.89883798472 156 21418 3754390 0.277007084194
7.42761300449 284 48263 8481080 0.0339154546007
11.2617390321 600 107392 19042402 -0.00900602672594
17.0750368861 1336 238374 42318004 -0.00475252780108
25.8891529834 2902 516588 92297816 0.00389673673745
39.2531065478 6158 1093065 194896720 0.00462856807466
59.5155188986 12044 2158188 384867318 -0.00438310999976
90.2373672122 21158 3787861 671848414 -0.00893016612961
136.817801341 29918 5225184 924919558 0.013358840061
207.443006619 40124 7076498 1257721420 0.00771980999364
STEP_DONE 
0.050323978983 0 3 430 -1.41214416675
0.0763011640511 0 5 978 -0.767590306239
0.115687744753 0 13 2388 -0.882172793428
0.175405637024 0 26 5174 -0.737390270856
0.265949842531 0 73 12142 -1.07865824944
0.403232871773 2 187 27294 0.821015578067
0.611381256445 0 381 62136 -1.1199818615
0.926975618552 2 797 140780 -0.532795892822
1.40547945874 22 1843 317992 1.0636849139
2.13098647839 40 4244 720502 0.622544682943
3.23099945918 60 9434 1630754 0.0993930886436
4.89883798472 160 21394 3704530 0.294023399321
7.42761300449 296 48219 8368116 0.0648360779516
11.2617390321 612 107573 18787444 -0.00616452225175
17.0750368861 1362 238828 41758956 -0.00266722916658
25.8891529834 2958 518816 91085842 0.00117882594187
39.2531065478 6274 1096415 192307166 0.00377044482193
59.5155188986 12334 2163306 379824432 0.00124453821457
90.2373672122 21542 3795393 663382364 -0.00765009233581
136.817801341 30254 5217222 913971458 0.0156249787236
207.443006619 39506 6958397 1229803204 0.00374507184652
STEP_DONE 
0.050323978983 0 3 420 -1.45241553053
0.0763011640511 0 5 1000 -0.716690871369
0.115687744753 0 13 2352 -0.897702493861
0.175405637024 0 28 5164 -0.86163223851
0.265949842531 0 74 12004 -1.11654655917
0.403232871773 0 181 27174 -1.28689959312
0.611381256445 0 374 61648 -1.0829301385
0.926975618552 2 800 140072 -0.540136418858
1.40547945874 22 1843 315882 1.04930260458
2.13098647839 40 4249 715562 0.60865322173
3.23099945918 54 9489 1619506 -0.0290428438361
4.89883798472 158 21427 3677568 0.265709421396
7.42761300449 296 48295 8305882 0.0538854771905
11.2617390321 626 107715 18648512 0.0061255829734
17.0750368861 1374 239017 41450562 -0.00291769006791
25.8891529834 3006 518232 90406996 0.011789080547
39.2531065478 6286 1095059 190890140 0.000862977392297
59.5155188986 12360 2161126 377103872 -0.00169867866648
90.2373672122 21734 3800789 658782832 -0.00860094789483
136.817801341 30684 5229742 907574056 0.0179268220253
207.443006619 39854 6958815 1220286094 0.0045625494997
STEP_DONE 
0.050323978983 0 3 440 -1.38127121841
0.0763011640511 0 5 998 -0.749765090347
0.115687744753 0 11 2414 -0.591459913987
0.175405637024 0 25 5164 -0.69080708769
0.265949842531 0 72 12242 -1.05409443444
0.403232871773 2 178 27520 0.957188015644
0.611381256445 0 378 62734 -1.10440393325
0.926975618552 2 811 142240 -0.562538004264
1.40547945874 24 1848 320918 1.26937306898
2.13098647839 38 4239 726292 0.557071470714
3.23099945918 58 9435 1644850 0.0719360815925
4.89883798472 156 21466 3735382 0.266491194589
7.42761300449 294 48211 8439394 0.0671749454091
11.2617390321 622 107657 18953436 0.0169590203607
17.0750368861 1322 238926 42126570 -0.0238670561145
25.8891529834 2962 517509 91893472 0.0160659611267
39.2531065478 6204 1096511 194045986 0.00140985043713
59.5155188986 12176 2165624 383196990 -0.00483746572098
90.2373672122 21468 3801568 668989118 -0.00607756682859
136.817801341 30344 5248725 921996602 0.0153863569758
207.443006619 40056 7049496 1248451316 0.00631017853071
STEP_DONE 
0.050323978983 0 3 422 -1.44597655276
0.0763011640511 0 4 946 -0.454830310448
0.115687744753 0 13 2348 -0.904972653098
0.175405637024 0 26 5054 -0.770033949139
0.265949842531 0 71 11860 -1.05976249223
0.403232871773 2 183 26734 0.858863192378
0.611381256445 0 370 61064 -1.08477869638
0.926975618552 2 784 138140 -0.524233674794
1.40547945874 24 1831 311638 1.25769249095
2.13098647839 38 4234 706380 0.529787260711
3.23099945918 62 9292 1596708 0.146902564414
4.89883798472 156 21170 3628228 0.264931976988
7.42761300449 292 47666 8199714 0.0538202502833
11.2617390321 612 106410 18411286 -0.00480262540158
17.0750368861 1336 235726 40921262 -0.0157535769144
25.8891529834 2988 511373 89249960 0.0194377236194
39.2531065478 6192 1080731 188454750 -0.000709120519303
59.5155188986 12160 2131017 372195022 -0.00305225214289
90.2373672122 21322 3740315 650040268 -0.00898857092622
136.817801341 30044 5151614 895196008 0.0132525131686
207.443006619 39268 6853004 1200536736 0.00399925561187
STEP_DONE 
