#Theta DD DR RR XI factor=153.908216783 jknum= 20
0.050323978983 0 3 416 -1.20392849554
0.0763011640511 0 7 982 -1.17849279668
0.115687744753 0 14 2350 -0.820663767094
0.175405637024 0 33 5114 -0.972072114896
0.265949842531 0 81 12030 -1.05773273997
0.403232871773 2 216 27128 0.288082539158
0.611381256445 0 434 61758 -1.14766273896
0.926975618552 4 917 140226 -0.332472804677
1.40547945874 22 2061 315682 0.631989568712
2.13098647839 46 4776 715640 0.461294455421
3.23099945918 80 10674 1620430 0.139654598213
4.89883798472 190 24075 3678226 0.205819926632
7.42761300449 364 54268 8312248 0.0272581376218
11.2617390321 766 121376 18665898 -0.0290482455697
17.0750368861 1738 268537 41489490 7.45937873308e-05
25.8891529834 3764 582154 90499442 0.00524168300792
39.2531065478 7888 1230886 191135234 -0.00447880645787
59.5155188986 15546 2431235 377400196 -0.0069431231858
90.2373672122 27602 4280742 658703802 -0.0076583643936
136.817801341 38670 5893003 907344656 0.0102541997638
207.443006619 50726 7853464 1219028300 0.00274896356972
STEP_DONE 
0.050323978983 0 3 430 -1.15478607221
0.0763011640511 0 6 984 -0.883247989938
0.115687744753 0 14 2382 -0.815254989462
0.175405637024 0 33 5180 -0.967594231959
0.265949842531 0 78 12168 -0.979824809935
0.403232871773 2 213 27476 0.341584190079
0.611381256445 0 428 62644 -1.11016127498
0.926975618552 4 897 141738 -0.281596137392
1.40547945874 26 2098 319494 0.91255521384
2.13098647839 42 4786 723558 0.341346271507
3.23099945918 80 10727 1639192 0.14270985022
4.89883798472 186 24200 3721874 0.183583075275
7.42761300449 364 54325 8405676 0.0366112295582
11.2617390321 762 121206 18873406 -0.0206428611671
17.0750368861 1728 268804 41955548 0.00341272376191
25.8891529834 3694 582960 91516330 -0.00480552029957
39.2531065478 7880 1233433 193192344 0.000836022039112
59.5155188986 15528 2436157 381476240 -0.00166061091106
90.2373672122 27306 4271451 665510386 -0.00384519601145
136.817801341 38128 5883874 916055362 0.00880119080903
207.443006619 50476 7885221 1235704390 0.00328467255432
STEP_DONE 
0.050323978983 0 3 414 -1.21775162143
0.0763011640511 0 6 966 -0.900929961223
0.115687744753 0 13 2368 -0.680171625355
0.175405637024 0 34 5186 -1.00649645348
0.265949842531 0 81 12074 -1.05317439327
0.403232871773 2 210 27192 0.358736934278
0.611381256445 0 424 62062 -1.09089431331
0.926975618552 4 900 140234 -0.296249967694
1.40547945874 26 2025 316312 0.965480685425
2.13098647839 44 4772 716002 0.399249563214
3.23099945918 78 10677 1621492 0.111190527598
4.89883798472 198 24120 3682322 0.254429437964
7.42761300449 358 54179 8313554 0.0138607155159
11.2617390321 754 120862 18671794 -0.0354473177353
17.0750368861 1738 267904 41505142 0.00509002291822
25.8891529834 3716 580447 90500558 -0.00142506708164
39.2531065478 7882 1226528 191063612 0.00133339600846
59.5155188986 15532 2422631 377252534 -0.00128893336305
90.2373672122 27442 4260385 658558498 -0.00414934730255
136.817801341 38212 5865150 906523462 0.00694009957014
207.443006619 50054 7785298 1218156726 0.00620883837885
STEP_DONE 
0.050323978983 0 3 430 -1.15483746627
0.0763011640511 0 7 996 -1.17070307011
0.115687744753 0 12 2374 -0.561213328555
0.175405637024 0 30 5202 -0.781199751052
0.265949842531 0 76 12148 -0.932282087526
0.403232871773 2 214 27464 0.330076219557
0.611381256445 0 432 62574 -1.13231591255
0.926975618552 4 905 141534 -0.300915758625
1.40547945874 24 2073 319660 0.787587679907
2.13098647839 44 4801 723364 0.400720396703
3.23099945918 78 10712 1637296 0.115422300743
4.89883798472 186 24124 3717482 0.188941805456
7.42761300449 346 54196 8397022 -0.0107574295639
11.2617390321 750 120916 18858262 -0.0318897506359
17.0750368861 1716 268053 41912932 0.00110521106041
25.8891529834 3702 581165 91407062 0.00214479195467
39.2531065478 7832 1227920 192947994 0.00246207451213
59.5155188986 15320 2422827 380673946 -0.00598798492489
90.2373672122 27352 4268437 663057924 -0.00450027227643
136.817801341 38156 5858349 909188648 0.0107206670708
207.443006619 49408 7760523 1221119820 0.00206166539381
STEP_DONE 
0.050323978983 0 2 430 -0.430176881237
0.0763011640511 0 7 986 -1.18297789682
0.115687744753 0 13 2380 -0.679556463469
0.175405637024 0 31 5120 -0.861743928407
0.265949842531 0 76 12118 -0.928460986913
0.403232871773 2 221 27326 0.243196575439
0.611381256445 0 418 62306 -1.0628831303
0.926975618552 4 913 140718 -0.323126271249
1.40547945874 24 2074 317764 0.778335986697
2.13098647839 48 4748 719722 0.547927526564
3.23099945918 76 10676 1628886 0.0875277179948
4.89883798472 192 24087 3697468 0.224302271437
7.42761300449 348 54121 8350326 -0.00784165356951
11.2617390321 754 120915 18738838 -0.0330122734905
17.0750368861 1730 267558 41624888 0.0059195351276
25.8891529834 3696 578937 90735340 0.000907203762014
39.2531065478 7782 1222059 191405042 -0.00218703581412
59.5155188986 15298 2409580 376820156 -0.00662020550629
90.2373672122 27022 4202439 653644630 0.000260015311925
136.817801341 37296 5724567 889783450 0.0124990612105
207.443006619 49624 7716686 1202380926 0.0021339840069
STEP_DONE 
0.050323978983 0 2 428 -0.436618991067
0.0763011640511 0 7 976 -1.20497463998
0.115687744753 0 14 2388 -0.802391330501
0.175405637024 0 33 5114 -0.983848907884
0.265949842531 0 77 12164 -0.946120333345
0.403232871773 2 217 27348 0.288608930028
0.611381256445 0 427 62104 -1.11379895282
0.926975618552 4 906 140744 -0.307482073928
1.40547945874 26 2081 317460 0.919947031641
2.13098647839 44 4798 718856 0.394327680741
3.23099945918 70 10661 1627400 0.00237833154061
4.89883798472 188 23996 3692064 0.205068504213
7.42761300449 358 54025 8341584 0.0229712472481
11.2617390321 754 120580 18718892 -0.0285972328508
17.0750368861 1718 267071 41572590 0.00145179007918
25.8891529834 3708 577642 90581294 0.00673986134809
39.2531065478 7782 1219346 190943360 -0.000235096512742
59.5155188986 15312 2403794 375542016 -0.00442067397807
90.2373672122 27064 4202329 649746032 -0.0041553166876
136.817801341 37358 5707823 880693486 0.00981472312358
207.443006619 49458 7677770 1194508704 0.00229375343262
STEP_DONE 
0.050323978983 0 3 412 -1.21694469774
0.0763011640511 0 6 982 -0.860246874684
0.115687744753 0 14 2370 -0.798500283625
0.175405637024 0 32 5108 -0.907347878819
0.265949842531 0 79 12024 -1.00036360673
0.403232871773 2 212 27178 0.330431351124
0.611381256445 0 429 61544 -1.12227859437
0.926975618552 2 905 139638 -0.641305357515
1.40547945874 24 2065 315172 0.769859293339
2.13098647839 48 4770 713704 0.523720656043
3.23099945918 76 10701 1616586 0.0740955521534
4.89883798472 182 24076 3665474 0.150856227181
7.42761300449 366 54104 8278730 0.0347759734404
11.2617390321 758 120676 18576328 -0.0322355227195
17.0750368861 1730 267453 41258594 -0.00191899224888
25.8891529834 3760 578890 89910394 0.00884970060892
39.2531065478 7884 1224466 189533736 -0.00297355957344
59.5155188986 15578 2413143 372665338 -0.00278009982198
90.2373672122 27420 4225263 644536222 -0.0100181100001
136.817801341 37930 5733827 872309008 0.00639320233743
207.443006619 49316 7564199 1163379402 0.00277725303553
STEP_DONE 
0.050323978983 0 3 432 -1.12155975036
0.0763011640511 0 7 992 -1.15577845601
0.115687744753 0 14 2376 -0.800111303334
0.175405637024 0 32 5110 -0.913140377622
0.265949842531 0 80 12078 -1.02354432225
0.403232871773 2 217 27228 0.279125623225
0.611381256445 0 429 61982 -1.1145086499
0.926975618552 4 916 140372 -0.328677757776
1.40547945874 26 2059 316506 0.929324974523
2.13098647839 48 4789 715880 0.520778913166
3.23099945918 76 10702 1620982 0.0769903220872
4.89883798472 194 24101 3679266 0.229109039124
7.42761300449 362 54269 8308554 0.0211549269557
11.2617390321 762 120918 18651114 -0.0273411654009
17.0750368861 1704 267803 41416316 -0.0154250464871
25.8891529834 3776 579811 90237698 0.013399938278
39.2531065478 7858 1225632 190202056 -0.00463381121103
59.5155188986 15530 2415934 374206182 -0.00402762082579
90.2373672122 27306 4219801 647752576 -0.00660422298614
136.817801341 37890 5747795 879770750 0.00896864841092
207.443006619 49958 7685250 1183967960 0.00149665642894
STEP_DONE 
0.050323978983 0 3 422 -1.18272629677
0.0763011640511 0 6 986 -0.868378290543
0.115687744753 0 13 2398 -0.664503261619
0.175405637024 0 33 5204 -0.947005278558
0.265949842531 0 79 12144 -0.997357523105
0.403232871773 2 215 27152 0.3047616846
0.611381256445 0 424 62204 -1.09284960682
0.926975618552 4 906 140636 -0.307657738473
1.40547945874 26 2072 317674 0.926292961393
2.13098647839 48 4789 719142 0.528410254263
3.23099945918 74 10675 1628272 0.0581467460398
4.89883798472 184 24093 3696210 0.171869551175
7.42761300449 360 54143 8348656 0.0250586757798
11.2617390321 768 121064 18745580 -0.017357516773
17.0750368861 1750 268476 41644342 0.0109535547843
25.8891529834 3752 581423 90759932 0.00736483612326
39.2531065478 7894 1229979 191447096 -0.000818633541592
59.5155188986 15498 2427454 377284036 -0.00736414148441
90.2373672122 27366 4247962 655718012 -0.00549553409543
136.817801341 37946 5799543 896141288 0.0109086206592
207.443006619 49874 7741224 1204695000 0.00272247651872
STEP_DONE 
0.050323978983 0 3 430 -1.1489143004
0.0763011640511 0 7 980 -1.2000789266
0.115687744753 0 12 2384 -0.550391189885
0.175405637024 0 31 5190 -0.839757715113
0.265949842531 0 80 12108 -1.03509117756
0.403232871773 2 220 27398 0.258083525686
0.611381256445 0 429 62390 -1.11791537637
0.926975618552 4 915 141030 -0.325670451289
1.40547945874 24 2080 318796 0.775912674833
2.13098647839 42 4777 721642 0.341466664031
3.23099945918 74 10725 1633040 0.0518856957719
4.89883798472 182 24141 3708580 0.158957594506
7.42761300449 356 54220 8378536 0.0145226665971
11.2617390321 758 121152 18813502 -0.027886079723
17.0750368861 1742 268544 41802702 0.00967447040742
25.8891529834 3758 582321 91161030 0.0102110568217
39.2531065478 7860 1233374 192455804 -0.0052785166949
59.5155188986 15518 2434972 379819186 -0.00560214189349
90.2373672122 27342 4263945 662122478 -0.00412355410405
136.817801341 37972 5850597 909177852 0.00851087276092
207.443006619 49874 7794727 1221743732 0.00309258014375
STEP_DONE 
0.050323978983 0 3 426 -1.16674448162
0.0763011640511 0 7 990 -1.17549900478
0.115687744753 0 13 2364 -0.691967137511
0.175405637024 0 34 5158 -1.02811988315
0.265949842531 0 80 12152 -1.02552808684
0.403232871773 2 219 27376 0.267656658829
0.611381256445 0 422 62254 -1.08564905575
0.926975618552 4 927 141116 -0.350319353799
1.40547945874 26 2045 318192 0.956395263057
2.13098647839 46 4783 720780 0.468675074061
3.23099945918 74 10696 1631454 0.0562972189272
4.89883798472 192 24075 3703622 0.226866748749
7.42761300449 358 54103 8367388 0.0231457733569
11.2617390321 756 120822 18784672 -0.0264987840019
17.0750368861 1702 267215 41763308 -0.00413257259972
25.8891529834 3702 579037 91147252 0.00662073497294
39.2531065478 7808 1228460 192809476 -0.00193499231523
59.5155188986 15486 2433961 381858360 -0.00136024330048
90.2373672122 27494 4308000 670523406 -0.00636570109308
136.817801341 38930 6007785 935650360 0.00910759054959
207.443006619 52624 8219956 1288607830 0.00382651116565
STEP_DONE 
0.050323978983 0 3 444 -1.11482753472
0.0763011640511 0 7 998 -1.19535203003
0.115687744753 0 14 2408 -0.81973532057
0.175405637024 0 34 5226 -1.03632073377
0.265949842531 0 80 12322 -1.03210177009
0.403232871773 2 206 27830 0.443259391126
0.611381256445 0 424 63410 -1.09288215516
0.926975618552 4 912 143642 -0.305227021755
1.40547945874 22 2072 324258 0.661645743767
2.13098647839 46 4764 734100 0.503470981218
3.23099945918 76 10714 1662724 0.102630671863
4.89883798472 176 24148 3776246 0.13996419696
7.42761300449 352 54399 8533258 0.0149578503376
11.2617390321 726 121569 19175568 -0.0570575834733
17.0750368861 1684 269428 42650874 -0.0102016312705
25.8891529834 3706 586519 93176314 0.00390852127536
39.2531065478 7798 1245236 197264086 -0.00762469836096
59.5155188986 15466 2472819 391150754 -0.0103391464624
90.2373672122 27676 4375782 687535600 -0.00616173038712
136.817801341 38938 6098776 959289168 0.00422347967701
207.443006619 52654 8326161 1317731624 0.000955154272143
STEP_DONE 
0.050323978983 0 2 424 -0.466538100698
0.0763011640511 0 7 1008 -1.15906998158
0.115687744753 0 12 2396 -0.557125596067
0.175405637024 0 33 5196 -0.974576703712
0.265949842531 0 77 12264 -0.952035873761
0.403232871773 2 211 27584 0.373916478594
0.611381256445 0 426 63032 -1.10124998335
0.926975618552 4 920 142580 -0.328173672523
1.40547945874 26 2070 322040 0.952587405127
2.13098647839 42 4782 729332 0.353112604283
3.23099945918 76 10705 1651128 0.0965810232134
4.89883798472 176 24155 3750338 0.131602968763
7.42761300449 356 54337 8470878 0.0212663775919
11.2617390321 762 121410 19019608 -0.0164711943217
17.0750368861 1718 269180 42274510 0.00239846767532
25.8891529834 3678 583350 92221342 -0.00286774939857
39.2531065478 7844 1235167 194823050 0.00183479344871
59.5155188986 15314 2438200 384892760 -0.00801708004079
90.2373672122 26836 4267410 672057924 -0.00922014333898
136.817801341 37184 5860593 928531944 0.0053992651307
207.443006619 50516 8047564 1279765420 -0.00118717055644
STEP_DONE 
0.050323978983 0 3 426 -1.19369439473
0.0763011640511 0 7 994 -1.19369439473
0.115687744753 0 14 2412 -0.808069841095
0.175405637024 0 32 5236 -0.903771453333
0.265949842531 0 77 12336 -0.944378608299
0.403232871773 2 215 27680 0.333239497889
0.611381256445 0 426 63054 -1.10456055644
0.926975618552 4 899 142946 -0.280256325445
1.40547945874 22 2063 322752 0.662462673325
2.13098647839 46 4773 731410 0.492886870337
3.23099945918 74 10709 1655696 0.0694226987323
4.89883798472 184 24214 3762252 0.181565445744
7.42761300449 356 54580 8498938 0.0156657506619
11.2617390321 758 121709 19082494 -0.0231764741062
17.0750368861 1728 270370 42404982 0.0024207846087
25.8891529834 3728 586150 92474660 0.00349248792064
39.2531065478 7810 1237936 195245182 -0.00469416424287
59.5155188986 15412 2445215 385413592 -0.00624219659441
90.2373672122 27326 4294663 672265638 -0.00393631360025
136.817801341 37762 5885109 926095722 0.00962881879473
207.443006619 49124 7878332 1260223692 -0.00176532933161
STEP_DONE 
0.050323978983 0 3 430 -1.14464859309
0.0763011640511 0 6 972 -0.897528590592
0.115687744753 0 12 2362 -0.561725478455
0.175405637024 0 32 5170 -0.902666965885
0.265949842531 0 81 12144 -1.0503433931
0.403232871773 2 214 27348 0.322208044413
0.611381256445 0 429 62362 -1.11466024164
0.926975618552 4 904 140874 -0.301835210759
1.40547945874 26 2065 318464 0.93542199022
2.13098647839 46 4760 721372 0.478029212527
3.23099945918 74 10737 1632194 0.0488869738853
4.89883798472 186 24103 3707212 0.186650908553
7.42761300449 368 54382 8373346 0.041779751752
11.2617390321 746 121418 18803142 -0.0477301065383
17.0750368861 1724 269078 41784474 -0.00485491644833
25.8891529834 3694 582242 91138838 -0.00632481850029
39.2531065478 7860 1230121 192462632 2.93465682315e-05
59.5155188986 15290 2424524 379951620 -0.0108982561448
90.2373672122 27244 4252333 662987448 -0.000868616631362
136.817801341 37736 5834692 913589380 0.0125533834584
207.443006619 49378 7772369 1230946486 0.00667038551836
STEP_DONE 
0.050323978983 0 3 438 -1.12963243271
0.0763011640511 0 7 980 -1.22090239411
0.115687744753 0 14 2378 -0.830516691526
0.175405637024 0 31 5196 -0.855026249119
0.265949842531 0 80 12292 -1.02360127026
0.403232871773 2 215 27688 0.331422670112
0.611381256445 0 429 63086 -1.11437399407
0.926975618552 4 911 142690 -0.307580807618
1.40547945874 24 2061 321758 0.8111373723
2.13098647839 46 4743 729090 0.502175355822
3.23099945918 72 10699 1650184 0.038623866344
4.89883798472 188 24134 3748370 0.210280085594
7.42761300449 356 54275 8465494 0.0229234943588
11.2617390321 748 121067 19011224 -0.0291109534205
17.0750368861 1724 268508 42250640 0.0102113653199
25.8891529834 3656 582644 92164208 -0.0068794136896
39.2531065478 7796 1232860 194596096 -0.00160644669002
59.5155188986 15316 2435885 384246838 -0.00771553812017
90.2373672122 27118 4276981 670878686 -0.00527356014071
136.817801341 37892 5894452 924353652 0.00802434202585
207.443006619 50676 7950339 1255056190 0.00626613503742
STEP_DONE 
0.050323978983 0 3 430 -1.13821148657
0.0763011640511 0 7 986 -1.17580005902
0.115687744753 0 14 2384 -0.799780921305
0.175405637024 0 31 5182 -0.833420758782
0.265949842531 0 80 12096 -1.02696415173
0.403232871773 2 214 27266 0.317024715437
0.611381256445 0 432 61958 -1.13690008148
0.926975618552 2 898 140630 -0.623069460659
1.40547945874 24 2067 317606 0.779855914385
2.13098647839 48 4770 719446 0.534700972655
3.23099945918 74 10698 1628392 0.0536552895667
4.89883798472 198 24134 3698088 0.257164095863
7.42761300449 370 54333 8354678 0.0468261167597
11.2617390321 758 121448 18761156 -0.0352045403826
17.0750368861 1748 268940 41705060 0.00785846753448
25.8891529834 3720 582939 90973798 -0.00363199874177
39.2531065478 7880 1231945 192064116 -0.00239624541869
59.5155188986 15574 2432412 379395062 -0.000985810449207
90.2373672122 27470 4281182 662775536 -0.00642253297607
136.817801341 38492 5894403 912986412 0.011345257404
207.443006619 50134 7821164 1227227566 0.00608621984832
STEP_DONE 
0.050323978983 0 3 418 -1.20147241534
0.0763011640511 0 7 998 -1.15147237385
0.115687744753 0 13 2382 -0.674055570245
0.175405637024 0 34 5160 -1.0211450883
0.265949842531 0 77 12114 -0.949716338127
0.403232871773 0 211 27322 -1.36885372091
0.611381256445 0 422 62174 -1.08195777537
0.926975618552 4 909 140958 -0.310580358152
1.40547945874 24 2054 317712 0.793807438231
2.13098647839 46 4776 719662 0.46785398675
3.23099945918 76 10691 1629506 0.084593936437
4.89883798472 190 24129 3700430 0.207635540572
7.42761300449 360 54265 8356206 0.0214220367833
11.2617390321 774 121210 18761058 -0.0113314175133
17.0750368861 1740 268829 41697232 0.00396977225484
25.8891529834 3738 582237 90957310 0.00317199590438
39.2531065478 7886 1232335 192023716 -0.00252771309662
59.5155188986 15576 2435389 379241680 -0.00370539588087
90.2373672122 27490 4278842 662425158 -0.00518873891741
136.817801341 38366 5887619 913384496 0.0108114315533
207.443006619 50638 7873117 1229480160 0.00455926135718
STEP_DONE 
0.050323978983 0 3 442 -1.0875478113
0.0763011640511 0 7 996 -1.16160405896
0.115687744753 0 13 2388 -0.674350882713
0.175405637024 0 30 5156 -0.789558053911
0.265949842531 0 79 12138 -1.00178487601
0.403232871773 2 209 27306 0.378051227717
0.611381256445 0 431 62202 -1.13113208123
0.926975618552 4 910 141158 -0.312628629605
1.40547945874 26 2078 318598 0.923904559839
2.13098647839 46 4757 721234 0.479740009247
3.23099945918 78 10674 1632604 0.119001398149
4.89883798472 194 24134 3707370 0.235346231771
7.42761300449 368 54257 8376780 0.0468055464314
11.2617390321 766 121206 18813864 -0.0185864413734
17.0750368861 1712 268519 41811180 -0.00690442379709
25.8891529834 3730 581180 91179346 0.00701584538723
39.2531065478 7830 1231559 192491366 -0.00582347930885
59.5155188986 15464 2432826 380188982 -0.00619203943482
90.2373672122 27544 4283470 664056922 -0.00301015175356
136.817801341 38490 5909231 914685278 0.00816112941246
207.443006619 50844 7888274 1232021246 0.00671814444217
STEP_DONE 
0.050323978983 0 3 422 -1.1751585249
0.0763011640511 0 5 952 -0.606997369585
0.115687744753 0 14 2384 -0.796817193106
0.175405637024 0 33 5106 -0.977494295452
0.265949842531 0 77 12026 -0.9590775849
0.403232871773 2 214 27114 0.311479379922
0.611381256445 0 424 61912 -1.09542988189
0.926975618552 4 897 139952 -0.292143767119
1.40547945874 26 2064 315714 0.927139707448
2.13098647839 46 4806 715528 0.449520047531
3.23099945918 80 10645 1618016 0.144202426009
4.89883798472 190 24107 3676526 0.20327791976
7.42761300449 364 54142 8307452 0.0313974890905
11.2617390321 758 121067 18651502 -0.0348946038907
17.0750368861 1726 268135 41458692 -0.0045001730065
25.8891529834 3762 582171 90418902 0.00375382938903
39.2531065478 7928 1232393 190921660 -0.0031610181564
59.5155188986 15668 2435856 377070776 -0.00405195628797
90.2373672122 27636 4283412 658699132 -0.0077308197696
136.817801341 38646 5898513 907301264 0.00773735348749
207.443006619 50706 7844781 1218038978 0.00370690857673
STEP_DONE 
