#Theta DD DR RR XI factor=153.908216783 
0.050323978983 0 3 450 -1.05210955711
0.0763011640511 0 7 1038 -1.07583336702
0.115687744753 0 14 2508 -0.718273552604
0.175405637024 0 34 5442 -0.923145670941
0.265949842531 0 83 12796 -0.996621130511
0.403232871773 2 226 28832 0.230333116009
0.611381256445 0 450 65688 -1.10871689053
0.926975618552 4 958 148730 -0.345641004391
1.40547945874 26 2178 335664 0.837507229612
2.13098647839 48 5037 760284 0.456177040959
3.23099945918 80 11278 1721430 0.0841715304769
4.89883798472 198 25437 3909756 0.196943681309
7.42761300449 380 57239 8835696 0.0246649559445
11.2617390321 800 127934 19852640 -0.0290820896957
17.0750368861 1824 283797 44165184 0.000322423470252
25.8891529834 3944 616137 96474800 0.00250997618453
39.2531065478 8342 1306772 204192922 -0.00220308406782
59.5155188986 16498 2590842 404653248 -0.00506649871641
90.2373672122 29376 4581051 710680740 -0.00505292188013
136.817801341 41526 6387253 991414468 0.00904776689036
207.443006619 55796 8709595 1363857664 0.00335980025429
