#Theta DD DR RR XI factor=127.148409894 
0.050323978983 0 5 370 -2.43644351065
0.0763011640511 0 6 836 -0.825096792737
0.115687744753 0 16 1988 -1.04665448522
0.175405637024 0 34 4394 -0.967704113061
0.265949842531 2 92 10510 1.85044042404
0.403232871773 2 212 23508 0.0821214259864
0.611381256445 4 440 53852 0.12308311386
0.926975618552 12 962 121638 0.583740911778
1.40547945874 22 2162 275414 0.295163189478
2.13098647839 44 5016 624024 0.0958404645343
3.23099945918 110 11352 1412872 0.21547139232
4.89883798472 216 25235 3213924 0.0898449591781
7.42761300449 500 57155 7260560 0.111504392816
11.2617390321 992 126876 16318186 0.00560154701275
17.0750368861 2132 281777 36286820 -0.0248225641698
25.8891529834 4820 612688 79285626 0.017715663942
39.2531065478 9980 1298562 167883312 -0.00591498858796
59.5155188986 19920 2579930 333207136 -0.00246043036511
90.2373672122 35762 4595003 586931414 -0.0058082795764
136.817801341 50638 6429820 820562986 0.00503371631701
207.443006619 67860 8708356 1120656424 0.00287570787333
