#Theta DD DR RR XI factor=105.39159292 jknum= 20
0.050323978983 0 5 340 -2.08120204604
0.0763011640511 0 7 782 -0.875514288891
0.115687744753 0 17 1844 -0.931599547298
0.175405637024 0 36 4118 -0.831661633972
0.265949842531 2 110 9824 0.888262243462
0.403232871773 2 250 21952 -0.386240670485
0.611381256445 8 523 50306 0.567026771583
0.926975618552 12 1091 114030 0.15031009483
1.40547945874 28 2472 257726 0.182689270959
2.13098647839 66 5618 584436 0.225315168541
3.23099945918 150 12875 1322598 0.205074843229
4.89883798472 304 28604 3007098 0.116487547363
7.42761300449 636 64798 6792490 0.0288404481385
11.2617390321 1364 144857 15255602 -0.00822039594681
17.0750368861 2934 320192 33889896 -0.0294220066579
25.8891529834 6594 696097 73912114 0.00585497453596
39.2531065478 13816 1470465 156074414 -0.00250895424363
59.5155188986 27266 2908293 308447706 -0.00539125257929
90.2373672122 48070 5123515 539442824 -0.012020551888
136.817801341 67430 7057448 742474492 0.00514382707713
207.443006619 88672 9362453 992676680 0.0042312255735
STEP_DONE 
0.050323978983 0 5 348 -2.03138609267
0.0763011640511 0 6 788 -0.606480751647
0.115687744753 0 17 1886 -0.901768836079
0.175405637024 0 37 4122 -0.893844120776
0.265949842531 2 109 9880 0.925092739841
0.403232871773 2 244 22272 -0.312095342003
0.611381256445 8 510 50954 0.63549111251
0.926975618552 12 1079 114952 0.181320003103
1.40547945874 32 2504 259668 0.336885798621
2.13098647839 68 5655 589494 0.25975229119
3.23099945918 150 12939 1334960 0.205492071206
4.89883798472 298 28675 3033510 0.0988480666649
7.42761300449 652 64933 6848364 0.0590453734804
11.2617390321 1390 144806 15377812 0.0191682033756
17.0750368861 2978 320953 34162340 -0.0120821095438
25.8891529834 6470 696932 74518208 -0.00699833429287
39.2531065478 13652 1471607 157300372 -0.00799772314674
59.5155188986 27078 2909421 310797232 -0.00548547249931
90.2373672122 47760 5113905 543225348 -0.00778074154043
136.817801341 66310 7020322 747125748 0.00520002122678
207.443006619 88034 9390641 1003905260 0.00231301011813
STEP_DONE 
0.050323978983 0 5 348 -2.05639590919
0.0763011640511 0 7 778 -0.913979546217
0.115687744753 0 15 1892 -0.686510216275
0.175405637024 0 35 4234 -0.758474358711
0.265949842531 2 106 10006 1.00770831348
0.403232871773 2 245 22354 -0.319301565677
0.611381256445 6 509 51336 0.213045104717
0.926975618552 12 1074 115758 0.199097758219
1.40547945874 32 2483 262096 0.365955119309
2.13098647839 62 5626 593408 0.165185079359
3.23099945918 152 12882 1343744 0.240368875217
4.89883798472 290 28663 3056586 0.0785236442402
7.42761300449 642 64821 6900274 0.0542241330796
11.2617390321 1346 144639 15496148 -0.00289817387058
17.0750368861 2910 320382 34418216 -0.0236581333918
25.8891529834 6466 696700 75048280 -9.98173237883e-05
39.2531065478 13514 1471051 158429138 -0.0102036815907
59.5155188986 26900 2910652 313022544 -0.00583571564789
90.2373672122 47452 5113706 547332642 -0.00668128158308
136.817801341 65902 7041405 754322262 0.00263478775086
207.443006619 87950 9472321 1021181630 0.00113480466031
STEP_DONE 
0.050323978983 0 5 334 -2.15642782757
0.0763011640511 0 6 788 -0.605452123467
0.115687744753 0 16 1878 -0.79637383499
0.175405637024 0 36 4178 -0.816796945848
0.265949842531 2 111 9920 0.881496898343
0.403232871773 2 255 22164 -0.422931841159
0.611381256445 8 512 50868 0.625698654601
0.926975618552 12 1080 114756 0.177864796021
1.40547945874 32 2458 259516 0.37341786752
2.13098647839 66 5612 588004 0.23514361331
3.23099945918 148 12877 1331340 0.196162204552
4.89883798472 310 28585 3027992 0.147396591277
7.42761300449 650 64826 6831084 0.0566380837976
11.2617390321 1376 144559 15341434 0.0100789193482
17.0750368861 2982 319936 34075326 -0.00704157675219
25.8891529834 6542 694621 74293726 0.00731550820182
39.2531065478 13588 1465313 156838928 -0.0070098307781
59.5155188986 26846 2894730 309890698 -0.00672843004304
90.2373672122 47362 5087657 541845606 -0.00827754332155
136.817801341 65256 6959908 745104686 0.00388055396483
207.443006619 86898 9318692 1002247518 0.00321597211209
STEP_DONE 
0.050323978983 0 5 346 -2.07529709547
0.0763011640511 0 6 800 -0.596079192547
0.115687744753 0 16 1880 -0.81115369367
0.175405637024 0 34 4198 -0.723572893333
0.265949842531 2 108 9984 0.966008277203
0.403232871773 2 245 22402 -0.316597622724
0.611381256445 6 515 51254 0.187089069119
0.926975618552 12 1089 115736 0.171513645848
1.40547945874 32 2478 262214 0.370598469109
2.13098647839 70 5663 593584 0.304899811614
3.23099945918 148 12871 1343238 0.208318744659
4.89883798472 296 28638 3054224 0.101856291155
7.42761300449 630 64879 6894456 0.0319724066845
11.2617390321 1346 144532 15485306 -0.00213785346117
17.0750368861 2942 320011 34397870 -0.0114623412174
25.8891529834 6390 694880 75025642 -0.00671831156126
39.2531065478 13490 1465555 158429708 -0.00455068885565
59.5155188986 26604 2895447 312995552 -0.00630498750879
90.2373672122 47220 5112386 546750698 -0.0120534667445
136.817801341 65690 7009475 752041132 0.00544984077797
207.443006619 87462 9403420 1013053928 0.00213110949342
STEP_DONE 
0.050323978983 0 4 348 -1.42667951738
0.0763011640511 0 7 792 -0.865969477383
0.115687744753 0 14 1874 -0.57721219433
0.175405637024 0 35 4138 -0.785703028138
0.265949842531 2 108 9892 0.947935957346
0.403232871773 2 251 22202 -0.382998711184
0.611381256445 8 504 50902 0.660901525743
0.926975618552 12 1083 114776 0.172929955783
1.40547945874 30 2493 259918 0.26117468327
2.13098647839 68 5621 589270 0.272004930942
3.23099945918 142 12865 1333484 0.149774055395
4.89883798472 300 28689 3032324 0.104995287658
7.42761300449 642 64794 6847496 0.0470158110452
11.2617390321 1368 144489 15373696 0.00732966441654
17.0750368861 2952 319721 34125688 -0.0140638230235
25.8891529834 6538 694227 74396056 0.00918350190684
39.2531065478 13586 1464999 156924160 -0.00623765778932
59.5155188986 26848 2893256 309296762 -0.00763851043496
90.2373672122 47350 5068775 538297018 -0.00781330699317
136.817801341 64718 6875763 734816202 0.00592277425873
207.443006619 86088 9225539 989592128 0.00117960311592
STEP_DONE 
0.050323978983 0 4 352 -1.39559217956
0.0763011640511 0 7 786 -0.877461555482
0.115687744753 0 16 1872 -0.801812921378
0.175405637024 0 34 4128 -0.73634006813
0.265949842531 0 103 9918 -1.1893171522
0.403232871773 2 256 22138 -0.434051286479
0.611381256445 8 509 50812 0.637489727965
0.926975618552 12 1079 114572 0.17832429226
1.40547945874 30 2484 259458 0.266377652265
2.13098647839 72 5592 587848 0.355428797045
3.23099945918 142 12863 1330842 0.14791222851
4.89883798472 300 28506 3024072 0.115008150319
7.42761300449 636 64690 6825592 0.0372706394158
11.2617390321 1360 144490 15314862 -0.00229752186129
17.0750368861 2954 319418 33988928 -0.0155352163592
25.8891529834 6466 692847 74044922 -0.00237064247082
39.2531065478 13550 1460528 156043376 -0.00837715672553
59.5155188986 26752 2878998 307041704 -0.00866183239809
90.2373672122 47228 5021554 532382692 -0.00281378521942
136.817801341 64734 6818014 723970178 0.00811256145778
207.443006619 86980 9253478 986161152 0.00182697377935
STEP_DONE 
0.050323978983 0 4 340 -1.46070515163
0.0763011640511 0 7 778 -0.881901754778
0.115687744753 0 17 1878 -0.89335407034
0.175405637024 0 34 4086 -0.740440011796
0.265949842531 2 106 9856 0.969864690802
0.403232871773 2 248 22056 -0.360070946118
0.611381256445 8 514 50224 0.601536141292
0.926975618552 10 1085 113506 -0.0357939982486
1.40547945874 32 2487 257012 0.337782949478
2.13098647839 66 5635 582518 0.215859018411
3.23099945918 140 12801 1317726 0.130107034165
4.89883798472 308 28401 2993464 0.140873360955
7.42761300449 654 64497 6760120 0.0625299260174
11.2617390321 1384 143739 15171742 0.0160870146294
17.0750368861 2962 318265 33673028 -0.0148473364292
25.8891529834 6538 690428 73362280 0.00624723820414
39.2531065478 13554 1454518 154604636 -0.00894260669986
59.5155188986 26760 2863690 304218058 -0.00683013330748
90.2373672122 47124 5000072 526637242 -0.007184712516
136.817801341 64924 6787483 711466504 0.00262670886434
207.443006619 87022 9125947 958383828 0.00141729783575
STEP_DONE 
0.050323978983 0 5 338 -2.09548311221
0.0763011640511 0 7 778 -0.882753995753
0.115687744753 0 16 1870 -0.790414189391
0.175405637024 0 35 4108 -0.782841539308
0.265949842531 2 108 9854 0.928379634904
0.403232871773 2 245 22086 -0.32996628074
0.611381256445 8 510 50306 0.619432042606
0.926975618552 8 1080 113992 -0.21429580097
1.40547945874 26 2471 257960 0.0988935009053
2.13098647839 70 5621 584502 0.298652572951
3.23099945918 144 12852 1323620 0.159131445918
4.89883798472 288 28628 3006060 0.0559597971343
7.42761300449 646 64785 6784898 0.0442185208302
11.2617390321 1358 144538 15227056 -0.0100041315077
17.0750368861 3004 320331 33791750 -0.0104931653792
25.8891529834 6608 695176 73619004 0.00661727940205
39.2531065478 13668 1464678 155193310 -0.0107959282477
59.5155188986 27020 2884206 305405808 -0.00767205221221
90.2373672122 47850 5051497 528962292 -0.00808918549543
136.817801341 65676 6838693 714302724 0.00311004964006
207.443006619 86354 9076540 955882066 0.00196728557448
STEP_DONE 
0.050323978983 0 5 342 -2.06860902256
0.0763011640511 0 6 802 -0.570270751692
0.115687744753 0 17 1880 -0.897967325228
0.175405637024 0 36 4146 -0.822513954931
0.265949842531 2 106 9874 0.977604099924
0.403232871773 2 251 22132 -0.385125673372
0.611381256445 8 508 50708 0.634859421208
0.926975618552 12 1089 114402 0.157284951401
1.40547945874 32 2473 258690 0.355889505286
2.13098647839 70 5656 586104 0.289901964315
3.23099945918 148 12877 1326880 0.191520788102
4.89883798472 306 28622 3014714 0.125175728459
7.42761300449 652 64906 6805182 0.0533186453293
11.2617390321 1370 144592 15278106 0.00118597369073
17.0750368861 2958 319945 33917108 -0.0194114778127
25.8891529834 6558 694065 73918032 0.00631696238793
39.2531065478 13610 1463970 155837162 -0.00989820073929
59.5155188986 27032 2886833 306866428 -0.00435183116611
90.2373672122 47642 5056536 531731940 -0.00918062973241
136.817801341 66044 6874969 719197116 0.00498128299081
207.443006619 87254 9186573 967270534 7.0789490883e-05
STEP_DONE 
0.050323978983 0 5 352 -1.96987489413
0.0763011640511 0 7 774 -0.890897090215
0.115687744753 0 16 1874 -0.785094493461
0.175405637024 0 35 4114 -0.778748599691
0.265949842531 2 109 9826 0.905090819295
0.403232871773 2 256 21938 -0.443487050504
0.611381256445 6 513 50304 0.171309187291
0.926975618552 12 1094 113674 0.141489607314
1.40547945874 32 2480 257630 0.344783109622
2.13098647839 72 5624 583066 0.3328243779
3.23099945918 142 12886 1319500 0.134260239242
4.89883798472 308 28611 3000384 0.128118799546
7.42761300449 652 64769 6772528 0.0525767490614
11.2617390321 1392 144330 15202604 0.0157021775227
17.0750368861 2982 319335 33734992 -0.0131152802501
25.8891529834 6554 694103 73504598 0.000104352824734
39.2531065478 13658 1463131 154941960 -0.0110135674207
59.5155188986 27122 2886489 305210490 -0.00619501968954
90.2373672122 47794 5053353 530020038 -0.0079485644326
136.817801341 65990 6883350 720530898 0.00352399486615
207.443006619 88288 9255917 969733194 -0.000648271278295
STEP_DONE 
0.050323978983 0 5 338 -2.09644786651
0.0763011640511 0 6 788 -0.593806160734
0.115687744753 0 16 1898 -0.764551112973
0.175405637024 0 35 4148 -0.766199530418
0.265949842531 2 109 9914 0.90836581984
0.403232871773 2 248 21960 -0.366298906877
0.611381256445 8 514 50574 0.605315075751
0.926975618552 12 1075 113876 0.178277817323
1.40547945874 32 2483 258058 0.344245214671
2.13098647839 72 5646 584748 0.327653225795
3.23099945918 140 12861 1323642 0.12472967877
4.89883798472 290 28618 3009072 0.0649135509791
7.42761300449 650 64775 6793800 0.0522552526979
11.2617390321 1374 144641 15257072 0.00204647513786
17.0750368861 2998 320204 33874758 -0.00918392131446
25.8891529834 6550 694746 73824782 0.00199645162162
39.2531065478 13650 1464431 155746658 -0.00815309006508
59.5155188986 27024 2891680 307157712 -0.006887430377
90.2373672122 48006 5083664 535179254 -0.00577230150404
136.817801341 66434 6958453 731364316 0.0034457203272
207.443006619 87374 9208880 973202552 0.00274325752533
STEP_DONE 
0.050323978983 0 5 350 -2.03799911269
0.0763011640511 0 7 790 -0.884328563566
0.115687744753 0 16 1892 -0.798392709414
0.175405637024 0 34 4206 -0.719077006229
0.265949842531 2 111 9944 0.900127864613
0.403232871773 2 252 22396 -0.383201453676
0.611381256445 8 511 51182 0.644001213402
0.926975618552 10 1092 115566 -0.0311339772717
1.40547945874 28 2493 262040 0.184889784472
2.13098647839 66 5647 593412 0.233769189464
3.23099945918 142 12858 1342490 0.159084510586
4.89883798472 304 28629 3053632 0.131788498443
7.42761300449 638 64849 6893996 0.0459065297565
11.2617390321 1364 144611 15479776 0.0095788655676
17.0750368861 2976 320494 34379948 -0.00376512325372
25.8891529834 6494 695811 74987704 0.00584293801082
39.2531065478 13542 1470073 158288072 -0.00777610876063
59.5155188986 26838 2908521 312616804 -0.00792341065512
90.2373672122 47466 5116446 545987928 -0.00992990387665
136.817801341 66290 7037828 751288090 0.00546114637731
207.443006619 88192 9456145 1016971372 0.00308013549121
STEP_DONE 
0.050323978983 0 5 344 -2.07173551928
0.0763011640511 0 7 794 -0.863158471142
0.115687744753 0 16 1868 -0.810153350978
0.175405637024 0 37 4158 -0.880569970632
0.265949842531 2 109 9938 0.929137394642
0.403232871773 2 252 22246 -0.390146332148
0.611381256445 8 504 50850 0.661991391512
0.926975618552 12 1099 114846 0.144335457128
1.40547945874 32 2469 260148 0.367721878106
2.13098647839 72 5636 589884 0.343669969394
3.23099945918 148 12870 1334816 0.200362829158
4.89883798472 296 28531 3034816 0.102227584318
7.42761300449 640 64600 6851956 0.0504546990943
11.2617390321 1348 144146 15380454 -0.0020405827398
17.0750368861 2952 319008 34155658 -0.00881226340952
25.8891529834 6464 692438 74481686 0.00429459598307
39.2531065478 13562 1463871 157235368 -0.0044753050646
59.5155188986 26790 2894789 310461730 -0.00702680627654
90.2373672122 47426 5106006 543824286 -0.0105048815485
136.817801341 67040 7111531 758309758 0.00519252855668
207.443006619 92238 9837516 1050763026 0.00156653236609
STEP_DONE 
0.050323978983 0 4 350 -1.4201242236
0.0763011640511 0 7 778 -0.905303453672
0.115687744753 0 17 1874 -0.920989745255
0.175405637024 0 36 4164 -0.830785615838
0.265949842531 2 110 9958 0.912395791056
0.403232871773 2 247 22316 -0.339111034374
0.611381256445 6 505 51038 0.222633325916
0.926975618552 12 1098 115428 0.151112059937
1.40547945874 28 2479 261044 0.19149057439
2.13098647839 68 5616 591948 0.278781711341
3.23099945918 136 12885 1339544 0.101270160248
4.89883798472 296 28703 3048584 0.0947223484466
7.42761300449 642 65070 6885452 0.0440668370026
11.2617390321 1374 144924 15474764 0.012212623635
17.0750368861 2984 321136 34412788 -0.00402820785543
25.8891529834 6546 700847 75200568 0.00230876658854
39.2531065478 13718 1484547 159210104 -0.00861086679741
59.5155188986 27398 2947615 315909096 -0.00357881308094
90.2373672122 48650 5230246 556761384 -0.00970098394334
136.817801341 68956 7317962 779411340 0.00358740036186
207.443006619 93422 9954415 1063122994 0.00234243877556
STEP_DONE 
0.050323978983 0 5 352 -2.01323845991
0.0763011640511 0 7 794 -0.870181250684
0.115687744753 0 17 1912 -0.886110768211
0.175405637024 0 34 4204 -0.715625018468
0.265949842531 2 106 9982 1.00140246379
0.403232871773 2 248 22310 -0.349562655421
0.611381256445 8 517 51136 0.615294953255
0.926975618552 8 1090 115492 -0.222802498462
1.40547945874 28 2470 261598 0.201193632056
2.13098647839 70 5638 593050 0.311187095061
3.23099945918 146 12862 1342260 0.190959762925
4.89883798472 312 28671 3052642 0.157438781274
7.42761300449 644 64940 6893194 0.0525648242954
11.2617390321 1348 144982 15478938 -0.00719613394696
17.0750368861 3000 321358 34380608 -0.00115524858505
25.8891529834 6554 699259 75003764 0.00534679806451
39.2531065478 13642 1475236 158382328 -0.00688198314712
59.5155188986 26942 2916717 313094214 -0.00810425096725
90.2373672122 47854 5151213 549132922 -0.0095548224255
136.817801341 67918 7200744 766803934 0.00439872581687
207.443006619 92858 9901956 1058545866 0.00252827787279
STEP_DONE 
0.050323978983 0 5 348 -2.01367173556
0.0763011640511 0 7 806 -0.821663609882
0.115687744753 0 16 1858 -0.806256644091
0.175405637024 0 35 4180 -0.756292906178
0.265949842531 2 109 9848 0.912158579946
0.403232871773 0 249 22158 -1.35707810479
0.611381256445 8 511 50466 0.619711970863
0.926975618552 12 1075 114344 0.182328958626
1.40547945874 28 2467 258984 0.191119592539
2.13098647839 70 5622 586992 0.302719225194
3.23099945918 146 12891 1328252 0.173301670366
4.89883798472 312 28663 3019842 0.145503945713
7.42761300449 648 65037 6815908 0.0442497041711
11.2617390321 1386 145211 15306196 0.00604187568259
17.0750368861 3026 321167 33997566 -0.002498808039
25.8891529834 6576 697486 74157910 0.00253637270366
39.2531065478 13724 1470888 156606866 -0.00616117046189
59.5155188986 27146 2909682 309681136 -0.00662703994311
90.2373672122 48184 5134264 541968674 -0.00918651401817
136.817801341 67268 7064528 746054166 0.00554164708075
207.443006619 88330 9368430 997698702 0.00420098215541
STEP_DONE 
0.050323978983 0 5 340 -2.08755023749
0.0763011640511 0 7 790 -0.860346725371
0.115687744753 0 14 1886 -0.558508921573
0.175405637024 0 33 4108 -0.686578075199
0.265949842531 2 107 9900 0.957091206907
0.403232871773 2 246 22040 -0.343390285678
0.611381256445 8 507 50612 0.638712003433
0.926975618552 12 1084 114396 0.166507637963
1.40547945874 32 2487 258650 0.344633093596
2.13098647839 66 5609 585958 0.231512324328
3.23099945918 150 12879 1326574 0.207753460524
4.89883798472 300 28659 3017904 0.101687070905
7.42761300449 654 64936 6813410 0.0568036285362
11.2617390321 1402 145037 15302400 0.0197079891975
17.0750368861 3004 320943 33982802 -0.00870643591073
25.8891529834 6528 696102 74104352 -0.00142188385172
39.2531065478 13632 1468927 156454892 -0.0110269520299
59.5155188986 27056 2903899 309280496 -0.00725213417287
90.2373672122 48124 5122480 541477230 -0.00678367985627
136.817801341 66936 7048769 745953520 0.00493652844513
207.443006619 88890 9412009 999988558 0.00348266565346
STEP_DONE 
0.050323978983 0 5 358 -1.95395398869
0.0763011640511 0 6 792 -0.60229625447
0.115687744753 0 17 1886 -0.906443687715
0.175405637024 0 35 4160 -0.779473244147
0.265949842531 2 110 9930 0.909510596396
0.403232871773 2 240 22240 -0.276706992109
0.611381256445 8 517 50882 0.6092925152
0.926975618552 12 1091 115214 0.162001170205
1.40547945874 32 2480 260812 0.360998755926
2.13098647839 64 5615 591048 0.201667344953
3.23099945918 142 12804 1336988 0.162263046834
4.89883798472 312 28620 3040494 0.156715679953
7.42761300449 656 64844 6867802 0.0712599262025
11.2617390321 1370 144612 15422154 0.010213388664
17.0750368861 2912 320378 34263616 -0.0271801904354
25.8891529834 6490 695771 74754816 0.00237169712187
39.2531065478 13508 1468986 157851340 -0.0112670347962
59.5155188986 27006 2909453 312040744 -0.00416274459878
90.2373672122 47878 5133302 545722436 -0.00833480214995
136.817801341 66634 7059069 750816632 0.00398990414588
207.443006619 89244 9479812 1010551036 0.00355439418505
STEP_DONE 
0.050323978983 0 4 342 -1.45939278676
0.0763011640511 0 6 754 -0.673300397357
0.115687744753 0 17 1876 -0.905505018952
0.175405637024 0 35 4076 -0.805626328355
0.265949842531 2 108 9760 0.938360979352
0.403232871773 2 248 21848 -0.374978419033
0.611381256445 8 501 50168 0.662821417804
0.926975618552 12 1061 113152 0.200593631232
1.40547945874 30 2451 256092 0.282425691476
2.13098647839 68 5608 580902 0.263984868672
3.23099945918 150 12741 1313306 0.222557159138
4.89883798472 292 28465 2988986 0.0773680565533
7.42761300449 646 64307 6750210 0.0546475111436
11.2617390321 1364 143517 15155206 0.00360798651652
17.0750368861 2948 317878 33661270 -0.0176366389579
25.8891529834 6522 690260 73395660 0.00469674273997
39.2531065478 13622 1458487 154949898 -0.007469473803
59.5155188986 26990 2882262 306250900 -0.00480744047646
90.2373672122 47536 5074551 535893414 -0.0106366921659
136.817801341 66298 6980630 738004840 0.004070289811
207.443006619 86938 9212641 979977184 0.00386978779948
STEP_DONE 
