#Theta DD DR RR XI factor=105.910228109 jknum= 20
0.050323978983 0 5 346 -2.04359214303
0.0763011640511 0 7 790 -0.866222827952
0.115687744753 0 17 1852 -0.93330550597
0.175405637024 0 37 4142 -0.881413163449
0.265949842531 2 110 9902 0.90020679791
0.403232871773 2 251 22110 -0.387837609454
0.611381256445 8 524 50688 0.57298765867
0.926975618552 12 1092 114884 0.156407552984
1.40547945874 28 2478 259696 0.186000244184
2.13098647839 66 5631 588658 0.228664530771
3.23099945918 150 12905 1332406 0.208550858975
4.89883798472 304 28675 3029672 0.119336906017
7.42761300449 636 64981 6843910 0.0308258973607
11.2617390321 1364 145286 15372610 -0.00653722496777
17.0750368861 2936 321510 34149020 -0.0294754655427
25.8891529834 6608 700040 74472160 0.00421318868331
39.2531065478 13858 1479242 157246942 -0.00396193691629
59.5155188986 27340 2923790 310727760 -0.00603349890194
90.2373672122 48184 5148334 543369966 -0.0121498773433
136.817801341 67594 7094626 747968294 0.00445045619286
207.443006619 88880 9407830 1000062762 0.00428213219057
STEP_DONE 
0.050323978983 0 5 354 -1.99542245971
0.0763011640511 0 6 796 -0.598562136788
0.115687744753 0 17 1894 -0.903532456442
0.175405637024 0 38 4146 -0.943773416689
0.265949842531 2 109 9958 0.936917214936
0.403232871773 2 245 22430 -0.313887746486
0.611381256445 8 511 51336 0.641218506395
0.926975618552 12 1080 115806 0.187318377591
1.40547945874 32 2510 261638 0.340688274825
2.13098647839 68 5668 593716 0.26319822876
3.23099945918 150 12969 1344768 0.208930245759
4.89883798472 298 28746 3056084 0.101592811563
7.42761300449 652 65116 6899784 0.0610697778671
11.2617390321 1390 145235 15494820 0.0208586994413
17.0750368861 2980 322271 34421464 -0.0121200204849
25.8891529834 6484 700875 75078254 -0.00871148170064
39.2531065478 13694 1480384 158472900 -0.00949621041222
59.5155188986 27152 2924918 313077286 -0.00616132827826
90.2373672122 47874 5138724 547152490 -0.00794939150426
136.817801341 66474 7057500 752619550 0.00442541695469
207.443006619 88242 9436018 1011291342 0.00231042490736
STEP_DONE 
0.050323978983 0 5 354 -2.01995124876
0.0763011640511 0 7 786 -0.904183001125
0.115687744753 0 15 1900 -0.687993803253
0.175405637024 0 36 4258 -0.807715298928
0.265949842531 2 106 10084 1.01921586648
0.403232871773 2 246 22512 -0.321072493787
0.611381256445 6 510 51718 0.217473782775
0.926975618552 12 1075 116612 0.205046890821
1.40547945874 32 2489 264066 0.369653851197
2.13098647839 62 5639 597630 0.16822453744
3.23099945918 152 12912 1353552 0.243806663893
4.89883798472 290 28734 3079160 0.0811475073287
7.42761300449 642 65004 6951694 0.0561604039685
11.2617390321 1346 145068 15613156 -0.00133439399883
17.0750368861 2912 321700 34677340 -0.0237921985712
25.8891529834 6480 700643 75608326 -0.0018296115479
39.2531065478 13556 1479828 159601666 -0.0117371195687
59.5155188986 26974 2926149 315302598 -0.0065341672728
90.2373672122 47566 5138525 551259784 -0.00687849190757
136.817801341 66066 7078583 759816064 0.00183110248767
207.443006619 88158 9517698 1028567712 0.00108690055901
STEP_DONE 
0.050323978983 0 5 340 -2.11678133686
0.0763011640511 0 6 796 -0.597546212861
0.115687744753 0 16 1886 -0.798015956787
0.175405637024 0 37 4202 -0.866211766666
0.265949842531 2 111 9998 0.893384272286
0.403232871773 2 256 22322 -0.424487412736
0.611381256445 8 513 51250 0.631459234824
0.926975618552 12 1081 115610 0.183883456447
1.40547945874 32 2464 261486 0.377134520416
2.13098647839 66 5625 592226 0.238458540581
3.23099945918 148 12907 1341148 0.199551737225
4.89883798472 310 28656 3050566 0.15026941981
7.42761300449 650 65009 6882504 0.058665785521
11.2617390321 1376 144988 15458442 0.0117522900292
17.0750368861 2984 321254 34334450 -0.00707394505142
25.8891529834 6556 698564 74853772 0.00563283914592
39.2531065478 13630 1474090 158011456 -0.00852600673417
59.5155188986 26920 2910227 312170752 -0.00743468237221
90.2373672122 47476 5112476 545772748 -0.00847802712617
136.817801341 65420 6997086 750598488 0.00303639818033
207.443006619 87106 9364069 1009633600 0.0031514061023
STEP_DONE 
0.050323978983 0 5 352 -2.03832036476
0.0763011640511 0 6 808 -0.588349656035
0.115687744753 0 16 1888 -0.812692827791
0.175405637024 0 35 4222 -0.77319312619
0.265949842531 2 108 10062 0.977655249171
0.403232871773 2 246 22560 -0.318383106852
0.611381256445 6 516 51636 0.191593706814
0.926975618552 12 1090 116590 0.177529767362
1.40547945874 32 2484 264184 0.374284483894
2.13098647839 70 5676 597806 0.30843903896
3.23099945918 148 12901 1353046 0.211658948667
4.89883798472 296 28709 3076798 0.104548240661
7.42761300449 630 65062 6945876 0.0338675168104
11.2617390321 1346 144961 15602314 -0.000569561209288
17.0750368861 2944 321329 34656994 -0.0115677085738
25.8891529834 6404 698823 75585688 -0.00848879253331
39.2531065478 13532 1474332 159602236 -0.00610397784297
59.5155188986 26678 2910944 315275606 -0.0070546269507
90.2373672122 47334 5137205 550677840 -0.0122567685033
136.817801341 65854 7046653 757534934 0.00463851642289
207.443006619 87670 9448797 1020440010 0.00209563992155
STEP_DONE 
0.050323978983 0 4 354 -1.39787840197
0.0763011640511 0 7 800 -0.856857087529
0.115687744753 0 14 1882 -0.578624516497
0.175405637024 0 36 4162 -0.835569579215
0.265949842531 2 108 9970 0.959688599236
0.403232871773 2 252 22360 -0.384636271037
0.611381256445 8 505 51284 0.666579984431
0.926975618552 12 1084 115630 0.178967707236
1.40547945874 30 2499 261888 0.264711908558
2.13098647839 68 5634 593492 0.275432237141
3.23099945918 142 12895 1343292 0.15299979283
4.89883798472 300 28760 3054898 0.107770074044
7.42761300449 642 64977 6898916 0.0489879661347
11.2617390321 1368 144918 15490704 0.00897121957365
17.0750368861 2954 321039 34384812 -0.0141329434179
25.8891529834 6552 698170 74956102 0.00749280445976
39.2531065478 13628 1473776 158096688 -0.00775260766533
59.5155188986 26922 2908753 311576816 -0.00832732818548
90.2373672122 47464 5093594 542224160 -0.00797636037272
136.817801341 64882 6912941 740310004 0.00509769014365
207.443006619 86296 9270916 996978210 0.00114408303055
STEP_DONE 
0.050323978983 0 4 358 -1.3676419042
0.0763011640511 0 7 794 -0.868170847585
0.115687744753 0 16 1880 -0.803437875966
0.175405637024 0 35 4152 -0.78628089232
0.265949842531 0 103 9996 -1.18348408302
0.403232871773 2 257 22296 -0.435579169197
0.611381256445 8 510 51194 0.643230724207
0.926975618552 12 1080 115426 0.184356957344
1.40547945874 30 2490 261428 0.269909095374
2.13098647839 72 5605 592070 0.359091785723
3.23099945918 142 12893 1340650 0.151149782923
4.89883798472 300 28577 3046646 0.117773159119
7.42761300449 636 64873 6877012 0.0392305863057
11.2617390321 1360 144919 15431870 -0.000642952649052
17.0750368861 2956 320736 34248052 -0.01558180347
25.8891529834 6480 696790 74604968 -0.00407835043074
39.2531065478 13592 1469305 157215904 -0.00988621449008
59.5155188986 26826 2894495 309321758 -0.00934073140693
90.2373672122 47342 5046373 536309834 -0.00295299414793
136.817801341 64898 6855192 729463980 0.00734107374826
207.443006619 87188 9298855 993547234 0.00185196117487
STEP_DONE 
0.050323978983 0 4 346 -1.43070076071
0.0763011640511 0 7 786 -0.872505484239
0.115687744753 0 17 1886 -0.895199081988
0.175405637024 0 35 4110 -0.790497944783
0.265949842531 2 106 9934 0.981539834215
0.403232871773 2 249 22214 -0.361750983459
0.611381256445 8 515 50606 0.607422159713
0.926975618552 10 1086 114360 -0.0302469291734
1.40547945874 32 2493 258982 0.341622744498
2.13098647839 66 5648 586740 0.219243238161
3.23099945918 140 12831 1327534 0.133332956304
4.89883798472 308 28472 3016038 0.143768663743
7.42761300449 654 64680 6811540 0.0646139624882
11.2617390321 1384 144168 15288750 0.0178161770484
17.0750368861 2964 319583 33932152 -0.0148610467861
25.8891529834 6552 694371 73922326 0.0045816235963
39.2531065478 13596 1463295 155777164 -0.0104494984233
59.5155188986 26834 2879187 306498112 -0.00750940987602
90.2373672122 47238 5024891 530564384 -0.00731220227374
136.817801341 65088 6824661 716960306 0.00192508251231
207.443006619 87230 9171324 965769910 0.0015541310694
STEP_DONE 
0.050323978983 0 5 344 -2.05741447949
0.0763011640511 0 7 786 -0.873347090742
0.115687744753 0 16 1878 -0.792120265721
0.175405637024 0 36 4132 -0.832672841918
0.265949842531 2 108 9932 0.940170473414
0.403232871773 2 246 22244 -0.331709354978
0.611381256445 8 511 50688 0.625265021087
0.926975618552 8 1081 114846 -0.209394605288
1.40547945874 26 2477 259930 0.101948125167
2.13098647839 70 5634 588724 0.302241703334
3.23099945918 144 12882 1333428 0.162435446803
4.89883798472 288 28699 3028634 0.0586377736313
7.42761300449 646 64968 6836318 0.0462544061614
11.2617390321 1358 144967 15344064 -0.00833199143424
17.0750368861 3006 321649 34050874 -0.0104632036599
25.8891529834 6622 699119 74179050 0.00499439317239
39.2531065478 13710 1473455 156365838 -0.0122687446719
59.5155188986 27094 2899703 307685862 -0.00831622746529
90.2373672122 47964 5076316 532889434 -0.00815627803534
136.817801341 65840 6875871 719796526 0.00245166948218
207.443006619 86562 9121917 963268148 0.00207912973386
STEP_DONE 
0.050323978983 0 5 348 -2.03141999875
0.0763011640511 0 6 810 -0.56286542158
0.115687744753 0 17 1888 -0.899775499219
0.175405637024 0 37 4170 -0.872065415058
0.265949842531 2 106 9952 0.989260192684
0.403232871773 2 252 22290 -0.386763572084
0.611381256445 8 509 51090 0.640606557795
0.926975618552 12 1090 115256 0.163346662533
1.40547945874 32 2479 260660 0.359653148214
2.13098647839 70 5669 590326 0.293502076137
3.23099945918 148 12907 1336688 0.194923841917
4.89883798472 306 28693 3037288 0.12803337709
7.42761300449 652 65089 6856602 0.0553768974555
11.2617390321 1370 145021 15395114 0.00286662112922
17.0750368861 2960 321263 34176232 -0.0194463386941
25.8891529834 6572 698008 74478078 0.00465176712152
39.2531065478 13652 1472747 157009690 -0.0113962772548
59.5155188986 27106 2902330 309146482 -0.00500742798545
90.2373672122 47756 5081355 535659082 -0.00927835369878
136.817801341 66208 6912147 724690918 0.00433086326174
207.443006619 87462 9231950 974656616 0.000194075838465
STEP_DONE 
0.050323978983 0 5 358 -1.93540583931
0.0763011640511 0 7 782 -0.881362412611
0.115687744753 0 16 1882 -0.78682302312
0.175405637024 0 36 4138 -0.828492530547
0.265949842531 2 109 9904 0.916972555555
0.403232871773 2 257 22096 -0.444977027868
0.611381256445 6 514 50686 0.175913520636
0.926975618552 12 1095 114528 0.147623083627
1.40547945874 32 2486 259600 0.348587233965
2.13098647839 72 5637 587288 0.33655580964
3.23099945918 142 12916 1329308 0.137551382937
4.89883798472 308 28682 3022958 0.131024222699
7.42761300449 652 64952 6823948 0.0546526877088
11.2617390321 1392 144759 15319612 0.0174467813524
17.0750368861 2984 320653 33994116 -0.0131103523794
25.8891529834 6568 698046 74064644 -0.00154239880907
39.2531065478 13700 1471908 156114488 -0.0124872163085
59.5155188986 27196 2901986 307490544 -0.00682470218756
90.2373672122 47908 5078172 533947180 -0.00803683678895
136.817801341 66154 6920528 726024700 0.00284655007957
207.443006619 88496 9301294 977119276 -0.000496355971857
STEP_DONE 
0.050323978983 0 5 344 -2.05836020392
0.0763011640511 0 6 796 -0.586044085649
0.115687744753 0 16 1906 -0.766339408432
0.175405637024 0 36 4172 -0.815663123936
0.265949842531 2 109 9992 0.920138067757
0.403232871773 2 249 22118 -0.367940406506
0.611381256445 8 515 50956 0.611140570528
0.926975618552 12 1076 114730 0.184318928107
1.40547945874 32 2489 260028 0.348043297478
2.13098647839 72 5659 588970 0.331379125945
3.23099945918 140 12891 1333450 0.127936628637
4.89883798472 290 28689 3031646 0.0676034183484
7.42761300449 650 64958 6845220 0.0542984433459
11.2617390321 1374 145070 15374080 0.00373726854373
17.0750368861 3000 321522 34133882 -0.00917904781846
25.8891529834 6564 698689 74384828 0.000330571586079
39.2531065478 13692 1473208 156919186 -0.00965059076544
59.5155188986 27098 2907177 309437766 -0.00755719199526
90.2373672122 48120 5108483 539106396 -0.0058859660286
136.817801341 66598 6995631 736858118 0.00274170616388
207.443006619 87582 9254257 980588634 0.0028205983385
STEP_DONE 
0.050323978983 0 5 356 -2.00207138443
0.0763011640511 0 7 798 -0.874977917295
0.115687744753 0 16 1900 -0.799978800603
0.175405637024 0 35 4230 -0.768596191491
0.265949842531 2 111 10022 0.911995867831
0.403232871773 2 253 22554 -0.384859445676
0.611381256445 8 512 51564 0.649702535388
0.926975618552 10 1093 116420 -0.0256487947648
1.40547945874 28 2499 264010 0.188140393142
2.13098647839 66 5660 597634 0.237059843799
3.23099945918 142 12888 1352298 0.162274852488
4.89883798472 304 28700 3076206 0.134561927721
7.42761300449 638 65032 6945416 0.047833496102
11.2617390321 1364 145040 15596784 0.0111851557384
17.0750368861 2978 321812 34639072 -0.00383171514355
25.8891529834 6508 699754 75547750 0.00412252912841
39.2531065478 13584 1478850 159460600 -0.00930300718088
59.5155188986 26912 2924018 314896858 -0.0086245910695
90.2373672122 47580 5141265 549915070 -0.0101084407038
136.817801341 66454 7075006 756781892 0.00469690256638
207.443006619 88400 9501522 1024357454 0.00306098544504
STEP_DONE 
0.050323978983 0 5 350 -2.03465751909
0.0763011640511 0 7 802 -0.854092499194
0.115687744753 0 16 1876 -0.811735832291
0.175405637024 0 38 4182 -0.930222142701
0.265949842531 2 109 10016 0.940891719433
0.403232871773 2 253 22404 -0.391777197401
0.611381256445 8 505 51232 0.667678209521
0.926975618552 12 1100 115700 0.150439248273
1.40547945874 32 2475 262118 0.371443846427
2.13098647839 72 5649 594106 0.347342186742
3.23099945918 148 12900 1344624 0.20373463278
4.89883798472 296 28602 3057390 0.104931731948
7.42761300449 640 64783 6903376 0.0524021004013
11.2617390321 1348 144575 15497462 -0.000449592420691
17.0750368861 2954 320326 34414782 -0.00889502089758
25.8891529834 6478 696381 75041732 0.00255756280944
39.2531065478 13604 1472648 158407896 -0.00600579502885
59.5155188986 26864 2910286 312741784 -0.00773941277963
90.2373672122 47540 5130825 547751428 -0.0106999127952
136.817801341 67204 7148709 763803560 0.00441704996064
207.443006619 92446 9882893 1058149108 0.00157597794528
STEP_DONE 
0.050323978983 0 4 354 -1.40141439868
0.0763011640511 0 7 786 -0.89271783713
0.115687744753 0 17 1890 -0.91160209673
0.175405637024 0 36 4186 -0.827736807025
0.265949842531 2 111 10004 0.899358307342
0.403232871773 2 247 22452 -0.332186139137
0.611381256445 6 505 51366 0.229552847081
0.926975618552 12 1101 116122 0.151845750388
1.40547945874 28 2482 262620 0.195343710905
2.13098647839 68 5630 595396 0.280010973799
3.23099945918 138 12915 1347124 0.11923263109
4.89883798472 296 28788 3066008 0.0946467070013
7.42761300449 646 65321 6924712 0.0486399243551
11.2617390321 1376 145508 15562368 0.0112891327729
17.0750368861 2986 322824 34607778 -0.00818662523458
25.8891529834 6564 703764 75628446 0.00237799028942
39.2531065478 13758 1490588 160137414 -0.00810764295961
59.5155188986 27450 2960490 317765504 -0.00457871244975
90.2373672122 48788 5252453 559825968 -0.00991600250022
136.817801341 69104 7346422 783567188 0.00328216293326
207.443006619 93636 9994597 1069101408 0.00216168858326
STEP_DONE 
0.050323978983 0 5 352 -2.01655693261
0.0763011640511 0 7 796 -0.867536754259
0.115687744753 0 17 1912 -0.888187937734
0.175405637024 0 35 4210 -0.765509805689
0.265949842531 2 106 10040 1.0038666622
0.403232871773 2 248 22382 -0.345594453372
0.611381256445 8 517 51256 0.617708826381
0.926975618552 8 1089 115834 -0.21784488322
1.40547945874 28 2477 262396 0.19840412674
2.13098647839 70 5649 594788 0.309975707443
3.23099945918 146 12902 1346360 0.187570897875
4.89883798472 312 28709 3062282 0.15779460355
7.42761300449 644 65049 6916264 0.0524932175302
11.2617390321 1348 145103 15533636 -0.00533273570374
17.0750368861 2994 321829 34507104 -0.00236450988571
25.8891529834 6560 701293 75283666 0.00419427057359
39.2531065478 13674 1479314 158922454 -0.00667944483347
59.5155188986 27022 2924763 314102180 -0.00748028892317
90.2373672122 47944 5164488 550830338 -0.00975049184519
136.817801341 68058 7217958 768954890 0.004484480681
207.443006619 93062 9912928 1058933482 0.00285457829994
STEP_DONE 
0.050323978983 0 5 354 -1.98977711843
0.0763011640511 0 7 810 -0.829300666533
0.115687744753 0 16 1876 -0.80534089539
0.175405637024 0 35 4204 -0.76229012832
0.265949842531 2 109 9962 0.932815004533
0.403232871773 0 250 22398 -1.3626687649
0.611381256445 8 513 51060 0.628353767368
0.926975618552 12 1080 115676 0.185744222981
1.40547945874 28 2475 261892 0.197184756643
2.13098647839 70 5642 593490 0.308905211071
3.23099945918 148 12925 1342850 0.197183061888
4.89883798472 312 28733 3053164 0.15262963127
7.42761300449 650 65248 6892094 0.0524880523723
11.2617390321 1384 145812 15482118 0.00777319102055
17.0750368861 3028 323101 34392802 -0.00236189009167
25.8891529834 6584 703040 75018102 -0.000622763155245
39.2531065478 13768 1482067 158407176 -0.00685627166112
59.5155188986 27222 2930968 313230844 -0.00719135848206
90.2373672122 48276 5167385 548069222 -0.00906777063301
136.817801341 67410 7111555 754472128 0.00560924226098
207.443006619 88586 9451577 1010798720 0.00241285776322
STEP_DONE 
0.050323978983 0 5 344 -2.06180534289
0.0763011640511 0 7 798 -0.847826382377
0.115687744753 0 14 1884 -0.565356107364
0.175405637024 0 34 4136 -0.731667083679
0.265949842531 2 107 9956 0.964583172885
0.403232871773 2 248 22164 -0.356008446178
0.611381256445 8 508 50900 0.641205966006
0.926975618552 12 1082 114986 0.175528925916
1.40547945874 32 2488 260128 0.349905154452
2.13098647839 68 5622 589318 0.270474145527
3.23099945918 148 12911 1334430 0.192254665005
4.89883798472 300 28719 3035656 0.103441131807
7.42761300449 654 65042 6852058 0.0592557386278
11.2617390321 1404 145173 15391144 0.0250487434197
17.0750368861 3006 321754 34182990 -0.00725139755677
25.8891529834 6552 699444 74535508 -0.00159286749811
39.2531065478 13682 1477030 157344764 -0.0127897057733
59.5155188986 27114 2917322 310998646 -0.00884288321228
90.2373672122 48252 5142939 544417928 -0.00673326630207
136.817801341 67124 7080735 750161944 0.00431306235684
207.443006619 89058 9439245 1004187358 0.00374664485246
STEP_DONE 
0.050323978983 0 5 366 -1.90844983979
0.0763011640511 0 6 810 -0.577026135353
0.115687744753 0 17 1900 -0.904881568755
0.175405637024 0 36 4186 -0.830947687008
0.265949842531 2 110 10026 0.924601392414
0.403232871773 2 240 22418 -0.268300254934
0.611381256445 8 516 51312 0.625739127156
0.926975618552 12 1091 116228 0.171499601443
1.40547945874 32 2489 263118 0.364170561705
2.13098647839 64 5630 596128 0.205864880153
3.23099945918 144 12856 1348992 0.180650975536
4.89883798472 312 28713 3067736 0.159789388096
7.42761300449 654 65119 6929406 0.0687551449015
11.2617390321 1370 145249 15563862 0.0105786379436
17.0750368861 2916 322022 34572738 -0.0272693419906
25.8891529834 6496 700536 75416996 -0.00155157673977
39.2531065478 13556 1479496 159223660 -0.0135016444401
59.5155188986 27100 2927115 314741270 -0.00430519789103
90.2373672122 48032 5162959 550425374 -0.0081554966203
136.817801341 66760 7100067 757461168 0.0031086438723
207.443006619 89418 9536328 1020970764 0.00385495011445
STEP_DONE 
0.050323978983 0 4 346 -1.44187641046
0.0763011640511 0 6 752 -0.685284384349
0.115687744753 0 17 1878 -0.912023035989
0.175405637024 0 36 4088 -0.860079046522
0.265949842531 2 108 9802 0.948523014669
0.403232871773 2 249 21948 -0.379939996831
0.611381256445 8 501 50414 0.670872198264
0.926975618552 12 1061 113654 0.205815208555
1.40547945874 30 2451 257278 0.288340237595
2.13098647839 68 5610 583252 0.268747526338
3.23099945918 150 12735 1318584 0.228825231974
4.89883798472 292 28445 3001698 0.0834076181256
7.42761300449 644 64300 6778884 0.0560981140969
11.2617390321 1364 143472 15220670 0.00853125689107
17.0750368861 2938 318083 33804850 -0.0180967595572
25.8891529834 6518 691941 73708838 0.00346475248958
39.2531065478 13640 1463709 155621456 -0.00905950315747
59.5155188986 26992 2889483 307568072 -0.00550804260099
90.2373672122 47556 5087487 538268046 -0.0109547450877
136.817801341 66270 6996251 741286810 0.00361435780014
207.443006619 86892 9225253 983039886 0.00369194882577
STEP_DONE 
