#Theta DD DR RR XI factor=211.852473498 jknum= 20
0.050323978983 0 10 982 -3.29587457964
0.0763011640511 0 15 2280 -1.77536107711
0.115687744753 0 23 5292 -0.833458489339
0.175405637024 0 52 12090 -0.814429607402
0.265949842531 2 142 27054 2.07479034417
0.403232871773 2 294 61766 0.4326237031
0.611381256445 4 690 142004 0.203414503477
0.926975618552 12 1539 320258 0.639821527366
1.40547945874 18 3415 720788 0.11234997701
2.13098647839 42 7816 1638962 0.128337587747
3.23099945918 106 17817 3715070 0.246257116044
4.89883798472 206 39907 8420884 0.089175983862
7.42761300449 466 90215 19041968 0.0901613433655
11.2617390321 932 201147 42755752 -0.0148296490175
17.0750368861 1998 444877 94922900 -0.0406524075537
25.8891529834 4596 965599 207010774 0.0200276191814
39.2531065478 9514 2040877 436802524 -0.00199146214275
59.5155188986 18878 4042571 863629240 -0.00215321256543
90.2373672122 33508 7147284 1510783804 -0.00896820026165
136.817801341 47176 9879738 2079730788 0.00518985441196
207.443006619 61610 13055854 2779727108 0.00471413245128
STEP_DONE 
0.050323978983 0 9 974 -2.91344634927
0.0763011640511 0 14 2268 -1.61433247201
0.115687744753 0 23 5330 -0.827580260919
0.175405637024 0 51 12100 -0.78509213915
0.265949842531 2 141 27188 2.102280448
0.403232871773 2 300 62108 0.398287257783
0.611381256445 2 681 142800 -0.391687701897
0.926975618552 12 1537 321380 0.648886674157
1.40547945874 22 3478 723770 0.327866841548
2.13098647839 42 7835 1644934 0.1276849219
3.23099945918 108 17887 3732714 0.267952265226
4.89883798472 200 39995 8458616 0.057739647395
7.42761300449 480 90246 19118978 0.12669694664
11.2617390321 968 200754 42920490 0.0303935921237
17.0750368861 2046 445041 95293006 -0.0151473797036
25.8891529834 4522 965729 207790526 0.00751638940363
39.2531065478 9416 2039582 438322906 -0.00740521044133
59.5155188986 18706 4034040 866679964 -0.00345776243991
90.2373672122 33122 7103879 1515778464 -0.00500729921938
136.817801341 46014 9773760 2086480126 0.00501836416657
207.443006619 60776 13023922 2800056786 0.00339297870424
STEP_DONE 
0.050323978983 0 10 990 -3.32665257223
0.0763011640511 0 14 2284 -1.62554311082
0.115687744753 0 22 5390 -0.748320835311
0.175405637024 0 50 12346 -0.734726245955
0.265949842531 2 143 27440 2.11095334009
0.403232871773 2 296 62760 0.44150339612
0.611381256445 2 681 144398 -0.384794870083
0.926975618552 12 1541 325488 0.663127645062
1.40547945874 22 3458 731814 0.354906965986
2.13098647839 38 7838 1663326 0.029465443919
3.23099945918 110 17833 3772618 0.312671351752
4.89883798472 200 39916 8550840 0.0733231201226
7.42761300449 474 90298 19330620 0.123853501077
11.2617390321 916 200454 43398376 -0.0103292750642
17.0750368861 1956 443978 96343454 -0.042667107006
25.8891529834 4518 964677 210069862 0.0194949429053
39.2531065478 9284 2037349 443242438 -0.00809879162147
59.5155188986 18506 4034699 876347346 -0.00345492781638
90.2373672122 32920 7118378 1532840530 -0.00407405535497
136.817801341 45804 9823827 2113075974 0.00289243889292
207.443006619 60618 13161055 2860485904 0.00124248119231
STEP_DONE 
0.050323978983 0 10 980 -3.33340294257
0.0763011640511 0 15 2294 -1.77685367288
0.115687744753 0 23 5338 -0.829803340682
0.175405637024 0 51 12140 -0.784048427263
0.265949842531 2 141 27312 2.10921294679
0.403232871773 2 308 62132 0.346139693627
0.611381256445 4 682 143000 0.235805962632
0.926975618552 12 1542 322482 0.647100291206
1.40547945874 22 3417 724918 0.366552264844
2.13098647839 42 7827 1648364 0.132309435074
3.23099945918 104 17822 3739596 0.229998629561
4.89883798472 210 39846 8473666 0.120417030592
7.42761300449 480 90245 19147712 0.128723559713
11.2617390321 946 200256 42977440 0.0136403337608
17.0750368861 2032 443490 95406880 -0.0137830617799
25.8891529834 4556 961454 207992442 0.0245408057027
39.2531065478 9292 2029069 438767668 -0.00906341453102
59.5155188986 18550 4016672 867621198 -0.00206432024799
90.2373672122 32842 7081526 1517831122 -0.00577237456352
136.817801341 45268 9696888 2087781800 0.00515571881651
207.443006619 59500 12928803 2809282836 0.000510128393668
STEP_DONE 
0.050323978983 0 9 988 -2.89763299124
0.0763011640511 0 14 2302 -1.60218455135
0.115687744753 0 22 5364 -0.754887536202
0.175405637024 0 50 12230 -0.749278366198
0.265949842531 2 138 27492 2.18184634186
0.403232871773 2 302 62612 0.398199507083
0.611381256445 4 679 144070 0.254179381183
0.926975618552 12 1550 324546 0.648811752967
1.40547945874 22 3450 730720 0.357829177251
2.13098647839 42 7841 1660768 0.137350345875
3.23099945918 106 17809 3764784 0.264634486322
4.89883798472 198 39837 8531660 0.0643148092259
7.42761300449 464 90241 19286980 0.0991359089817
11.2617390321 930 200579 43297564 0.000929219778624
17.0750368861 1998 443890 96129938 -0.0244721013828
25.8891529834 4440 961708 209631046 0.00646727070208
39.2531065478 9246 2029061 442240240 -0.00624465260614
59.5155188986 18306 4007523 874015484 -0.00326232180547
90.2373672122 32692 7094028 1527175880 -0.00778741387713
136.817801341 45376 9743113 2100826486 0.00419726717071
207.443006619 60112 13034672 2832260896 0.00223576457095
STEP_DONE 
0.050323978983 0 9 1008 -2.80006644518
0.0763011640511 0 15 2282 -1.79759492897
0.115687744753 0 20 5352 -0.590461292453
0.175405637024 0 50 12136 -0.75349143812
0.265949842531 2 139 27326 2.14950643581
0.403232871773 2 301 62294 0.397422019512
0.611381256445 4 670 143174 0.273504327046
0.926975618552 12 1533 322586 0.662009124168
1.40547945874 20 3468 726370 0.214865515458
2.13098647839 40 7797 1652024 0.0877588470168
3.23099945918 102 17797 3746068 0.211060121885
4.89883798472 204 39928 8488860 0.0863994086736
7.42761300449 470 90096 19188112 0.110835971239
11.2617390321 936 200146 43068324 0.00631214416599
17.0750368861 1990 442489 95575424 -0.0275509559268
25.8891529834 4544 959795 208312618 0.026852374193
39.2531065478 9290 2026259 439139858 -0.00580558985576
59.5155188986 18458 4005081 866282010 -0.00280730668122
90.2373672122 32770 7049942 1508889536 -0.00504669888865
136.817801341 44866 9595797 2062535512 0.00497868534568
207.443006619 59248 12835176 2783298964 0.00130180795688
STEP_DONE 
0.050323978983 0 9 978 -2.89983735198
0.0763011640511 0 14 2264 -1.62056208398
0.115687744753 0 23 5338 -0.825963560954
0.175405637024 0 48 12038 -0.68977833759
0.265949842531 0 136 27218 -1.1175103343
0.403232871773 2 316 61878 0.286992385886
0.611381256445 4 676 142708 0.251020316886
0.926975618552 12 1543 321610 0.642045490045
1.40547945874 20 3452 723580 0.219244187884
2.13098647839 44 7776 1645072 0.197709699336
3.23099945918 108 17777 3730334 0.280330126999
4.89883798472 210 39801 8447100 0.119412731231
7.42761300449 456 90171 19090572 0.0707743225384
11.2617390321 932 200387 42814248 -0.00610569683632
17.0750368861 2006 443443 94960510 -0.030514567329
25.8891529834 4526 960646 206830340 0.0141820607929
39.2531065478 9386 2026768 435576312 -0.00440975494428
59.5155188986 18580 3999808 857777332 -0.00357700622576
90.2373672122 32822 6986716 1488459454 0.000840076673537
136.817801341 44604 9474776 2024452186 0.00584550380924
207.443006619 59420 12774139 2752248144 0.00240710191709
STEP_DONE 
0.050323978983 0 9 982 -2.87633022309
0.0763011640511 0 14 2256 -1.62469404585
0.115687744753 0 24 5382 -0.886067771123
0.175405637024 0 51 12100 -0.782684758793
0.265949842531 2 138 27264 2.13983458233
0.403232871773 2 306 61972 0.354881766657
0.611381256445 4 681 142170 0.232312495934
0.926975618552 10 1544 320512 0.35784730197
1.40547945874 22 3459 720926 0.335429220741
2.13098647839 42 7827 1640626 0.12709018525
3.23099945918 102 17726 3716932 0.210209359745
4.89883798472 212 39699 8418792 0.131740844076
7.42761300449 482 89950 19028604 0.13348890492
11.2617390321 942 199854 42692460 0.00684028723523
17.0750368861 2018 442297 94721100 -0.0221712541417
25.8891529834 4524 957452 206331846 0.0179244391212
39.2531065478 9332 2019535 434551244 -0.0052201885872
59.5155188986 18508 3982262 855546888 -0.00121805138205
90.2373672122 32686 6973407 1482135066 -0.00370733946302
136.817801341 44878 9472477 2006839814 0.00372478068683
207.443006619 59762 12724508 2716574056 0.0027240618954
STEP_DONE 
0.050323978983 0 10 962 -3.37779819175
0.0763011640511 0 13 2254 -1.42895936939
0.115687744753 0 23 5332 -0.816638461941
0.175405637024 0 51 12050 -0.782435974139
0.265949842531 2 139 27044 2.1145603779
0.403232871773 2 294 61640 0.429993867987
0.611381256445 4 675 141678 0.24540224918
0.926975618552 8 1532 319706 0.0914526404206
1.40547945874 18 3436 719548 0.0981553575685
2.13098647839 42 7863 1635940 0.11417822918
3.23099945918 104 17785 3709040 0.22388912296
4.89883798472 194 39921 8400056 0.0225756331523
7.42761300449 468 90130 18979866 0.0934434567767
11.2617390321 920 200564 42581074 -0.025643568287
17.0750368861 2034 443708 94451892 -0.0235501811408
25.8891529834 4602 961593 205775962 0.0236282757682
39.2531065478 9372 2027299 433342776 -0.0112664816182
59.5155188986 18614 3991101 853070926 -0.00281572048999
90.2373672122 33102 7009352 1478514306 -0.00383546171675
136.817801341 45550 9513674 1997718950 0.00540870709817
207.443006619 59476 12608691 2677598478 0.00176407090562
STEP_DONE 
0.050323978983 0 10 986 -3.2531062786
0.0763011640511 0 13 2280 -1.39106650347
0.115687744753 0 24 5354 -0.879818957354
0.175405637024 0 51 11954 -0.789122488921
0.265949842531 2 141 26930 2.06946190304
0.403232871773 2 304 61558 0.357443964398
0.611381256445 4 681 141348 0.223746092967
0.926975618552 12 1550 318702 0.615869476274
1.40547945874 22 3436 715998 0.338434064746
2.13098647839 42 7815 1628856 0.121627333183
3.23099945918 104 17788 3694274 0.218477681023
4.89883798472 208 39858 8367398 0.0952983527483
7.42761300449 484 90202 18909762 0.124909518141
11.2617390321 942 200276 42431240 -0.00331834364722
17.0750368861 2006 442928 94139460 -0.0362392565774
25.8891529834 4564 958713 205081906 0.0180196030534
39.2531065478 9392 2022118 432029252 -0.00703674349526
59.5155188986 18668 3985676 850914606 0.000274430204943
90.2373672122 33120 7008371 1474084738 -0.00597077186201
136.817801341 45940 9540272 1990413790 0.00471728473096
207.443006619 59980 12631900 2656342394 -0.00147125389618
STEP_DONE 
0.050323978983 0 10 986 -3.26027642813
0.0763011640511 0 15 2234 -1.82047844101
0.115687744753 0 23 5338 -0.80993909399
0.175405637024 0 50 12046 -0.743579843159
0.265949842531 2 141 27030 2.07279505634
0.403232871773 2 306 61488 0.344379605182
0.611381256445 2 670 141542 -0.365077587944
0.926975618552 12 1552 318986 0.615723710858
1.40547945874 22 3448 717512 0.333968153593
2.13098647839 44 7827 1630582 0.174006228745
3.23099945918 106 17844 3698634 0.237664349516
4.89883798472 208 39864 8382304 0.0969262856911
7.42761300449 480 90206 18939264 0.11729149624
11.2617390321 962 200178 42493410 0.0198376049256
17.0750368861 2030 442698 94256224 -0.0228629065193
25.8891529834 4576 961208 205319332 0.016625618527
39.2531065478 9414 2027228 432571806 -0.00857597638094
59.5155188986 18726 4002373 852450400 -0.00320729941782
90.2373672122 33290 7040016 1480312420 -0.00568013444875
136.817801341 45952 9595740 2011588098 0.00390933470661
207.443006619 61066 12845146 2702302820 0.000129820618164
STEP_DONE 
0.050323978983 0 9 966 -2.92304492272
0.0763011640511 0 14 2272 -1.59464297412
0.115687744753 0 23 5376 -0.801467677187
0.175405637024 0 49 12066 -0.709978528944
0.265949842531 2 142 27192 2.06130501457
0.403232871773 2 305 61430 0.352499224344
0.611381256445 4 675 142272 0.24846967751
0.926975618552 12 1541 319852 0.634313376962
1.40547945874 22 3468 720264 0.326473344051
2.13098647839 44 7841 1636180 0.174109502856
3.23099945918 98 17813 3711866 0.14957559771
4.89883798472 190 39905 8410272 0.0034744857811
7.42761300449 472 90172 19008816 0.103189885918
11.2617390321 948 200650 42663368 0.00458837981737
17.0750368861 2048 444182 94678536 -0.0166421280094
25.8891529834 4570 963186 206332916 0.016135915079
39.2531065478 9464 2033133 435015300 -0.00364236471575
59.5155188986 18734 4019616 858655822 -0.00407597344991
90.2373672122 33416 7086146 1497359096 -0.00350005421233
136.817801341 46252 9711887 2047361300 0.00395455059741
207.443006619 60250 12785515 2723291910 0.00377307243095
STEP_DONE 
0.050323978983 0 9 1000 -2.84786418605
0.0763011640511 0 14 2310 -1.59115433404
0.115687744753 0 23 5426 -0.812279892679
0.175405637024 0 49 12306 -0.702379553933
0.265949842531 2 143 27452 2.10218337987
0.403232871773 2 305 62546 0.376388302936
0.611381256445 4 671 144012 0.277221323354
0.926975618552 10 1549 324404 0.367199365034
1.40547945874 20 3448 730474 0.2330934747
2.13098647839 40 7833 1660704 0.0841137432454
3.23099945918 100 17788 3765346 0.19388057281
4.89883798472 212 39854 8531808 0.138367543759
7.42761300449 460 90056 19288486 0.0936750320554
11.2617390321 930 200522 43289282 0.00131407397696
17.0750368861 2010 444354 96092792 -0.0211683104918
25.8891529834 4524 963983 209544424 0.0197530161314
39.2531065478 9378 2038044 442060402 -0.0016575370074
59.5155188986 18544 4033961 873619008 -0.00417135703075
90.2373672122 32884 7116493 1526316356 -0.00887679606578
136.817801341 46020 9803688 2100446776 0.0057045815656
207.443006619 60870 13123545 2841375998 0.00427582063659
STEP_DONE 
0.050323978983 0 10 988 -3.30735335656
0.0763011640511 0 15 2274 -1.80716696324
0.115687744753 0 22 5340 -0.753270272624
0.175405637024 0 52 12174 -0.817763972782
0.265949842531 2 141 27390 2.11531762578
0.403232871773 2 308 62350 0.350103325231
0.611381256445 4 682 143208 0.237965022128
0.926975618552 12 1550 322882 0.639783185294
1.40547945874 22 3446 726942 0.352885798228
2.13098647839 44 7817 1653388 0.192882730862
3.23099945918 106 17797 3748562 0.2598560386
4.89883798472 198 39720 8494162 0.0653919151986
7.42761300449 464 89850 19201968 0.102760936028
11.2617390321 932 199655 43089986 0.00745884500383
17.0750368861 2002 442198 95643874 -0.0198319546462
25.8891529834 4484 958588 208520000 0.0172541440864
39.2531065478 9304 2026801 439878694 -0.00319495060295
59.5155188986 18424 4010670 869047898 -0.00412033133726
90.2373672122 32800 7095083 1522422514 -0.00783684568098
136.817801341 46528 9913388 2122364348 0.00480282536029
207.443006619 63684 13669236 2940666824 0.00234640466635
STEP_DONE 
0.050323978983 0 9 1006 -2.81744139812
0.0763011640511 0 13 2278 -1.43510382424
0.115687744753 0 24 5376 -0.904933554817
0.175405637024 0 51 12252 -0.776196615265
0.265949842531 2 139 27416 2.15722997398
0.403232871773 2 302 62620 0.395938725856
0.611381256445 4 680 143758 0.248165508625
0.926975618552 12 1533 324194 0.667152462786
1.40547945874 20 3439 729562 0.23645610162
2.13098647839 42 7853 1659728 0.132927752365
3.23099945918 94 17796 3762870 0.119069027837
4.89883798472 204 39979 8531052 0.0888223662773
7.42761300449 474 90486 19291380 0.116979485917
11.2617390321 930 200922 43337932 -0.00146641267672
17.0750368861 2022 445021 96319114 -0.0159217672293
25.8891529834 4528 968525 210435828 0.0155520539055
39.2531065478 9408 2051625 445302540 -0.00424573698929
59.5155188986 18766 4076139 884411752 -0.000771321983517
90.2373672122 33556 7265953 1559009598 -0.00895672419634
136.817801341 47762 10186856 2180786966 0.00371282041094
207.443006619 64480 13833002 2976336722 0.0029598015329
STEP_DONE 
0.050323978983 0 10 1010 -3.22487681326
0.0763011640511 0 15 2286 -1.79995116889
0.115687744753 0 22 5388 -0.742330415566
0.175405637024 0 50 12208 -0.747675942577
0.265949842531 2 141 27508 2.12241285951
0.403232871773 2 301 62452 0.401161270047
0.611381256445 4 682 143758 0.242237945873
0.926975618552 8 1554 323686 0.0764379651858
1.40547945874 18 3436 728856 0.112570772506
2.13098647839 42 7794 1658456 0.147448107298
3.23099945918 102 17809 3760228 0.213826405627
4.89883798472 206 39906 8523664 0.102371284168
7.42761300449 474 90145 19270576 0.123581148196
11.2617390321 924 200217 43259556 -0.00264078005638
17.0750368861 2010 443467 96053452 -0.0175160114525
25.8891529834 4522 963047 209497932 0.0209987802869
39.2531065478 9324 2032794 441936444 -0.00236548799998
59.5155188986 18462 4030626 874239074 -0.00603126552845
90.2373672122 33100 7160108 1537657356 -0.00709442516602
136.817801341 47152 10044180 2149763032 0.00473859312871
207.443006619 64604 13819443 2967510168 0.00384586196594
STEP_DONE 
0.050323978983 0 10 984 -3.26685573832
0.0763011640511 0 15 2268 -1.77684262335
0.115687744753 0 23 5288 -0.826162614784
0.175405637024 0 51 12046 -0.777584993957
0.265949842531 2 139 26916 2.10641543704
0.403232871773 0 298 61706 -1.02764502943
0.611381256445 4 673 141488 0.248815496504
0.926975618552 12 1530 318934 0.644001826656
1.40547945874 22 3433 717906 0.342772276148
2.13098647839 44 7856 1633870 0.168039396498
3.23099945918 106 17847 3703976 0.238179878091
4.89883798472 214 39893 8394216 0.128164851522
7.42761300449 482 90279 18972722 0.121764151849
11.2617390321 940 200886 42591326 -0.00766109976342
17.0750368861 2060 444708 94570884 -0.0143675688693
25.8891529834 4590 964836 206300624 0.0169105610054
39.2531065478 9498 2036358 435380354 -0.0023479500239
59.5155188986 18724 4027407 861212362 -0.00529091332783
90.2373672122 33528 7122132 1507092914 -0.00371979040887
136.817801341 46604 9810139 2075199272 0.00490594780073
207.443006619 60898 12954068 2771554008 0.00594285789271
STEP_DONE 
0.050323978983 0 9 980 -2.87747508306
0.0763011640511 0 14 2286 -1.58573724796
0.115687744753 0 21 5316 -0.667888078114
0.175405637024 0 49 12074 -0.71347388777
0.265949842531 2 142 27106 2.07643805301
0.403232871773 0 298 61824 -1.0351280755
0.611381256445 4 680 142144 0.234291522317
0.926975618552 12 1539 320670 0.641396429795
1.40547945874 22 3427 721384 0.35336548254
2.13098647839 40 7837 1641014 0.0699381429497
3.23099945918 108 17788 3721884 0.275314062286
4.89883798472 204 39976 8434992 0.0768302736841
7.42761300449 478 90501 19068132 0.113276402037
11.2617390321 966 201219 42817544 0.0212758777493
17.0750368861 2046 445436 95046026 -0.0193686600524
25.8891529834 4584 966193 207241832 0.0173368620166
39.2531065478 9496 2040850 437179826 -0.00296287028029
59.5155188986 18706 4031745 864420892 -0.00483976813795
90.2373672122 33392 7124195 1513275136 -0.00429950338706
136.817801341 46680 9832430 2084679150 0.00654208687894
207.443006619 61420 13081506 2791976410 0.00216166688782
STEP_DONE 
0.050323978983 0 10 1006 -3.22983956725
0.0763011640511 0 14 2288 -1.60371767767
0.115687744753 0 24 5362 -0.904611087498
0.175405637024 0 52 12146 -0.821763275497
0.265949842531 2 140 27316 2.13345169138
0.403232871773 2 293 62334 0.452249522741
0.611381256445 4 683 143184 0.234812709772
0.926975618552 12 1549 323034 0.641131272066
1.40547945874 22 3435 727048 0.359342305924
2.13098647839 40 7782 1653682 0.0924962714702
3.23099945918 102 17738 3750136 0.218521410765
4.89883798472 210 39848 8497102 0.12322103762
7.42761300449 482 90259 19214862 0.136690092866
11.2617390321 928 200597 43131982 -0.0050647470247
17.0750368861 1982 444423 95761698 -0.0379106348808
25.8891529834 4506 963462 208814956 0.0134802461351
39.2531065478 9328 2035207 440548932 -0.00731716713061
59.5155188986 18674 4033823 871356320 0.000225391041834
90.2373672122 33406 7149301 1525162944 -0.00316319420633
136.817801341 46534 9864829 2099173452 0.00378128479718
207.443006619 62044 13218860 2827898670 0.00408209811684
STEP_DONE 
0.050323978983 0 9 984 -2.83902209793
0.0763011640511 0 14 2166 -1.71295621325
0.115687744753 0 24 5224 -0.928329629587
0.175405637024 0 49 11882 -0.730930908318
0.265949842531 2 143 26776 2.04818118958
0.403232871773 2 300 60916 0.378948150687
0.611381256445 4 675 139984 0.234598453334
0.926975618552 12 1526 315622 0.645192343832
1.40547945874 20 3404 709708 0.228003474751
2.13098647839 38 7766 1613820 0.0172531983277
3.23099945918 106 17659 3659288 0.250289619599
4.89883798472 206 39716 8296174 0.0842691720572
7.42761300449 474 89575 18754190 0.108425829731
11.2617390321 934 198989 42099036 -0.00679746958959
17.0750368861 1970 440857 93456940 -0.0515608176234
25.8891529834 4582 957466 203829744 0.0184420419336
39.2531065478 9442 2024803 430092170 -0.0091178498735
59.5155188986 18824 4007775 850608698 -0.00294313590916
90.2373672122 33500 7088761 1489459604 -0.00701937102273
136.817801341 46400 9743359 2051447080 0.00266980094177
207.443006619 60582 12801622 2717664458 0.00466271351798
STEP_DONE 
