#Theta DD DR RR XI factor=126.919182948 jknum= 8
0.050323978983 0 5 312 -3.07074059612
0.0763011640511 0 5 724 -0.754241803853
0.115687744753 0 15 1706 -1.23341922507
0.175405637024 0 30 3802 -1.00432046185
0.265949842531 2 81 9104 2.28366201497
0.403232871773 2 178 20398 0.364990700267
0.611381256445 2 394 46812 -0.448773599648
0.926975618552 12 836 105864 0.822543823077
1.40547945874 18 1894 238746 0.201040321022
2.13098647839 40 4357 541910 0.148368323453
3.23099945918 104 9931 1227748 0.311738713402
4.89883798472 182 21950 2790814 0.0541091428358
7.42761300449 434 49631 6301688 0.110363764397
11.2617390321 866 110156 14151444 0.00985988218869
17.0750368861 1810 243879 31443052 -0.0416283705945
25.8891529834 4126 529301 68577672 0.00996529734405
39.2531065478 8632 1119566 144773850 -0.00256066105855
59.5155188986 17196 2218795 286096974 -0.000430508624625
90.2373672122 30362 3914994 500505602 -0.008381551201
136.817801341 42596 5400373 688730326 0.00590449186065
207.443006619 55026 7057065 907630798 0.00291932297001
STEP_DONE 
0.050323978983 0 5 314 -3.11203078017
0.0763011640511 0 5 728 -0.773595693646
0.115687744753 0 13 1742 -0.927130843246
0.175405637024 0 29 3942 -0.899754047908
0.265949842531 2 84 9256 2.25875221251
0.403232871773 2 182 20752 0.341939487544
0.611381256445 4 383 47690 0.324415629359
0.926975618552 12 829 107370 0.869418968527
1.40547945874 22 1856 243122 0.537210118862
2.13098647839 34 4383 550180 -0.0269708492798
3.23099945918 100 9857 1245402 0.294775593582
4.89883798472 184 21902 2832570 0.0862229422041
7.42761300449 426 49664 6389326 0.104288289205
11.2617390321 852 110079 14355542 0.00928307271167
17.0750368861 1832 243903 31891836 -0.0172641284912
25.8891529834 4084 528378 69544958 0.0170389268034
39.2531065478 8354 1111191 146778764 -0.00611382980759
59.5155188986 16556 2195164 290112004 -0.0025703261383
90.2373672122 29434 3881815 507445688 -0.00841658508647
136.817801341 40756 5316695 696488902 0.00429126223177
207.443006619 52260 6909998 912436568 -0.000792612496478
STEP_DONE 
0.050323978983 0 3 324 -1.35234066554
0.0763011640511 0 6 720 -1.11710659898
0.115687744753 0 12 1714 -0.778665987478
0.175405637024 0 27 3764 -0.822376562357
0.265949842531 0 73 9106 -1.03666305811
0.403232871773 2 198 20418 0.116904581187
0.611381256445 4 376 46762 0.337474259332
0.926975618552 12 831 105264 0.833851963943
1.40547945874 18 1882 238494 0.213042426477
2.13098647839 40 4315 540640 0.166155692617
3.23099945918 96 9841 1223048 0.222347921417
4.89883798472 196 21810 2779542 0.144357898219
7.42761300449 430 49416 6275368 0.105085231753
11.2617390321 856 109593 14078996 0.00346275308052
17.0750368861 1836 242217 31239272 -0.0214946821844
25.8891529834 4130 523482 68034748 0.0247395220397
39.2531065478 8456 1104268 143314874 -0.00547026722832
59.5155188986 16766 2174305 281522870 -0.00118694146268
90.2373672122 29460 3789309 486311990 -0.00208644583106
136.817801341 39762 5092390 655598340 0.00526291132055
207.443006619 51066 6623049 861427806 0.00326161038795
STEP_DONE 
0.050323978983 0 4 308 -2.25629903092
0.0763011640511 0 5 732 -0.712670938393
0.115687744753 0 15 1742 -1.15902719903
0.175405637024 0 29 3756 -0.935920057519
0.265949842531 2 75 9052 2.39515019584
0.403232871773 2 182 20294 0.300298209177
0.611381256445 4 384 46130 0.27565148941
0.926975618552 6 829 104450 -0.0871924998718
1.40547945874 18 1877 236340 0.205706167587
2.13098647839 38 4383 535224 0.062588536401
3.23099945918 94 9819 1212710 0.18812579279
4.89883798472 182 21853 2750196 0.0477711042055
7.42761300449 432 49558 6207816 0.0920838071023
11.2617390321 852 109732 13924320 -0.0142513620887
17.0750368861 1862 242868 30878312 -0.0243576622549
25.8891529834 4208 523836 67197476 0.0296236565623
39.2531065478 8500 1103290 141410774 -0.0115129815206
59.5155188986 17010 2169231 277292650 0.00265732012582
90.2373672122 30058 3792860 476286536 -0.0048171180146
136.817801341 40704 5062841 634206638 0.00712761100558
207.443006619 52300 6576390 826143050 -0.000954400339443
STEP_DONE 
0.050323978983 0 5 322 -2.8970898887
0.0763011640511 0 5 716 -0.752601877322
0.115687744753 0 14 1744 -1.0146882131
0.175405637024 0 29 3806 -0.912297707867
0.265949842531 2 82 9066 2.20382394533
0.403232871773 2 189 20088 0.206481525453
0.611381256445 2 378 46342 -0.367528773166
0.926975618552 10 830 104216 0.512175214288
1.40547945874 22 1869 236670 0.481818791444
2.13098647839 42 4372 535514 0.186041569875
3.23099945918 94 9917 1211988 0.167735146439
4.89883798472 184 21963 2755828 0.0512115006288
7.42761300449 436 49553 6221386 0.104566812479
11.2617390321 890 109946 13967950 0.0278622650459
17.0750368861 1896 243496 30977210 -0.00896334972363
25.8891529834 4194 527318 67450198 0.0170489626147
39.2531065478 8660 1112204 142122486 -0.00452325216374
59.5155188986 17152 2195738 279704364 -0.00456338842573
90.2373672122 30376 3850286 485135996 -0.00588524868689
136.817801341 41696 5222925 657531222 0.00501756680276
207.443006619 53702 6795599 860354734 0.000558903832456
STEP_DONE 
0.050323978983 0 4 326 -2.17550994986
0.0763011640511 0 6 732 -1.12134476159
0.115687744753 0 14 1730 -1.094368123
0.175405637024 0 31 3902 -1.05610607082
0.265949842531 2 85 9274 2.23910133654
0.403232871773 2 185 20898 0.311466154832
0.611381256445 4 376 47626 0.363146496491
0.926975618552 12 863 107730 0.791986645018
1.40547945874 16 1879 243980 0.104948509406
2.13098647839 40 4373 552990 0.164623702198
3.23099945918 82 9888 1251016 0.0519913858548
4.89883798472 184 21964 2847740 0.0858317597747
7.42761300449 420 49695 6431616 0.0937867088401
11.2617390321 860 110187 14449472 0.0230617740474
17.0750368861 1846 244613 32130518 -0.00825573818855
25.8891529834 4122 531681 70198910 0.0230790772122
39.2531065478 8524 1127252 148661388 -0.00230458891851
59.5155188986 16930 2238955 294995966 -0.0032670579605
90.2373672122 30346 3999236 519970846 -0.0132841609034
136.817801341 43586 5625334 728528366 0.00344758245472
207.443006619 59176 7645428 991689698 0.00395005385774
STEP_DONE 
0.050323978983 0 5 316 -3.01188716828
0.0763011640511 0 6 746 -1.03928634613
0.115687744753 0 15 1740 -1.18578680203
0.175405637024 0 28 3886 -0.826926282294
0.265949842531 2 80 9140 2.29759534923
0.403232871773 0 180 20454 -1.23131066913
0.611381256445 4 383 46626 0.296060352355
0.926975618552 8 841 105846 0.200157538312
1.40547945874 20 1861 239492 0.37193024599
2.13098647839 40 4365 543556 0.146603424404
3.23099945918 98 9909 1229952 0.237874732388
4.89883798472 196 21974 2797706 0.134501076832
7.42761300449 440 49761 6314706 0.121850227829
11.2617390321 866 110414 14180572 0.00728937070407
17.0750368861 1898 244742 31501416 -0.00153821483081
25.8891529834 4220 531506 68711766 0.0257866281759
39.2531065478 8680 1119251 145000510 0.00495510301853
59.5155188986 17006 2219540 287167310 -0.00793403566925
90.2373672122 30616 3954930 506568568 -0.00818589545154
136.817801341 43426 5533435 709264600 0.00592229845385
207.443006619 58192 7464579 962410664 0.00521875864376
STEP_DONE 
0.050323978983 0 4 326 -2.07830224114
0.0763011640511 0 4 696 -0.441848463523
0.115687744753 0 14 1728 -1.03260582011
0.175405637024 0 27 3716 -0.822875156521
0.265949842531 2 83 8972 2.18676117824
0.403232871773 2 181 20026 0.303965908875
0.611381256445 4 381 46026 0.290742005863
0.926975618552 12 831 104006 0.810993058798
1.40547945874 20 1871 235532 0.343224841293
2.13098647839 34 4348 533960 -0.0409577368208
3.23099945918 100 9783 1206622 0.269999078271
4.89883798472 194 22024 2747390 0.0999640430293
7.42761300449 448 49573 6205704 0.131847620832
11.2617390321 866 110130 13935776 -0.00480512811806
17.0750368861 1816 244484 30951970 -0.0584483502
25.8891529834 4196 529574 67494510 0.00977637971716
39.2531065478 8698 1119456 142476804 -0.0105817201954
59.5155188986 17364 2214749 281727136 -0.00242522327549
90.2373672122 30888 3913158 493524430 -0.00441731338326
136.817801341 42952 5386647 679461236 0.00576526520154
207.443006619 56048 7064739 894939872 0.00498829822256
STEP_DONE 
