#Theta DD DR RR XI factor=92.1459276018 jknum= 20
0.050323978983 0 8 398 -2.68925030154
0.0763011640511 0 7 906 -0.41808103478
0.115687744753 0 23 2130 -0.981889510579
0.175405637024 0 46 4742 -0.780440597863
0.265949842531 2 144 11208 0.144692523816
0.403232871773 2 319 25218 -0.653811627838
0.611381256445 12 672 57474 0.612381280611
0.926975618552 16 1417 130420 0.0390396932414
1.40547945874 48 3200 293876 0.377000582581
2.13098647839 104 7308 665324 0.300416570589
3.23099945918 202 16518 1505114 0.115998346146
4.89883798472 490 36965 3414918 0.221678131505
7.42761300449 880 83479 7707200 -0.0263923680557
11.2617390321 2100 186231 17279152 0.0453699732166
17.0750368861 4196 410708 38296054 -0.0456367192274
25.8891529834 9668 889569 83171268 0.0158839341505
39.2531065478 20038 1859982 174403304 0.010188380942
59.5155188986 38526 3618252 340591690 0.00279919593656
90.2373672122 67030 6276633 587755848 0.000427657329402
136.817801341 92846 8585584 801508448 0.00952523995127
207.443006619 122094 11375181 1074145446 0.013580793419
STEP_DONE 
0.050323978983 0 8 398 -2.69535587407
0.0763011640511 0 6 904 -0.220203239391
0.115687744753 0 21 2164 -0.784067952604
0.175405637024 0 45 4758 -0.738751148187
0.265949842531 2 139 11262 0.231485538815
0.403232871773 2 319 25342 -0.647341240398
0.611381256445 10 665 57888 0.347710567522
0.926975618552 16 1389 130568 0.0796760741032
1.40547945874 52 3230 294518 0.47563755767
2.13098647839 104 7346 666700 0.292404230575
3.23099945918 202 16563 1509684 0.113603815236
4.89883798472 484 37074 3425148 0.204063528046
7.42761300449 894 83575 7726876 -0.0108576202958
11.2617390321 2120 185860 17319694 0.0614164667132
17.0750368861 4220 410182 38394480 -0.035356081536
25.8891529834 9490 887289 83404524 0.00562299255904
39.2531065478 19738 1852863 174828254 0.00554705923565
59.5155188986 38358 3608916 341267142 0.00557165859765
90.2373672122 66510 6245981 588639782 0.00397552156799
136.817801341 91414 8523023 802182364 0.00958935000668
207.443006619 121684 11359538 1074863194 0.0136463928136
STEP_DONE 
0.050323978983 0 7 402 -2.22028333615
0.0763011640511 0 6 890 -0.246761381507
0.115687744753 0 22 2174 -0.871480209285
0.175405637024 0 46 4830 -0.761297824669
0.265949842531 2 145 11318 0.141628635295
0.403232871773 2 315 25434 -0.61807868507
0.611381256445 12 657 58206 0.675310847925
0.926975618552 16 1388 131280 0.0867927577052
1.40547945874 52 3175 296434 0.519103263617
2.13098647839 96 7309 670188 0.20788641417
3.23099945918 206 16491 1516264 0.150272847944
4.89883798472 476 37000 3441314 0.194298303664
7.42761300449 886 83534 7761966 -0.0142856813932
11.2617390321 2088 186300 17403086 0.0461183848474
17.0750368861 4212 411099 38571542 -0.0373714450836
25.8891529834 9588 890318 83755382 0.0129437078557
39.2531065478 19838 1857066 175552560 0.00988685620552
59.5155188986 38184 3614122 342873072 0.00285126794433
90.2373672122 66264 6250555 591609008 0.00377862742175
136.817801341 91058 8529642 806312390 0.00924025200965
207.443006619 120504 11373140 1087149854 0.0130578705945
STEP_DONE 
0.050323978983 0 8 396 -2.72581081813
0.0763011640511 0 6 920 -0.202788927156
0.115687744753 0 21 2146 -0.804743870197
0.175405637024 0 44 4814 -0.685670120873
0.265949842531 2 143 11270 0.168910780075
0.403232871773 2 320 25414 -0.653028527252
0.611381256445 10 665 57904 0.350468089115
0.926975618552 16 1403 130940 0.0629466804475
1.40547945874 52 3192 295598 0.504337556578
2.13098647839 102 7338 668178 0.272672260186
3.23099945918 200 16476 1512136 0.11519064046
4.89883798472 476 36907 3430296 0.195679332682
7.42761300449 876 83433 7736352 -0.0261144869641
11.2617390321 2080 185456 17346866 0.0478877195153
17.0750368861 4236 409318 38444566 -0.0266522077525
25.8891529834 9492 885860 83508248 0.0101228738365
39.2531065478 19666 1848639 175095234 0.00789711023287
59.5155188986 37964 3594452 341846060 0.0051263008283
90.2373672122 66160 6244666 589528384 0.000718474970972
136.817801341 91008 8499018 801958470 0.0104507008207
207.443006619 119998 11258090 1072030702 0.0150344186333
STEP_DONE 
0.050323978983 0 7 406 -2.1738103551
0.0763011640511 0 7 912 -0.412902416852
0.115687744753 0 20 2150 -0.712381400889
0.175405637024 0 44 4736 -0.710211998777
0.265949842531 0 142 11228 -1.32806395481
0.403232871773 2 322 25338 -0.670659673283
0.611381256445 12 655 57908 0.673350641547
0.926975618552 16 1411 130524 0.0484889160669
1.40547945874 50 3211 295004 0.432172417462
2.13098647839 106 7314 667584 0.328332694194
3.23099945918 198 16533 1509958 0.0952971200369
4.89883798472 488 37092 3426204 0.213747029979
7.42761300449 880 83586 7730314 -0.0260534389836
11.2617390321 2102 186214 17324544 0.0492411357047
17.0750368861 4222 410659 38369556 -0.0380115454817
25.8891529834 9614 887891 83279074 0.0153671992627
39.2531065478 19794 1853165 174427452 0.00561229875362
59.5155188986 38172 3599786 339727240 0.00131682592822
90.2373672122 66050 6198265 583435540 0.0034146589744
136.817801341 89584 8350507 788223634 0.0126368423235
207.443006619 118494 11127396 1057212380 0.0120000717737
STEP_DONE 
0.050323978983 0 7 408 -2.16180849946
0.0763011640511 0 7 904 -0.427010915684
0.115687744753 0 22 2152 -0.883987857881
0.175405637024 0 44 4758 -0.704221046726
0.265949842531 2 135 11288 0.300333683853
0.403232871773 2 328 25398 -0.71137368588
0.611381256445 12 664 57780 0.645536287582
0.926975618552 16 1396 130624 0.0704789370237
1.40547945874 50 3213 295120 0.432125456794
2.13098647839 106 7282 667346 0.337690225385
3.23099945918 194 16483 1509292 0.0787346083185
4.89883798472 490 36884 3423116 0.229671683454
7.42761300449 884 83401 7721862 -0.018431462842
11.2617390321 2084 185715 17297776 0.0443391475503
17.0750368861 4222 409680 38310900 -0.0350096627841
25.8891529834 9532 886180 83109944 0.0087740113213
39.2531065478 19798 1849315 173934562 0.00703277670721
59.5155188986 38094 3585869 338213846 0.00242137946567
90.2373672122 65970 6160278 578385030 0.00560022318453
136.817801341 89512 8289515 776943410 0.0119550440302
207.443006619 118798 11142375 1058885694 0.0133499253293
STEP_DONE 
0.050323978983 0 7 394 -2.23034922286
0.0763011640511 0 7 894 -0.423666212311
0.115687744753 0 22 2146 -0.863977304202
0.175405637024 0 44 4698 -0.702892845815
0.265949842531 2 138 11188 0.234734209902
0.403232871773 2 317 25046 -0.641300948589
0.611381256445 12 662 56884 0.627518727003
0.926975618552 12 1402 128868 -0.208499275614
1.40547945874 48 3192 291290 0.369479397773
2.13098647839 104 7332 658528 0.280854295655
3.23099945918 196 16433 1489740 0.0817340810306
4.89883798472 488 36827 3375542 0.211170329764
7.42761300449 880 83188 7616392 -0.0309838886078
11.2617390321 2102 185214 17058168 0.0442498611428
17.0750368861 4282 408703 37765472 -0.0306051717113
25.8891529834 9628 882584 81917728 0.0124286421597
39.2531065478 19860 1839893 171459574 0.00621520455371
59.5155188986 38208 3566120 333393720 0.00232895594738
90.2373672122 66124 6125974 569364626 0.00356540198836
136.817801341 89342 8216902 761063304 0.00715360714418
207.443006619 119394 10929184 1012951118 0.0123931962384
STEP_DONE 
0.050323978983 0 8 392 -2.72675669434
0.0763011640511 0 6 906 -0.209344887567
0.115687744753 0 22 2162 -0.858207084412
0.175405637024 0 45 4718 -0.741733469906
0.265949842531 2 143 11170 0.154880819253
0.403232871773 2 319 25268 -0.645541039296
0.611381256445 12 661 57394 0.639936141004
0.926975618552 14 1414 129890 -0.0893698049576
1.40547945874 50 3194 292998 0.43199369792
2.13098647839 106 7328 662580 0.314069809517
3.23099945918 204 16451 1500390 0.131260706947
4.89883798472 490 36964 3401490 0.216504480243
7.42761300449 888 83566 7673062 -0.0239831836048
11.2617390321 2100 185875 17190426 0.0439003039396
17.0750368861 4244 409980 38070144 -0.0371888479413
25.8891529834 9628 886428 82605202 0.0120984018789
39.2531065478 19840 1846885 172956682 0.00633209427807
59.5155188986 38216 3578322 336321948 0.0043889280743
90.2373672122 66428 6177434 574744818 0.000813126152298
136.817801341 90726 8315228 768879966 0.0088216540226
207.443006619 120020 11033770 1023069608 0.00855453246241
STEP_DONE 
0.050323978983 0 8 412 -2.55398786841
0.0763011640511 0 7 906 -0.414141971924
0.115687744753 0 22 2154 -0.869391018994
0.175405637024 0 46 4734 -0.778495407747
0.265949842531 2 139 11222 0.225524591976
0.403232871773 2 332 25152 -0.750001011727
0.611381256445 10 664 57576 0.343791275665
0.926975618552 16 1406 129976 0.0510537749552
1.40547945874 52 3205 293694 0.485482116476
2.13098647839 106 7317 663546 0.319594840798
3.23099945918 198 16577 1501138 0.0834695567732
4.89883798472 496 37004 3405496 0.230995619663
7.42761300449 888 83505 7680216 -0.0217063205708
11.2617390321 2108 185696 17206648 0.0507479296719
17.0750368861 4264 409847 38093128 -0.0317694082506
25.8891529834 9626 887014 82648272 0.0110807075416
39.2531065478 19940 1852764 173015156 0.00520853431979
59.5155188986 38546 3600218 336699716 0.0017058349187
90.2373672122 66610 6192858 576460816 0.0014578818944
136.817801341 91320 8379146 775769530 0.00894465823726
207.443006619 121022 11185924 1044406464 0.0101544994901
STEP_DONE 
0.050323978983 0 8 394 -2.70469490239
0.0763011640511 0 6 900 -0.216374826285
0.115687744753 0 22 2174 -0.846383130976
0.175405637024 0 45 4772 -0.720563721171
0.265949842531 2 142 11232 0.175245105756
0.403232871773 2 321 25050 -0.673585271773
0.611381256445 12 665 57426 0.626256957553
0.926975618552 14 1398 129464 -0.0702422548192
1.40547945874 52 3200 292852 0.484086299237
2.13098647839 110 7334 661936 0.361492016039
3.23099945918 196 16472 1497746 0.0824909486201
4.89883798472 480 36960 3398388 0.191160868544
7.42761300449 890 83438 7666826 -0.0195479230908
11.2617390321 2106 186021 17185518 0.0449307286251
17.0750368861 4294 410211 38064398 -0.0274283415873
25.8891529834 9614 886931 82594082 0.00945798481178
39.2531065478 19882 1850985 172983654 0.0042155747833
59.5155188986 38370 3597126 337111206 0.000386012186077
90.2373672122 67066 6223785 579444910 0.00351711349491
136.817801341 91746 8449110 784367224 0.00807897019066
207.443006619 120274 11130473 1042724734 0.012361127258
STEP_DONE 
0.050323978983 0 8 404 -2.64295107295
0.0763011640511 0 7 902 -0.42769756573
0.115687744753 0 22 2146 -0.885982591821
0.175405637024 0 44 4794 -0.688493384251
0.265949842531 2 144 11224 0.147430652794
0.403232871773 2 325 25372 -0.689564584398
0.611381256445 12 661 57748 0.652460393539
0.926975618552 12 1415 130394 -0.217712204539
1.40547945874 48 3217 295164 0.370881535356
2.13098647839 102 7343 667458 0.269096801632
3.23099945918 198 16490 1508994 0.0998364419286
4.89883798472 492 36958 3424234 0.230122379015
7.42761300449 868 83283 7727386 -0.0323301637668
11.2617390321 2090 185399 17318148 0.0516382808943
17.0750368861 4242 409247 38364160 -0.0269108215527
25.8891529834 9524 884732 83307534 0.0135431722066
39.2531065478 19732 1846335 174609492 0.0108611767123
59.5155188986 37896 3590479 340679854 0.00230918705239
90.2373672122 66084 6224537 587020232 0.00178000798393
136.817801341 91472 8502851 799136624 0.0110541518872
207.443006619 122882 11480890 1086667584 0.0131250298379
STEP_DONE 
0.050323978983 0 8 406 -2.65206829071
0.0763011640511 0 7 918 -0.413286775898
0.115687744753 0 21 2160 -0.801940639269
0.175405637024 0 47 4802 -0.814055787258
0.265949842531 2 144 11344 0.161371627053
0.403232871773 2 323 25554 -0.670568272387
0.611381256445 12 655 58106 0.684304095381
0.926975618552 16 1425 131782 0.0385204712905
1.40547945874 52 3171 297046 0.524830585317
2.13098647839 108 7346 672268 0.354384926975
3.23099945918 196 16544 1521364 0.0909038846336
4.89883798472 478 37040 3453648 0.200833063206
7.42761300449 880 83699 7795318 -0.0205583051971
11.2617390321 2072 186326 17482060 0.0424542339298
17.0750368861 4194 411161 38787422 -0.0361013478525
25.8891529834 9516 892185 84364784 0.00862941624648
39.2531065478 19910 1871010 177365764 0.00887651036319
59.5155188986 38620 3655768 347788414 0.00542362390813
90.2373672122 67506 6385568 604460846 0.00112923787841
136.817801341 94626 8858325 836904484 0.00923013725978
207.443006619 127730 12032882 1146957578 0.011938852259
STEP_DONE 
0.050323978983 0 7 416 -2.1494307509
0.0763011640511 0 7 922 -0.42100129325
0.115687744753 0 21 2174 -0.807952887364
0.175405637024 0 46 4810 -0.789946743371
0.265949842531 2 143 11436 0.19122291896
0.403232871773 2 318 25684 -0.635386018852
0.611381256445 10 659 58836 0.39213121295
0.926975618552 16 1418 132864 0.0571040442619
1.40547945874 48 3214 300402 0.396881619841
2.13098647839 102 7303 679464 0.303010061842
3.23099945918 204 16609 1538684 0.140789803578
4.89883798472 464 37134 3494164 0.17387614539
7.42761300449 890 84015 7891244 -0.00495299505023
11.2617390321 2054 187156 17719366 0.0382972365113
17.0750368861 4212 413897 39353514 -0.031157949288
25.8891529834 9494 900053 85783982 0.00549057641537
39.2531065478 19940 1896527 180932444 0.00330044418413
59.5155188986 39236 3741722 356732912 8.39101003906e-05
90.2373672122 69016 6551516 621150276 -0.00103676147181
136.817801341 95464 9020542 857173360 0.00570140169765
207.443006619 128170 12197971 1169820648 0.00791537165153
STEP_DONE 
0.050323978983 0 8 400 -2.7361048243
0.0763011640511 0 7 922 -0.418261050439
0.115687744753 0 22 2198 -0.869752186865
0.175405637024 0 43 4854 -0.654846595024
0.265949842531 2 138 11468 0.273541662454
0.403232871773 2 319 25712 -0.639031303473
0.611381256445 12 660 58658 0.682858863826
0.926975618552 16 1401 132762 0.0800880495877
1.40547945874 42 3205 299934 0.22549388343
2.13098647839 104 7327 679222 0.320662683773
3.23099945918 196 16540 1536220 0.10179207368
4.89883798472 462 37152 3488174 0.16584509952
7.42761300449 868 83841 7871748 -0.0276577999139
11.2617390321 2050 186711 17645012 0.0368784196361
17.0750368861 4220 412758 39120586 -0.0298891921003
25.8891529834 9494 893477 85046006 0.0113579207122
39.2531065478 19550 1868413 178722540 0.00138968079445
59.5155188986 38104 3652393 350493528 0.00179334597028
90.2373672122 66538 6376307 608893350 -0.00287966545592
136.817801341 92064 8752339 837132806 0.00635610548984
207.443006619 124100 11866779 1142930642 0.00770709577385
STEP_DONE 
0.050323978983 0 7 402 -2.22208789288
0.0763011640511 0 7 906 -0.429668137899
0.115687744753 0 21 2174 -0.787413982893
0.175405637024 0 44 4790 -0.699740251989
0.265949842531 2 141 11346 0.209347488385
0.403232871773 2 327 25496 -0.701763636333
0.611381256445 12 657 58082 0.675425805045
0.926975618552 16 1400 131232 0.0696110609147
1.40547945874 50 3200 296668 0.446753219456
2.13098647839 110 7313 671496 0.387035441845
3.23099945918 198 16577 1519668 0.0968171555897
4.89883798472 474 36997 3451568 0.192103692038
7.42761300449 890 83747 7789584 -0.0113747910267
11.2617390321 2096 186763 17478572 0.0492947499485
17.0750368861 4248 412714 38770278 -0.0318710478302
25.8891529834 9650 894843 84392638 0.0167598841145
39.2531065478 19994 1876277 177680272 0.00923921782655
59.5155188986 38566 3672393 349361206 -0.000158396686546
90.2373672122 68002 6433623 609797934 0.00231895623354
136.817801341 94576 8895421 844594528 0.00965162425506
207.443006619 125470 11941670 1146665230 0.00958921693226
STEP_DONE 
0.050323978983 0 7 408 -2.19313842273
0.0763011640511 0 7 902 -0.444346426246
0.115687744753 0 23 2188 -0.956412311237
0.175405637024 0 43 4832 -0.656232866852
0.265949842531 2 143 11434 0.187066971403
0.403232871773 2 318 25602 -0.635227254153
0.611381256445 10 664 58454 0.367305074041
0.926975618552 14 1419 132172 -0.080874418362
1.40547945874 46 3200 298456 0.339190446029
2.13098647839 100 7314 675912 0.267246969326
3.23099945918 188 16533 1529088 0.0523654394356
4.89883798472 490 37035 3472708 0.237044292649
7.42761300449 862 83555 7835652 -0.0319724161971
11.2617390321 2074 186133 17577160 0.0509312399722
17.0750368861 4230 411526 39005438 -0.0244885877576
25.8891529834 9524 894189 84885182 0.0110522004405
39.2531065478 19844 1874421 178465830 0.00813061376165
59.5155188986 38382 3666211 350219752 0.000740943882857
90.2373672122 67332 6411187 609369744 -0.00126921981867
136.817801341 94892 8911312 844098632 0.00865531918719
207.443006619 126638 11977627 1146039322 0.0117537605245
STEP_DONE 
0.050323978983 0 8 404 -2.65682071483
0.0763011640511 0 7 914 -0.414317420888
0.115687744753 0 22 2174 -0.868780043319
0.175405637024 0 45 4808 -0.72839539818
0.265949842531 2 143 11276 0.170244002225
0.403232871773 2 319 25534 -0.639310376138
0.611381256445 12 663 58044 0.653238408859
0.926975618552 14 1399 131330 -0.058347216658
1.40547945874 42 3209 296818 0.209869997287
2.13098647839 108 7324 671630 0.357170902846
3.23099945918 202 16543 1518384 0.122227955162
4.89883798472 498 37056 3446446 0.24637964544
7.42761300449 892 83750 7777030 -0.0108152786952
11.2617390321 2076 186535 17433240 0.0393088327417
17.0750368861 4264 411539 38631172 -0.0262461043205
25.8891529834 9504 889760 83894244 0.0072832256435
39.2531065478 19836 1857692 175888414 0.0110596708934
59.5155188986 38100 3615109 343669094 0.00261335269917
90.2373672122 66418 6276290 593604142 0.00139008214075
136.817801341 91194 8555038 810163780 0.00963068915633
207.443006619 122770 11565599 1103850604 0.0133515934875
STEP_DONE 
0.050323978983 0 8 398 -2.68790946992
0.0763011640511 0 7 920 -0.395993992283
0.115687744753 0 21 2158 -0.785423270946
0.175405637024 0 44 4772 -0.691708681823
0.265949842531 2 141 11270 0.198003454898
0.403232871773 0 322 25286 -1.33641009861
0.611381256445 10 664 57554 0.345482642818
0.926975618552 14 1396 130456 -0.0602054896651
1.40547945874 52 3180 294282 0.504445027126
2.13098647839 104 7303 665930 0.302206952827
3.23099945918 202 16520 1507162 0.116866862971
4.89883798472 482 37026 3420092 0.199742126244
7.42761300449 890 83569 7713792 -0.016722392379
11.2617390321 2142 186208 17293910 0.0668419529164
17.0750368861 4278 411127 38326370 -0.0287652824514
25.8891529834 9650 890151 83238742 0.0135809905785
39.2531065478 19904 1857771 174530732 0.00678224372067
59.5155188986 38372 3613248 340864368 0.00250456127965
90.2373672122 66648 6258853 588498562 0.00178401724776
136.817801341 92022 8551438 803686020 0.0113812905092
207.443006619 121262 11356795 1077826404 0.0135938034014
STEP_DONE 
0.050323978983 0 8 414 -2.56736382652
0.0763011640511 0 6 926 -0.196184090859
0.115687744753 0 22 2164 -0.876822419823
0.175405637024 0 43 4772 -0.663511390397
0.265949842531 2 140 11298 0.22066508596
0.403232871773 2 311 25366 -0.591635267709
0.611381256445 12 666 57948 0.642658459705
0.926975618552 16 1407 131172 0.0590767369322
1.40547945874 52 3211 296244 0.494572312493
2.13098647839 102 7284 670154 0.290259829777
3.23099945918 200 16465 1515604 0.118794293754
4.89883798472 496 37036 3439238 0.240767614893
7.42761300449 896 83674 7762994 -0.00643479998075
11.2617390321 2104 186595 17403418 0.0507171329248
17.0750368861 4206 411722 38571020 -0.0415075296253
25.8891529834 9554 890558 83778326 0.00924486734993
39.2531065478 19824 1860991 175668296 0.00578030845881
59.5155188986 38336 3621263 343199118 0.00381280991457
90.2373672122 66872 6284861 592455186 0.00332609329011
136.817801341 91930 8575849 807853868 0.00981547597546
207.443006619 122222 11443629 1086291260 0.0138454691477
STEP_DONE 
0.050323978983 0 7 400 -2.20666566986
0.0763011640511 0 6 872 -0.260812189983
0.115687744753 0 23 2164 -0.947539223837
0.175405637024 0 44 4718 -0.708875303987
0.265949842531 2 142 11158 0.172637381295
0.403232871773 2 322 25118 -0.680649693027
0.611381256445 12 655 57428 0.664059708567
0.926975618552 16 1390 129632 0.0712466172043
1.40547945874 48 3184 292726 0.383328539952
2.13098647839 104 7336 662504 0.288678101057
3.23099945918 200 16435 1497032 0.109766374065
4.89883798472 482 36971 3399958 0.197471267819
7.42761300449 890 83304 7672322 -0.0158282963354
11.2617390321 2108 185556 17194282 0.0516456999723
17.0750368861 4224 409627 38102638 -0.0393716893852
25.8891529834 9624 886493 82738820 0.013099867965
39.2531065478 19990 1855214 173470936 0.00762153590558
59.5155188986 38546 3607399 338800850 0.00396982394364
90.2373672122 66938 6258710 585113316 0.000273682773677
136.817801341 92116 8535440 798111258 0.00917139699997
207.443006619 121408 11298214 1065540552 0.013497522567
STEP_DONE 
