#Theta DD DR RR XI factor=126.919182948 jknum= 20
0.050323978983 0 5 340 -2.71243052881
0.0763011640511 0 6 782 -0.936920275899
0.115687744753 0 16 1844 -1.19041454194
0.175405637024 0 32 4118 -0.961692285256
0.265949842531 2 89 9824 1.95650235308
0.403232871773 2 196 21952 0.197568995492
0.611381256445 4 425 50306 0.134086889664
0.926975618552 12 913 114030 0.655382926523
1.40547945874 18 2026 257726 0.128239483017
2.13098647839 42 4722 584436 0.105297909675
3.23099945918 106 10732 1322598 0.228462207178
4.89883798472 206 23818 3007098 0.0919092796244
7.42761300449 462 53909 6792490 0.0800991864124
11.2617390321 932 119853 15255602 -0.0099605257156
17.0750368861 1994 265180 33889896 -0.0379117872722
25.8891529834 4568 575004 73912114 0.0207428996112
39.2531065478 9444 1214631 156074414 -0.00057779112034
59.5155188986 18742 2406009 308447706 -0.00109406990562
90.2373672122 33278 4258546 539442824 -0.0100414053841
136.817801341 46856 5879686 742474492 0.00632016441403
207.443006619 61286 7782039 992676680 0.00458931694745
STEP_DONE 
0.050323978983 0 5 348 -2.64641463179
0.0763011640511 0 5 788 -0.610345548048
0.115687744753 0 16 1884 -1.15533297981
0.175405637024 0 32 4120 -0.971188026193
0.265949842531 2 88 9868 2.00032813576
0.403232871773 2 196 22222 0.210776192037
0.611381256445 2 414 50894 -0.431690403303
0.926975618552 12 902 114726 0.688909199577
1.40547945874 22 2054 259198 0.355578286437
2.13098647839 42 4753 588440 0.0993724378783
3.23099945918 108 10785 1332634 0.25105394204
4.89883798472 200 23880 3028656 0.0622783479242
7.42761300449 476 53955 6837754 0.118347608449
11.2617390321 968 119731 15355530 0.0362128200554
17.0750368861 2042 265751 34112158 -0.013244865848
25.8891529834 4494 575679 74396814 0.00886003902635
39.2531065478 9346 1215454 157043712 -0.00594670711034
59.5155188986 18570 2403620 310299174 -0.00224007876576
90.2373672122 32892 4235683 542322988 -0.00555541253494
136.817801341 45694 5819597 745876734 0.00630341745609
207.443006619 60452 7765440 1000567008 0.00319285640858
STEP_DONE 
0.050323978983 0 5 346 -2.70704618329
0.0763011640511 0 6 774 -0.988586014605
0.115687744753 0 14 1896 -0.894191108848
0.175405637024 0 32 4234 -0.938800913625
0.265949842531 2 88 10010 2.03184568304
0.403232871773 2 196 22388 0.22386077058
0.611381256445 2 412 51368 -0.416955415418
0.926975618552 12 907 115888 0.695815726247
1.40547945874 22 2041 262326 0.383829348886
2.13098647839 38 4749 593808 0.00121136448502
3.23099945918 110 10722 1344558 0.300281075125
4.89883798472 200 23844 3058362 0.0758701475637
7.42761300449 470 53920 6904840 0.116602977812
11.2617390321 916 119494 15507412 -0.00492856167793
17.0750368861 1952 264829 34443374 -0.0400380594175
25.8891529834 4490 574625 75102628 0.0208135270288
39.2531065478 9214 1213226 158549130 -0.00688593802331
59.5155188986 18370 2402084 313276768 -0.00226042748623
90.2373672122 32690 4241003 547759222 -0.00433076568358
136.817801341 45484 5847983 755211212 0.00440519327688
207.443006619 60294 7850227 1023093714 0.0011990468004
STEP_DONE 
0.050323978983 0 5 334 -2.80749259199
0.0763011640511 0 6 790 -0.931700039076
0.115687744753 0 15 1878 -1.03147368327
0.175405637024 0 32 4180 -0.947104345608
0.265949842531 2 90 9938 1.95128806758
0.403232871773 2 205 22184 0.107678629822
0.611381256445 4 414 50942 0.202860575309
0.926975618552 12 902 114874 0.692290179078
1.40547945874 22 2017 259804 0.394871557745
2.13098647839 42 4721 588754 0.114220790115
3.23099945918 104 10718 1333014 0.21673356195
4.89883798472 210 23777 3031720 0.125487567596
7.42761300449 476 53868 6839256 0.122300391034
11.2617390321 946 119413 15358726 0.0186300379959
17.0750368861 2028 264530 34115672 -0.0107766278031
25.8891529834 4528 572879 74386228 0.0256491904393
39.2531065478 9222 1208614 157029456 -0.00782869931232
59.5155188986 18414 2392379 310268672 -0.00133424289203
90.2373672122 32612 4219982 542479810 -0.00630875453634
136.817801341 44948 5770557 745995428 0.00699786958968
207.443006619 59176 7711574 1004646264 0.000289726525407
STEP_DONE 
0.050323978983 0 5 346 -2.70399108886
0.0763011640511 0 5 800 -0.601976145931
0.115687744753 0 15 1878 -1.04725386061
0.175405637024 0 30 4196 -0.832575190769
0.265949842531 2 86 9984 2.08231181443
0.403232871773 2 198 22398 0.200749558898
0.611381256445 4 420 51236 0.181145851355
0.926975618552 12 909 115690 0.689709973857
1.40547945874 22 2037 262140 0.386674512376
2.13098647839 42 4760 593408 0.106455960567
3.23099945918 106 10733 1342770 0.247790037795
4.89883798472 198 23839 3053168 0.0638342877135
7.42761300449 460 53949 6891892 0.0898386969592
11.2617390321 930 119501 15480152 0.0080679752334
17.0750368861 1994 264708 34385460 -0.0207366229045
25.8891529834 4412 573120 74998624 0.00751442303554
39.2531065478 9176 1208939 158371910 -0.0049727306418
59.5155188986 18170 2388197 312880684 -0.00262002564963
90.2373672122 32462 4230798 546546870 -0.00860515721645
136.817801341 45056 5802465 751600822 0.00579729509653
207.443006619 59788 7771341 1012197654 0.00223768926608
STEP_DONE 
0.050323978983 0 4 348 -1.93188391772
0.0763011640511 0 6 792 -0.932378036681
0.115687744753 0 13 1878 -0.765687279523
0.175405637024 0 31 4144 -0.908130049734
0.265949842531 2 88 9912 2.01743787039
0.403232871773 2 200 22266 0.169880862165
0.611381256445 4 407 51004 0.24020894926
0.926975618552 12 902 115082 0.696837264844
1.40547945874 20 2046 260596 0.245699371176
2.13098647839 40 4719 590828 0.0639123583075
3.23099945918 102 10722 1336878 0.195286596747
4.89883798472 204 23851 3040592 0.0904500934179
7.42761300449 466 53872 6866158 0.10262227706
11.2617390321 936 119381 15416718 0.0123509587461
17.0750368861 1986 264199 34226902 -0.0251188236462
25.8891529834 4516 572250 74608606 0.0281247551365
39.2531065478 9220 1207995 157392668 -0.00486564675579
59.5155188986 18322 2387132 310263700 -0.00197153942811
90.2373672122 32540 4204873 540086534 -0.00589128133847
136.817801341 44546 5714788 738009118 0.00662126237557
207.443006619 58924 7659454 996305396 0.001020916217
STEP_DONE 
0.050323978983 0 4 352 -1.8837911387
0.0763011640511 0 6 786 -0.937203207678
0.115687744753 0 15 1870 -1.03561727438
0.175405637024 0 30 4122 -0.846969579373
0.265949842531 0 81 9910 -1.07423443357
0.403232871773 2 210 22112 0.0461317344863
0.611381256445 4 412 50754 0.208856814981
0.926975618552 12 909 114438 0.672512016725
1.40547945874 20 2037 259194 0.247931615711
2.13098647839 44 4700 587226 0.17523328066
3.23099945918 108 10706 1329410 0.264281132615
4.89883798472 210 23716 3020892 0.12693335763
7.42761300449 452 53792 6818558 0.065246362528
11.2617390321 932 119496 15299732 -0.00129125120185
17.0750368861 2002 264442 33955758 -0.0270917230924
25.8891529834 4498 572359 73977180 0.0154986387542
39.2531065478 9316 1207545 155891150 -0.0036042458724
59.5155188986 18444 2381888 306746776 -0.002478662382
90.2373672122 32592 4163132 531907140 0.000289183767071
136.817801341 44284 5637240 723047558 0.007535857329
207.443006619 59096 7618939 984001720 0.00200924969685
STEP_DONE 
0.050323978983 0 4 344 -1.94454717515
0.0763011640511 0 6 776 -0.957972090691
0.115687744753 0 16 1896 -1.13697094568
0.175405637024 0 31 4104 -0.912807692238
0.265949842531 2 84 9904 2.08961786523
0.403232871773 2 203 22144 0.126493837916
0.611381256445 4 418 50476 0.173377177448
0.926975618552 10 904 114064 0.398531044572
1.40547945874 22 2042 258290 0.363486805196
2.13098647839 42 4738 585430 0.100684827184
3.23099945918 102 10646 1324508 0.199185174547
4.89883798472 212 23671 3009158 0.137447739902
7.42761300449 478 53718 6795542 0.125895665704
11.2617390321 942 119145 15249212 0.0117818043157
17.0750368861 2014 263810 33847696 -0.0197875844858
25.8891529834 4496 570212 73745224 0.0193561662465
39.2531065478 9262 1202533 155417940 -0.00397047621542
59.5155188986 18372 2371470 305821214 -0.000582263954006
90.2373672122 32456 4154931 529610666 -0.00420836819415
136.817801341 44558 5637705 716876990 0.00497465665172
207.443006619 59438 7586838 970909452 0.00264316190038
STEP_DONE 
0.050323978983 0 5 334 -2.77917691278
0.0763011640511 0 6 784 -0.932007789084
0.115687744753 0 15 1864 -1.03151033616
0.175405637024 0 31 4122 -0.898573399074
0.265949842531 2 86 9874 2.02842189173
0.403232871773 2 193 22104 0.237359430742
0.611381256445 4 415 50374 0.185376666511
0.926975618552 8 899 114066 0.127779935925
1.40547945874 18 2031 258216 0.125009002109
2.13098647839 42 4733 585214 0.101745887681
3.23099945918 104 10718 1325306 0.208669242008
4.89883798472 194 23827 3009454 0.0283376394485
7.42761300449 464 53888 6791990 0.0855060288516
11.2617390321 920 119527 15240834 -0.0180845244564
17.0750368861 2030 264858 33826928 -0.0204861009767
25.8891529834 4574 573355 73716958 0.0250944386876
39.2531065478 9302 1208529 155368454 -0.00977168737925
59.5155188986 18478 2379439 305718738 -0.0018488408115
90.2373672122 32872 4181299 529581350 -0.00424141170299
136.817801341 45230 5669291 715511026 0.00689966260907
207.443006619 59152 7527015 959189474 0.00151029775772
STEP_DONE 
0.050323978983 0 5 340 -2.69611511583
0.0763011640511 0 5 796 -0.578742637415
0.115687744753 0 16 1874 -1.14587686554
0.175405637024 0 32 4108 -0.957825338863
0.265949842531 2 85 9804 2.04256464889
0.403232871773 2 206 22010 0.0826746317412
0.611381256445 4 417 50418 0.174157208732
0.926975618552 12 915 113736 0.644235884998
1.40547945874 22 2034 257282 0.363407728322
2.13098647839 42 4751 582642 0.0889522463015
3.23099945918 104 10709 1319004 0.204594358322
4.89883798472 208 23816 2997192 0.0988265812668
7.42761300449 480 53942 6765338 0.116497442938
11.2617390321 942 119474 15187108 0.00233588036946
17.0750368861 2002 264504 33711006 -0.034169605626
25.8891529834 4536 571722 73457742 0.019030775154
39.2531065478 9322 1205529 154867406 -0.00586463740905
59.5155188986 18532 2375964 304909314 0.00134350642918
90.2373672122 32890 4180427 528018328 -0.00617385394822
136.817801341 45620 5683693 712797738 0.00663927809599
207.443006619 59656 7539458 951044664 -0.00186991492843
STEP_DONE 
0.050323978983 0 5 350 -2.5923292797
0.0763011640511 0 6 772 -0.954376032998
0.115687744753 0 15 1864 -1.02357604275
0.175405637024 0 32 4108 -0.958816355046
0.265949842531 2 87 9806 1.99322326519
0.403232871773 2 205 21914 0.0903946102077
0.611381256445 2 411 50228 -0.428177126806
0.926975618552 12 911 113490 0.652992842931
1.40547945874 22 2028 257186 0.369398391139
2.13098647839 44 4726 582074 0.153296567153
3.23099945918 106 10749 1317298 0.220158089225
4.89883798472 208 23829 2995640 0.0973673696999
7.42761300449 476 53809 6761116 0.111660107049
11.2617390321 962 119281 15178246 0.0257723118123
17.0750368861 2026 264092 33675780 -0.0209571452587
25.8891529834 4548 572803 73367610 0.0167035325556
39.2531065478 9344 1207059 154652474 -0.00752927504179
59.5155188986 18590 2382756 304606074 -0.00226704824119
90.2373672122 33060 4194875 528857740 -0.00637615016979
136.817801341 45632 5711437 718641372 0.00528171690733
207.443006619 60742 7659145 965578772 -0.000184720714199
STEP_DONE 
0.050323978983 0 5 338 -2.73151925429
0.0763011640511 0 5 788 -0.600575517705
0.115687744753 0 15 1898 -0.993551382431
0.175405637024 0 31 4150 -0.884282349229
0.265949842531 2 88 9918 1.9696659091
0.403232871773 2 199 21964 0.16305402522
0.611381256445 4 416 50572 0.183226382014
0.926975618552 12 900 113910 0.682781300387
1.40547945874 22 2042 258114 0.360249183861
2.13098647839 44 4750 584862 0.148078945848
3.23099945918 98 10737 1323938 0.131779146847
4.89883798472 190 23804 3009618 0.00913307963085
7.42761300449 468 53857 6795302 0.0963304779432
11.2617390321 948 119707 15259562 0.00942333495832
17.0750368861 2044 265192 33880798 -0.0147259591924
25.8891529834 4542 574264 73838218 0.0166859252224
39.2531065478 9394 1211165 155779038 -0.00193960597072
59.5155188986 18598 2394467 307205630 -0.00309476550782
90.2373672122 33186 4223367 535233202 -0.00411846035418
136.817801341 45932 5781460 731419960 0.00507326996002
207.443006619 59926 7625298 973608876 0.00349338408506
STEP_DONE 
0.050323978983 0 5 348 -2.67837596637
0.0763011640511 0 6 790 -0.944417472854
0.115687744753 0 15 1892 -1.02971697087
0.175405637024 0 31 4202 -0.888734884587
0.265949842531 2 90 9934 1.97951325519
0.403232871773 2 201 22386 0.165229308999
0.611381256445 4 412 51138 0.219083596346
0.926975618552 10 908 115472 0.405895527751
1.40547945874 20 2039 261802 0.257850585794
2.13098647839 40 4743 592934 0.0574965255777
3.23099945918 100 10695 1341416 0.180352337888
4.89883798472 212 23807 3051014 0.140897366541
7.42761300449 456 53869 6888190 0.0825902542231
11.2617390321 930 119497 15467460 0.007327719745
17.0750368861 2006 264980 34353042 -0.0179214638048
25.8891529834 4496 574046 74927598 0.0218118273935
39.2531065478 9308 1213767 158162258 -0.000380342901899
59.5155188986 18408 2402634 312361068 -0.00357681450737
90.2373672122 32654 4240497 545538086 -0.0092146049654
136.817801341 45700 5835256 750391104 0.00708242038245
207.443006619 60546 7822523 1014983816 0.00433751570675
STEP_DONE 
0.050323978983 0 5 346 -2.6827676452
0.0763011640511 0 6 794 -0.925799907162
0.115687744753 0 15 1870 -1.04423145225
0.175405637024 0 33 4158 -1.02259937339
0.265949842531 2 89 9952 1.98394293799
0.403232871773 2 204 22262 0.123382229734
0.611381256445 4 411 50892 0.218048570179
0.926975618552 12 917 114954 0.662009152807
1.40547945874 22 2026 260392 0.388955293443
2.13098647839 44 4734 590430 0.166661050736
3.23099945918 106 10718 1336142 0.243827851
4.89883798472 198 23727 3037714 0.0677602262152
7.42761300449 460 53658 6858710 0.0952127293326
11.2617390321 932 119018 15394686 0.0127287483001
17.0750368861 1998 263648 34186686 -0.0164449214702
25.8891529834 4456 570839 74549040 0.0190932363583
39.2531065478 9234 1207174 157375672 -0.00215333160457
59.5155188986 18288 2388307 310732432 -0.00316290890196
90.2373672122 32570 4227774 544029374 -0.00841001127894
136.817801341 46208 5901034 758458880 0.00641528419682
207.443006619 63360 8154219 1051678008 0.00224412040668
STEP_DONE 
0.050323978983 0 4 356 -1.88514940982
0.0763011640511 0 6 786 -0.960139675376
0.115687744753 0 16 1886 -1.17839488843
0.175405637024 0 32 4192 -0.960139675376
0.265949842531 2 89 10014 2.0100138358
0.403232871773 2 198 22474 0.204656230621
0.611381256445 4 413 51410 0.219717121123
0.926975618552 12 926 116188 0.655976337489
1.40547945874 18 2036 262710 0.139383006298
2.13098647839 42 4739 595626 0.11932342751
3.23099945918 94 10738 1347868 0.10391028794
4.89883798472 204 23900 3067012 0.0954350641954
7.42761300449 474 54100 6927038 0.12251134641
11.2617390321 930 119928 15568800 0.00666729022215
17.0750368861 2014 266156 34621716 -0.0151075321189
25.8891529834 4508 578923 75648952 0.0172235127582
39.2531065478 9342 1226836 160192222 -0.00525134858002
59.5155188986 18646 2436510 317870442 -0.00130873020058
90.2373672122 33322 4342234 560024816 -0.010168007876
136.817801341 47506 6090523 783791160 0.00377036385801
207.443006619 64166 8270176 1069450356 0.0033161466087
STEP_DONE 
0.050323978983 0 5 352 -2.62687622247
0.0763011640511 0 6 788 -0.944152939556
0.115687744753 0 16 1908 -1.14114956865
0.175405637024 0 31 4196 -0.886390530961
0.265949842531 2 86 9996 2.0642934859
0.403232871773 2 200 22284 0.171190983395
0.611381256445 4 419 51006 0.180691097376
0.926975618552 8 918 115268 0.0977035546778
1.40547945874 20 2033 261184 0.260606468619
2.13098647839 42 4741 592256 0.111891747477
3.23099945918 104 10719 1340816 0.222974440932
4.89883798472 208 23872 3049578 0.112934674408
7.42761300449 468 53956 6886354 0.107082709174
11.2617390321 922 119595 15464472 -0.00288678047077
17.0750368861 2008 265064 34352696 -0.0174374094308
25.8891529834 4528 575255 74945838 0.0248836178999
39.2531065478 9286 1213306 158218966 -0.00144113076458
59.5155188986 18360 2404463 313189486 -0.00480358141988
90.2373672122 32906 4275605 551439600 -0.00713986091094
136.817801341 46900 5999816 771526346 0.00516640867582
207.443006619 64214 8244840 1062155626 0.00337325397286
STEP_DONE 
0.050323978983 0 5 344 -2.67407596754
0.0763011640511 0 6 800 -0.895823199252
0.115687744753 0 15 1862 -1.03632996697
0.175405637024 0 31 4172 -0.878252450521
0.265949842531 2 87 9840 2.01183046775
0.403232871773 0 199 22166 -1.26935436645
0.611381256445 4 414 50484 0.192743863981
0.926975618552 12 907 114396 0.671488046677
1.40547945874 22 2031 258960 0.374570001916
2.13098647839 42 4752 587042 0.0966806466102
3.23099945918 106 10749 1327924 0.228983073785
4.89883798472 210 23816 3019562 0.117227108054
7.42761300449 478 54032 6816080 0.116434487004
11.2617390321 946 120057 15310586 0.00485886483793
17.0750368861 2052 266078 34011964 -0.0137502829986
25.8891529834 4560 576666 74188930 0.0170201953474
39.2531065478 9430 1216287 156672118 -0.000905890800726
59.5155188986 18644 2408907 309848796 -0.00402523994963
90.2373672122 33324 4261280 542189102 -0.00487856403374
136.817801341 46414 5864118 746344012 0.00730165692515
207.443006619 60446 7760308 1000714128 0.00465110392072
STEP_DONE 
0.050323978983 0 5 338 -2.73589208518
0.0763011640511 0 6 790 -0.918073202212
0.115687744753 0 14 1874 -0.886685309184
0.175405637024 0 29 4112 -0.781090185744
0.265949842531 2 86 9886 2.02881204204
0.403232871773 2 199 22000 0.16514106306
0.611381256445 4 412 50536 0.203153366021
0.926975618552 12 899 114162 0.687284563047
1.40547945874 22 2028 258218 0.375040052819
2.13098647839 40 4719 585256 0.0534575440193
3.23099945918 108 10714 1324880 0.257494312446
4.89883798472 202 23858 3013640 0.0694382480266
7.42761300449 480 53939 6801926 0.122522237764
11.2617390321 960 119674 15278060 0.0236905847969
17.0750368861 2038 265011 33933506 -0.0146851376291
25.8891529834 4520 574209 73998406 0.0142575182436
39.2531065478 9348 1212333 156209256 -0.00581242030184
59.5155188986 18498 2397359 308788896 -0.00552589087159
90.2373672122 33208 4245308 540603720 -0.00376355069928
136.817801341 46348 5853599 744841866 0.00745354436122
207.443006619 61262 7803328 997212248 0.00333691514032
STEP_DONE 
0.050323978983 0 5 358 -2.5570496104
0.0763011640511 0 5 800 -0.591779700655
0.115687744753 0 16 1886 -1.1606341642
0.175405637024 0 32 4156 -0.960999053742
0.265949842531 2 90 9926 1.95814364174
0.403232871773 2 191 22210 0.270030338826
0.611381256445 4 419 50842 0.176889418645
0.926975618552 12 911 115136 0.674951011817
1.40547945874 22 2040 260664 0.37542921906
2.13098647839 38 4721 590642 0.00759572360707
3.23099945918 102 10679 1336410 0.202536472802
4.89883798472 210 23797 3039086 0.126264906384
7.42761300449 476 53909 6864764 0.124376909445
11.2617390321 936 119515 15415384 0.010054074786
17.0750368861 1958 265053 34244162 -0.0440866245556
25.8891529834 4478 573989 74705848 0.0151957497609
39.2531065478 9236 1212081 157734834 -0.00755694403922
59.5155188986 18556 2403406 311844054 0.00204841766708
90.2373672122 33202 4262684 545416068 -0.00333366994928
136.817801341 46212 5874195 750366666 0.0048993270514
207.443006619 61754 7881409 1009454196 0.00355375067889
STEP_DONE 
0.050323978983 0 4 342 -1.93800290199
0.0763011640511 0 5 746 -0.683641073192
0.115687744753 0 16 1872 -1.14700212069
0.175405637024 0 31 4070 -0.913311226469
0.265949842531 2 90 9738 1.91831986006
0.403232871773 2 205 21822 0.085999691295
0.611381256445 4 410 50100 0.203779850836
0.926975618552 12 904 113008 0.665679124202
1.40547945874 20 2029 255732 0.240697436554
2.13098647839 42 4742 580050 0.0886549764739
3.23099945918 108 10693 1311128 0.250763556851
4.89883798472 206 23883 2984240 0.0785972520097
7.42761300449 472 53818 6739032 0.0988148165632
11.2617390321 938 119450 15130348 -0.0051686246007
17.0750368861 1990 264774 33605266 -0.0450222667288
25.8891529834 4576 573872 73274236 0.0178184908513
39.2531065478 9426 1212863 154705768 -0.00818878625254
59.5155188986 18764 2400024 305780460 -0.00358649871487
90.2373672122 33430 4244562 535136658 -0.00696457089615
136.817801341 46434 5836595 736934574 0.0044711969484
207.443006619 60642 7684608 977836926 0.0042060475797
STEP_DONE 
