#Theta DD DR RR XI factor=98.695441989 jknum= 20
0.050323978983 0 6 340 -2.45859251337
0.0763011640511 0 7 782 -0.754358521274
0.115687744753 0 19 1840 -1.02377786561
0.175405637024 0 36 4110 -0.716673656271
0.265949842531 2 118 9804 0.600059056995
0.403232871773 2 262 21936 -0.465314365167
0.611381256445 10 548 50236 0.773595532202
0.926975618552 14 1161 113870 0.182376731518
1.40547945874 32 2638 257400 0.185211663163
2.13098647839 84 5965 583766 0.379145627714
3.23099945918 168 13672 1320912 0.192772461284
4.89883798472 354 30550 3003418 0.138302358387
7.42761300449 700 69222 6783668 -0.00899746677822
11.2617390321 1602 154850 15235882 0.0177778992738
17.0750368861 3328 342176 33845454 -0.037190223064
25.8891529834 7694 746177 73813498 0.0197237605832
39.2531065478 15904 1574900 155866240 -0.000461484360436
59.5155188986 31304 3117490 308031046 -0.00763795110069
90.2373672122 55352 5490591 538704952 -0.0108582784754
136.817801341 77470 7569396 741430572 0.00249590817612
207.443006619 102166 10030427 990147722 0.00544013380552
STEP_DONE 
0.050323978983 0 6 346 -2.42373935891
0.0763011640511 0 6 788 -0.50331702815
0.115687744753 0 19 1890 -0.984802693603
0.175405637024 0 36 4122 -0.724328701866
0.265949842531 2 115 9876 0.674495450723
0.403232871773 2 255 22220 -0.388644105291
0.611381256445 8 537 50932 0.449044299956
0.926975618552 14 1144 114806 0.221003595388
1.40547945874 36 2677 259350 0.314795743248
2.13098647839 84 5997 588730 0.379301087697
3.23099945918 166 13733 1333370 0.179763210384
4.89883798472 348 30650 3030482 0.122228741007
7.42761300449 718 69369 6842492 0.020992120557
11.2617390321 1624 154866 15368396 0.0402479168595
17.0750368861 3380 342957 34136344 -0.0186542461175
25.8891529834 7544 746870 74444296 0.00676194995516
39.2531065478 15706 1575268 157140652 -0.00518743577716
59.5155188986 31090 3117652 310474150 -0.0067089368633
90.2373672122 54998 5479885 542671268 -0.00605594090156
136.817801341 76234 7533718 746362248 0.00248404671508
207.443006619 101670 10070685 1001737868 0.00421370294201
STEP_DONE 
0.050323978983 0 5 344 -1.89591966173
0.0763011640511 0 7 772 -0.806573716439
0.115687744753 0 16 1890 -0.686681673882
0.175405637024 0 36 4230 -0.695653384913
0.265949842531 2 115 10002 0.693624028675
0.403232871773 2 258 22366 -0.410873131771
0.611381256445 10 532 51298 0.868326765202
0.926975618552 14 1145 115722 0.229256666981
1.40547945874 36 2643 262054 0.353862915101
2.13098647839 78 5967 593150 0.300711239443
3.23099945918 172 13687 1342962 0.240449431516
4.89883798472 338 30566 3054830 0.104496390521
7.42761300449 706 69326 6896882 0.0131675407903
11.2617390321 1578 154715 15489032 0.020912440227
17.0750368861 3318 342436 34404590 -0.0259860346574
25.8891529834 7554 747217 75022236 0.0148449834923
39.2531065478 15566 1575987 158380334 -0.00719827845564
59.5155188986 30854 3120153 312941206 -0.00804781392862
90.2373672122 54586 5481339 547203860 -0.00580906814389
136.817801341 75734 7555175 754147718 0.000596449030417
207.443006619 101562 10162995 1020987124 0.00394518861346
STEP_DONE 
0.050323978983 0 6 334 -2.54468372346
0.0763011640511 0 6 788 -0.502442085833
0.115687744753 0 18 1874 -0.895289803046
0.175405637024 0 36 4174 -0.701855817398
0.265949842531 2 119 9928 0.595746188584
0.403232871773 2 262 22126 -0.456670696906
0.611381256445 10 537 50790 0.830231206599
0.926975618552 14 1146 114562 0.215661296813
1.40547945874 36 2625 259240 0.353696634825
2.13098647839 80 5958 587310 0.324160145643
3.23099945918 168 13642 1329578 0.205342111426
4.89883798472 358 30489 3024174 0.162949241183
7.42761300449 710 69112 6822216 0.0140763231855
11.2617390321 1594 154256 15321344 0.0260566210299
17.0750368861 3372 341269 34035964 -0.0141286599608
25.8891529834 7588 743203 74224102 0.0193378021903
39.2531065478 15584 1566337 156702590 -0.00431120613398
59.5155188986 30856 3101916 309633834 -0.00675079978203
90.2373672122 54496 5452619 541251252 -0.00777210093116
136.817801341 75002 7463986 744380172 0.00220390787856
207.443006619 100034 9976674 999976822 0.00509005731039
STEP_DONE 
0.050323978983 0 6 350 -2.4103438961
0.0763011640511 0 6 794 -0.503300206091
0.115687744753 0 18 1882 -0.902689208772
0.175405637024 0 34 4174 -0.620471664416
0.265949842531 2 116 9970 0.670135442864
0.403232871773 2 256 22344 -0.393657870248
0.611381256445 8 540 51214 0.447920689434
0.926975618552 14 1160 115544 0.20159221999
1.40547945874 36 2646 261748 0.349740256881
2.13098647839 82 5998 592716 0.355647307828
3.23099945918 166 13658 1341242 0.198741740428
4.89883798472 336 30555 3049222 0.0967719964806
7.42761300449 700 69213 6882668 0.00572874507674
11.2617390321 1572 154338 15456388 0.0198098817893
17.0750368861 3342 341279 34334474 -0.0143545090792
25.8891529834 7438 743368 74898256 0.00809496714914
39.2531065478 15498 1567026 158116430 -0.00180926012759
59.5155188986 30522 3099735 312366094 -0.00736871485669
90.2373672122 54136 5465445 545374568 -0.0115223667282
136.817801341 75430 7504084 748719678 0.0029154022105
207.443006619 100906 10057241 1007192460 0.00476305201563
STEP_DONE 
0.050323978983 0 5 346 -1.85307409354
0.0763011640511 0 7 796 -0.736217450891
0.115687744753 0 16 1872 -0.687459207459
0.175405637024 0 35 4130 -0.673158705701
0.265949842531 0 116 9874 -1.31944463881
0.403232871773 2 263 22186 -0.461956475866
0.611381256445 10 528 50858 0.866387284122
0.926975618552 14 1156 114516 0.198336071527
1.40547945874 34 2663 259420 0.250497041703
2.13098647839 84 5962 588224 0.390503273864
3.23099945918 166 13676 1330872 0.18667371201
4.89883798472 352 30605 3025828 0.136693619093
7.42761300449 706 69262 6831108 0.00533387571162
11.2617390321 1608 154756 15336096 0.0294748377369
17.0750368861 3358 342536 34042814 -0.0253081252149
25.8891529834 7654 745740 74215322 0.0211473997886
39.2531065478 15676 1571368 156563236 -0.00584339494215
59.5155188986 30852 3100849 308499708 -0.00991599389215
90.2373672122 54224 5413806 536528072 -0.00731712887348
136.817801341 74170 7350424 731822984 0.00463155283319
207.443006619 99550 9889549 985121124 0.00274821453234
STEP_DONE 
0.050323978983 0 5 354 -1.80176682075
0.0763011640511 0 7 788 -0.762126442086
0.115687744753 0 18 1882 -0.897221910926
0.175405637024 0 34 4160 -0.621253146853
0.265949842531 2 111 9952 0.764452326646
0.403232871773 2 269 22274 -0.512339714863
0.611381256445 10 535 50978 0.847903989801
0.926975618552 14 1147 115188 0.22036777483
1.40547945874 34 2656 260696 0.261999982823
2.13098647839 84 5933 590446 0.406250208749
3.23099945918 160 13673 1336780 0.14847804699
4.89883798472 354 30426 3037832 0.159566597589
7.42761300449 704 69095 6856230 0.0110216370976
11.2617390321 1588 154292 15383510 0.0259239264725
17.0750368861 3344 341163 34141148 -0.0186918302288
25.8891529834 7502 743190 74378678 0.0101404109823
39.2531065478 15600 1566673 156753806 -0.00356903508593
59.5155188986 30724 3093713 308461856 -0.00967824178756
90.2373672122 54324 5399578 534630808 -0.00385715137203
136.817801341 74644 7353203 728619306 0.00588344075293
207.443006619 99830 9961203 996975348 0.0030751226564
STEP_DONE 
0.050323978983 0 5 338 -1.88819795589
0.0763011640511 0 7 776 -0.76120524836
0.115687744753 0 19 1878 -0.975293639268
0.175405637024 0 34 4074 -0.629414379435
0.265949842531 2 115 9840 0.65517315767
0.403232871773 2 257 21960 -0.417007556772
0.611381256445 10 540 50018 0.797432838598
0.926975618552 10 1156 113064 -0.153339597741
1.40547945874 34 2642 256280 0.251545133861
2.13098647839 82 5969 580526 0.338615949553
3.23099945918 166 13598 1313014 0.182839222143
4.89883798472 354 30354 2982870 0.144178395053
7.42761300449 716 68872 6734692 0.0165359700576
11.2617390321 1612 153625 15110980 0.0317029187594
17.0750368861 3388 340168 33536258 -0.0176423948806
25.8891529834 7612 740295 73082652 0.0148772338712
39.2531065478 15702 1559438 154045714 -0.00509088326852
59.5155188986 30776 3070018 303128752 -0.00982009775768
90.2373672122 54186 5348028 524676312 -0.00590536832728
136.817801341 74516 7263294 708126034 0.000216077166949
207.443006619 100214 9735251 948848354 0.00331332292324
STEP_DONE 
0.050323978983 0 6 336 -2.51277922078
0.0763011640511 0 7 778 -0.769935031549
0.115687744753 0 18 1878 -0.885453383677
0.175405637024 0 36 4122 -0.718040492259
0.265949842531 2 113 9886 0.708643929383
0.403232871773 2 260 22148 -0.435684696567
0.611381256445 10 537 50520 0.823956992233
0.926975618552 12 1155 114334 0.0281505481296
1.40547945874 32 2642 258766 0.187890300298
2.13098647839 86 5975 586614 0.414624381469
3.23099945918 166 13671 1328718 0.184648481661
4.89883798472 340 30574 3017478 0.0968831152916
7.42761300449 712 69257 6810034 0.0108916600673
11.2617390321 1592 154647 15280540 0.0170464876289
17.0750368861 3386 342093 33921612 -0.0181708488574
25.8891529834 7650 744763 73917458 0.019197393878
39.2531065478 15648 1568144 155824606 -0.00815668463768
59.5155188986 30900 3091230 306706428 -0.00799527525389
90.2373672122 54742 5417173 531512336 -0.0085453055367
136.817801341 75312 7345023 718554096 0.00314676587
207.443006619 99792 9792947 964811000 0.00393755109106
STEP_DONE 
0.050323978983 0 6 344 -2.44009302326
0.0763011640511 0 6 804 -0.471880597015
0.115687744753 0 19 1880 -0.99330212766
0.175405637024 0 36 4142 -0.714232737808
0.265949842531 2 117 9900 0.633746152727
0.403232871773 2 262 22186 -0.452472419003
0.611381256445 10 536 50870 0.833591558089
0.926975618552 14 1157 114726 0.197690082318
1.40547945874 36 2648 259454 0.336428886878
2.13098647839 84 5983 587712 0.382130435152
3.23099945918 166 13661 1330390 0.188195050847
4.89883798472 356 30510 3023828 0.154909863371
7.42761300449 708 69354 6824100 0.00449196448587
11.2617390321 1584 154474 15322130 0.0169360861906
17.0750368861 3362 341699 34014388 -0.0201018170584
25.8891529834 7602 744008 74138992 0.0179006188877
39.2531065478 15674 1568887 156347736 -0.00419273820924
59.5155188986 31004 3098182 307874130 -0.00542112007325
90.2373672122 54574 5421051 533579172 -0.00915910551369
136.817801341 75442 7368650 722840182 0.00441143908565
207.443006619 100410 9886548 976201868 0.00282428859372
STEP_DONE 
0.050323978983 0 6 348 -2.37126018809
0.0763011640511 0 7 770 -0.777573553719
0.115687744753 0 18 1872 -0.880125874126
0.175405637024 0 35 4120 -0.661082082966
0.265949842531 2 116 9824 0.637088383019
0.403232871773 2 267 21878 -0.512512133307
0.611381256445 8 536 50216 0.435650839447
0.926975618552 14 1161 113492 0.178816526241
1.40547945874 36 2645 257224 0.327098876114
2.13098647839 86 5968 582174 0.407517496014
3.23099945918 164 13673 1317286 0.160422887102
4.89883798472 362 30540 2995932 0.161704293054
7.42761300449 720 69106 6761580 0.019380729788
11.2617390321 1630 154306 15177890 0.0386078468529
17.0750368861 3396 341043 33680578 -0.0161706226703
25.8891529834 7640 743281 73393756 0.0147576160196
39.2531065478 15710 1564565 154736066 -0.00663912487774
59.5155188986 31102 3090888 304817704 -0.00745040138613
90.2373672122 54852 5410554 529434468 -0.00796349664729
136.817801341 75696 7378112 719776436 0.000883986041832
207.443006619 101408 9890148 966203928 0.00169792704118
STEP_DONE 
0.050323978983 0 6 338 -2.48156213018
0.0763011640511 0 6 786 -0.497160305344
0.115687744753 0 18 1902 -0.856100946372
0.175405637024 0 36 4148 -0.702171648987
0.265949842531 2 115 9908 0.66475335002
0.403232871773 2 260 21972 -0.445484425997
0.611381256445 10 540 50614 0.807491226933
0.926975618552 12 1143 113864 0.044687286166
1.40547945874 36 2647 258210 0.3301766603
2.13098647839 88 5964 584866 0.446965356933
3.23099945918 162 13645 1323822 0.155259718869
4.89883798472 344 30530 3010226 0.10980262114
7.42761300449 710 69163 6795644 0.00862203555101
11.2617390321 1598 154575 15261588 0.020466170192
17.0750368861 3414 342028 33885010 -0.0107824192543
25.8891529834 7610 744398 73854274 0.0140670811626
39.2531065478 15680 1568302 155799822 -0.00642259084686
59.5155188986 30898 3097671 307381720 -0.00984507087081
90.2373672122 55108 5449044 535668142 -0.0057745214156
136.817801341 76182 7463942 732146562 0.00118338665841
207.443006619 100358 9861063 973770676 0.00496795177099
STEP_DONE 
0.050323978983 0 6 348 -2.42367398119
0.0763011640511 0 7 790 -0.75950840046
0.115687744753 0 18 1876 -0.90528552045
0.175405637024 0 34 4196 -0.609028858653
0.265949842531 2 119 9912 0.605068442132
0.403232871773 2 264 22318 -0.465528263438
0.611381256445 10 536 51006 0.845959384302
0.926975618552 10 1162 115216 -0.147095460295
1.40547945874 32 2663 261206 0.183211864868
2.13098647839 80 5986 591866 0.324115469518
3.23099945918 164 13675 1338588 0.17913140681
4.89883798472 354 30548 3044450 0.153757437056
7.42761300449 692 69165 6874276 -0.00558919976233
11.2617390321 1590 154539 15434418 0.0272807109535
17.0750368861 3392 342309 34274886 -0.0076076446368
25.8891529834 7578 745479 74749806 0.0190004825813
39.2531065478 15600 1572690 157788654 -0.00458396617273
59.5155188986 30684 3108583 311630128 -0.0101835975964
90.2373672122 54224 5459788 544064242 -0.0102421871056
136.817801341 75718 7512600 747916580 0.00338359762052
207.443006619 101956 10141828 1013185470 0.00429836367592
STEP_DONE 
0.050323978983 0 6 342 -2.48072727273
0.0763011640511 0 7 792 -0.753548209366
0.115687744753 0 17 1870 -0.803649586777
0.175405637024 0 37 4154 -0.767177134854
0.265949842531 2 116 9966 0.665562899418
0.403232871773 2 264 22300 -0.466206969378
0.611381256445 10 531 50936 0.863685223629
0.926975618552 14 1167 115084 0.185260180612
1.40547945874 36 2625 260678 0.361144462939
2.13098647839 88 5984 590930 0.456373366806
3.23099945918 162 13679 1337716 0.162956530748
4.89883798472 346 30482 3041356 0.131058063371
7.42761300449 712 69152 6866262 0.0222891335601
11.2617390321 1564 154124 15415338 0.0147839023345
17.0750368861 3342 341295 34237420 -0.0171772092379
25.8891529834 7512 743684 74650524 0.0137508515694
39.2531065478 15628 1570190 157579134 -0.000996762719447
59.5155188986 30720 3104395 311300398 -0.00741146514904
90.2373672122 54396 5481436 546306110 -0.0108354326858
136.817801341 76966 7653959 763046654 0.00248459138587
207.443006619 106298 10583815 1056905312 0.0029489017946
STEP_DONE 
0.050323978983 0 5 354 -1.77672316384
0.0763011640511 0 7 776 -0.773381443299
0.115687744753 0 19 1862 -1.00604081633
0.175405637024 0 35 4140 -0.662009661836
0.265949842531 2 118 9886 0.608168241149
0.403232871773 2 260 22086 -0.439360353527
0.611381256445 8 534 50588 0.45276944983
0.926975618552 14 1171 114514 0.170932974344
1.40547945874 32 2635 258640 0.192574217878
2.13098647839 84 5979 586770 0.379983870586
3.23099945918 154 13702 1327680 0.091844701181
4.89883798472 348 30636 3022112 0.119694950541
7.42761300449 702 69466 6823854 -0.00729926718362
11.2617390321 1612 154807 15336766 0.0311838418212
17.0750368861 3402 343224 34106132 -0.0146156739899
25.8891529834 7652 750565 74533284 0.012244548216
39.2531065478 15922 1587718 157818618 -0.00300360811706
59.5155188986 31644 3156277 313277406 -0.00470444127495
90.2373672122 56116 5584866 552318376 -0.00619750184909
136.817801341 79032 7814491 773304952 0.000845604707458
207.443006619 107608 10628150 1054374816 0.00444357835509
STEP_DONE 
0.050323978983 0 6 350 -2.39670441558
0.0763011640511 0 7 792 -0.751247015611
0.115687744753 0 19 1900 -0.981410909091
0.175405637024 0 35 4190 -0.655116511174
0.265949842531 2 115 9948 0.682722205345
0.403232871773 2 258 22302 -0.412001412484
0.611381256445 10 537 50906 0.837896592709
0.926975618552 12 1156 115146 0.0336492333996
1.40547945874 28 2648 261080 0.0429815942211
2.13098647839 84 5965 591436 0.395616977605
3.23099945918 168 13667 1338384 0.208688366436
4.89883798472 364 30568 3043424 0.183772388138
7.42761300449 704 69289 6872358 0.007726740599
11.2617390321 1568 154839 15433540 0.00929464349281
17.0750368861 3394 342868 34284126 -0.00991990506132
25.8891529834 7538 747013 74782606 0.0100812420845
39.2531065478 15714 1575589 157905758 -0.000320950481807
59.5155188986 31070 3126373 312263498 -0.00719984384427
90.2373672122 55388 5522492 546527830 -0.00745256867417
136.817801341 77520 7652448 757428806 0.00266839112755
207.443006619 105524 10464602 1041952256 0.00403071076967
STEP_DONE 
0.050323978983 0 6 342 -2.46886124402
0.0763011640511 0 7 802 -0.725780095217
0.115687744753 0 18 1882 -0.891100763211
0.175405637024 0 35 4188 -0.652430320396
0.265949842531 2 116 9930 0.658760850156
0.403232871773 0 264 22294 -1.34141132143
0.611381256445 8 535 50874 0.457630607258
0.926975618552 14 1142 115068 0.226815332624
1.40547945874 34 2629 260360 0.27980501762
2.13098647839 86 5979 590608 0.421526173566
3.23099945918 166 13679 1336336 0.190151101083
4.89883798472 356 30547 3037540 0.157069693955
7.42761300449 710 69404 6856898 0.0107024845797
11.2617390321 1618 154980 15396674 0.036842534498
17.0750368861 3412 342786 34203566 -0.00659614084922
25.8891529834 7598 746961 74609062 0.0157820608465
39.2531065478 15706 1575115 157515042 -0.00264969181802
59.5155188986 30980 3118698 311354842 -0.00802168324577
90.2373672122 54992 5500630 544841148 -0.0097100780539
136.817801341 76784 7578216 750503458 0.00342662227298
207.443006619 101836 10112024 1008749598 0.00463318629568
STEP_DONE 
0.050323978983 0 6 346 -2.42247819233
0.0763011640511 0 7 792 -0.744369146006
0.115687744753 0 16 1884 -0.676118123914
0.175405637024 0 34 4128 -0.625566596195
0.265949842531 2 113 9918 0.715068583902
0.403232871773 2 258 22100 -0.422786045386
0.611381256445 10 536 50772 0.834431880551
0.926975618552 12 1154 114664 0.0328224775306
1.40547945874 36 2641 259388 0.342042107015
2.13098647839 82 5916 587878 0.372181722155
3.23099945918 168 13667 1330788 0.202450031573
4.89883798472 348 30562 3026834 0.12681998033
7.42761300449 722 69226 6833000 0.0294471730549
11.2617390321 1626 154548 15347258 0.044258788508
17.0750368861 3358 341837 34089272 -0.0198411333219
25.8891529834 7556 744911 74364646 0.0124709086979
39.2531065478 15620 1571930 157048204 -0.00690522603509
59.5155188986 30878 3109784 310473740 -0.00834660887084
90.2373672122 54816 5477209 543267228 -0.00723557439627
136.817801341 76280 7543950 748280350 0.0029418386134
207.443006619 102036 10106688 1006049496 0.00496369829686
STEP_DONE 
0.050323978983 0 6 358 -2.3256515998
0.0763011640511 0 6 792 -0.503261707989
0.115687744753 0 19 1892 -0.992695752451
0.175405637024 0 35 4166 -0.667083315149
0.265949842531 2 119 9936 0.604881821216
0.403232871773 2 252 22290 -0.360123677427
0.611381256445 10 542 50968 0.821208361857
0.926975618552 14 1156 115378 0.206310338604
1.40547945874 36 2660 261278 0.336135768857
2.13098647839 82 5967 592116 0.363546844445
3.23099945918 162 13609 1339324 0.174384467365
4.89883798472 360 30555 3046362 0.173005705455
7.42761300449 726 69260 6880000 0.0411635305759
11.2617390321 1584 154655 15448554 0.0228274966709
17.0750368861 3302 342653 34319712 -0.0340710965525
25.8891529834 7566 746375 74878304 0.01671933497
39.2531065478 15554 1573974 158126066 -0.00689326481066
59.5155188986 30926 3119459 312566472 -0.00641185176657
90.2373672122 54812 5495503 546499334 -0.0080971096524
136.817801341 76288 7566171 752074518 0.0022191983702
207.443006619 102470 10167091 1013656006 0.0048098103651
STEP_DONE 
0.050323978983 0 5 342 -1.87372610376
0.0763011640511 0 6 760 -0.55181209603
0.115687744753 0 19 1882 -0.984428503956
0.175405637024 0 34 4096 -0.631625348364
0.265949842531 2 115 9808 0.664941936587
0.403232871773 2 262 21930 -0.467441437028
0.611381256445 10 528 50392 0.857263201472
0.926975618552 14 1140 113720 0.218674759557
1.40547945874 32 2622 257260 0.198118041693
2.13098647839 84 5973 583514 0.378431650872
3.23099945918 168 13605 1319226 0.202952745621
4.89883798472 344 30527 3002230 0.108097638395
7.42761300449 710 69026 6779852 0.0103194085363
11.2617390321 1602 154134 15222852 0.0262719368544
17.0750368861 3386 341197 33813884 -0.0161646411507
25.8891529834 7626 743300 73736898 0.0175364644743
39.2531065478 15784 1569787 155660876 -0.00282351241145
59.5155188986 31092 3103468 307614692 -0.00678374705226
90.2373672122 54884 5464471 538170322 -0.0107847395523
136.817801341 76788 7532477 741196176 0.00310934615966
207.443006619 101142 9970087 986873514 0.004133760187
STEP_DONE 
