#Theta DD DR RR XI factor=110.597361809 jknum= 20
0.050323978983 0 6 424 -2.1360998802
0.0763011640511 0 8 990 -0.790850301961
0.115687744753 0 18 2362 -0.688873432523
0.175405637024 0 41 5166 -0.758870832284
0.265949842531 2 124 12130 0.758995062174
0.403232871773 2 292 27372 -0.467016209031
0.611381256445 10 611 62322 0.797464940867
0.926975618552 12 1271 141542 0.0509327239954
1.40547945874 36 2904 318894 0.367977668956
2.13098647839 76 6632 722580 0.257390395821
3.23099945918 164 14948 1635716 0.205821367325
4.89883798472 370 33437 3713890 0.227993185403
7.42761300449 694 75478 8392018 0.022176612847
11.2617390321 1584 168908 18846546 0.0457828216565
17.0750368861 3312 373665 41890930 -0.00604237563945
25.8891529834 7458 811867 91364678 0.0329929379406
39.2531065478 15550 1717489 192934058 0.0167950929617
59.5155188986 30698 3397361 380948186 0.0130237029925
90.2373672122 54514 5999656 664986306 0.00708587736503
136.817801341 76440 8304391 915870598 0.0153371529683
207.443006619 100468 11093929 1236191964 0.00904992554516
STEP_DONE 
0.050323978983 0 6 426 -2.12685371488
0.0763011640511 0 7 990 -0.569743733633
0.115687744753 0 17 2402 -0.571237482874
0.175405637024 0 41 5164 -0.762639652212
0.265949842531 2 118 12192 0.872595788432
0.403232871773 2 289 27508 -0.436543663655
0.611381256445 8 601 62714 0.44426919405
0.926975618552 12 1250 141848 0.0860113816146
1.40547945874 40 2943 319492 0.497652214237
2.13098647839 76 6651 724212 0.254204302589
3.23099945918 162 14999 1640814 0.187137439471
4.89883798472 368 33482 3724632 0.22171444614
7.42761300449 708 75559 8412550 0.0430000464557
11.2617390321 1604 168678 18892386 0.0639842930366
17.0750368861 3360 373740 42001028 0.0102212469184
25.8891529834 7312 810577 91625214 0.019299044229
39.2531065478 15308 1711931 193421628 0.010250817909
59.5155188986 30454 3386581 381760622 0.0135250550113
90.2373672122 54122 5974199 666062790 0.0099510064424
136.817801341 75166 8245329 916796032 0.0135841879513
207.443006619 99838 11072178 1237641096 0.00785497847684
STEP_DONE 
0.050323978983 0 6 430 -2.11816168328
0.0763011640511 0 7 972 -0.609339277549
0.115687744753 0 17 2412 -0.575025007239
0.175405637024 0 40 5272 -0.6955102729
0.265949842531 2 124 12274 0.776679711076
0.403232871773 2 290 27648 -0.440855157154
0.611381256445 10 602 63160 0.846695098799
0.926975618552 12 1252 142618 0.0886979737944
1.40547945874 40 2891 321840 0.544288724503
2.13098647839 70 6652 728246 0.15880792192
3.23099945918 168 14952 1649098 0.245709599426
4.89883798472 364 33477 3745844 0.216015608307
7.42761300449 698 75580 8460174 0.0336440985548
11.2617390321 1574 169008 18998226 0.046369074277
17.0750368861 3306 374173 42226626 -0.00273178261222
25.8891529834 7358 813017 92077810 0.0244943153123
39.2531065478 15346 1716418 194386608 0.0123930537945
59.5155188986 30344 3392757 383811336 0.011641084682
90.2373672122 53950 5982213 669942782 0.00992275702141
136.817801341 74674 8251865 922178262 0.0112961690077
207.443006619 99352 11128260 1253249570 0.00542452656067
STEP_DONE 
0.050323978983 0 6 424 -2.15013851453
0.0763011640511 0 7 1000 -0.558268518519
0.115687744753 0 16 2390 -0.490274733789
0.175405637024 0 40 5240 -0.699311361525
0.265949842531 2 124 12238 0.769075435543
0.403232871773 2 293 27572 -0.4669631892
0.611381256445 10 603 62740 0.835098697849
0.926975618552 12 1260 142106 0.0723616194069
1.40547945874 40 2903 320530 0.529887882967
2.13098647839 78 6634 725760 0.296642777993
3.23099945918 160 14931 1643688 0.183797633702
4.89883798472 368 33390 3731264 0.229786477461
7.42761300449 702 75501 8425304 0.0373832868063
11.2617390321 1574 168600 18920384 0.0469500283819
17.0750368861 3334 373242 42045300 0.00623537281582
25.8891529834 7326 809269 91685798 0.0250289098137
39.2531065478 15216 1706595 193595370 0.011355057847
59.5155188986 30218 3375619 382197148 0.0133843353607
90.2373672122 53976 5976873 666803750 0.00748357669387
136.817801341 74740 8227925 917450216 0.0128300700927
207.443006619 98418 10995954 1237808552 0.00749748977883
STEP_DONE 
0.050323978983 0 5 432 -1.58216674015
0.0763011640511 0 8 1000 -0.784793650794
0.115687744753 0 15 2376 -0.408454585538
0.175405637024 0 39 5182 -0.679056165114
0.265949842531 2 123 12188 0.790402490636
0.403232871773 2 297 27606 -0.498726231576
0.611381256445 8 594 62960 0.476264027571
0.926975618552 12 1257 142350 0.078918617773
1.40547945874 38 2912 321490 0.450001685622
2.13098647839 76 6651 727552 0.260340209594
3.23099945918 158 14929 1646632 0.171275400588
4.89883798472 366 33476 3738966 0.220582343004
7.42761300449 696 75389 8446524 0.0340784510355
11.2617390321 1592 168392 18966416 0.0636941782863
17.0750368861 3326 372483 42139086 0.0100829567202
25.8891529834 7324 808451 91886782 0.0289142461472
39.2531065478 15272 1709542 193935422 0.0132634331491
59.5155188986 30190 3380177 382359150 0.0102207379802
90.2373672122 53784 5958027 665060336 0.00763906535226
136.817801341 74214 8159434 910292494 0.0147176289833
207.443006619 97590 10941754 1233188084 0.005217744797
STEP_DONE 
0.050323978983 0 5 434 -1.55841135737
0.0763011640511 0 8 994 -0.787284553884
0.115687744753 0 17 2388 -0.580901088334
0.175405637024 0 39 5162 -0.677786541454
0.265949842531 0 116 12220 -1.10803046441
0.403232871773 2 302 27432 -0.545917396041
0.611381256445 10 600 62644 0.841098369442
0.926975618552 12 1259 141602 0.0703459871283
1.40547945874 38 2920 319546 0.436854299679
2.13098647839 82 6594 723838 0.373658092212
3.23099945918 156 14908 1638620 0.153354045778
4.89883798472 370 33324 3719052 0.236737075551
7.42761300449 692 75384 8399200 0.0226432233279
11.2617390321 1580 168614 18847514 0.0468423728103
17.0750368861 3346 372967 41860038 0.00686393729664
25.8891529834 7350 808466 91204342 0.0250510736909
39.2531065478 15334 1706385 192258096 0.012330074333
59.5155188986 30240 3366097 378292498 0.00953066260739
90.2373672122 53648 5887503 655776784 0.0148723148494
136.817801341 73334 8024184 892633792 0.0166040909523
207.443006619 98530 10914239 1218217618 0.00759010105289
STEP_DONE 
0.050323978983 0 5 424 -1.60260681841
0.0763011640511 0 8 984 -0.79431754635
0.115687744753 0 18 2398 -0.656638468565
0.175405637024 0 39 5138 -0.675231854776
0.265949842531 2 121 12160 0.80671467954
0.403232871773 2 291 27396 -0.45530476679
0.611381256445 10 602 62044 0.821261615799
0.926975618552 8 1259 140590 -0.283481884152
1.40547945874 38 2915 317402 0.430978720074
2.13098647839 76 6655 718642 0.243997209184
3.23099945918 152 14865 1626296 0.120836022041
4.89883798472 376 33254 3689298 0.251740839895
7.42761300449 716 75256 8335166 0.0533871171039
11.2617390321 1594 168057 18705490 0.054831584882
17.0750368861 3352 372531 41546668 0.00353309029777
25.8891529834 7414 807281 90536314 0.0292765950543
39.2531065478 15414 1703121 190874826 0.0141149320863
59.5155188986 30276 3353045 375460506 0.0109679246171
90.2373672122 53624 5866704 649712394 0.0121852251605
136.817801341 73870 8008483 880429904 0.0141770473009
207.443006619 98234 10771856 1190494372 0.00785663246424
STEP_DONE 
0.050323978983 0 6 420 -2.15576341648
0.0763011640511 0 7 982 -0.574668099872
0.115687744753 0 17 2392 -0.569965913716
0.175405637024 0 41 5154 -0.757283858225
0.265949842531 2 120 12132 0.826141775181
0.403232871773 2 292 27418 -0.462712069367
0.611381256445 10 601 62214 0.826933755157
0.926975618552 10 1261 141138 -0.109293125862
1.40547945874 36 2902 318414 0.365992652475
2.13098647839 80 6647 721198 0.317276848443
3.23099945918 158 14915 1633534 0.16301663602
4.89883798472 354 33491 3704918 0.168773795763
7.42761300449 706 75607 8367462 0.0332861768943
11.2617390321 1566 168843 18776448 0.0310492482278
17.0750368861 3372 373928 41707426 0.00581279011485
25.8891529834 7462 811210 90887072 0.0299412954536
39.2531065478 15490 1712435 191640304 0.0121532571262
59.5155188986 30602 3373161 377022486 0.0138220922573
90.2373672122 54408 5926819 652734758 0.0110840344807
136.817801341 74822 8077618 884633044 0.014759338768
207.443006619 98228 10761830 1189608210 0.00893027396252
STEP_DONE 
0.050323978983 0 6 432 -2.06343694885
0.0763011640511 0 8 998 -0.768075834208
0.115687744753 0 18 2386 -0.663962399713
0.175405637024 0 40 5130 -0.719824251988
0.265949842531 2 123 12138 0.768924423826
0.403232871773 2 298 27372 -0.512644340902
0.611381256445 8 601 62282 0.433848711522
0.926975618552 12 1264 141050 0.0581548657314
1.40547945874 40 2899 318122 0.519288128607
2.13098647839 80 6646 719580 0.315029252825
3.23099945918 160 14968 1629416 0.168135354019
4.89883798472 376 33430 3698586 0.242826915305
7.42761300449 704 75603 8351708 0.0285626722793
11.2617390321 1614 168726 18751322 0.0621894033264
17.0750368861 3366 373557 41646648 0.00458879801727
25.8891529834 7450 810167 90741970 0.0292711944983
39.2531065478 15448 1710426 191273344 0.00990907909574
59.5155188986 30684 3374846 376379090 0.0137947719874
90.2373672122 54412 5925263 651631180 0.00997033365224
136.817801341 74990 8083133 885277338 0.0163419761002
207.443006619 99476 10872878 1196548390 0.00687165386985
STEP_DONE 
0.050323978983 0 6 424 -2.11262728362
0.0763011640511 0 8 986 -0.784657157882
0.115687744753 0 17 2390 -0.564561887051
0.175405637024 0 41 5190 -0.737633676892
0.265949842531 2 121 12134 0.800225920299
0.403232871773 2 295 27084 -0.502618659078
0.611381256445 10 603 62018 0.811661526879
0.926975618552 12 1262 140230 0.0555346697385
1.40547945874 40 2911 316940 0.506275509358
2.13098647839 82 6657 717374 0.341435762889
3.23099945918 150 14911 1624244 0.0977432612627
4.89883798472 368 33415 3687312 0.213847499835
7.42761300449 712 75379 8328688 0.0432706451165
11.2617390321 1604 168551 18697556 0.0547886142721
17.0750368861 3390 373124 41525938 0.0110212708549
25.8891529834 7430 809639 90496364 0.0251775085873
39.2531065478 15568 1711790 190901476 0.0140410347089
59.5155188986 30808 3385147 376137366 0.0111174434014
90.2373672122 54722 5943988 653558384 0.0122623381291
136.817801341 75224 8138758 892572832 0.0137254141073
207.443006619 99334 10871833 1198409560 0.00713069268104
STEP_DONE 
0.050323978983 0 6 430 -2.0938538206
0.0763011640511 0 7 984 -0.577320460705
0.115687744753 0 16 2396 -0.480642340409
0.175405637024 0 39 5196 -0.664226602881
0.265949842531 2 126 12144 0.723629098447
0.403232871773 2 297 27458 -0.50307476145
0.611381256445 10 597 62600 0.848813468745
0.926975618552 10 1266 141446 -0.115613720325
1.40547945874 38 2925 319490 0.431890439502
2.13098647839 76 6673 723304 0.24583397613
3.23099945918 156 14933 1636806 0.14852489287
4.89883798472 366 33481 3716982 0.213005199072
7.42761300449 704 75404 8396550 0.0393148325105
11.2617390321 1594 168261 18852462 0.0602493788983
17.0750368861 3364 372891 41888384 0.013233945403
25.8891529834 7398 809276 91359092 0.03116775481
39.2531065478 15366 1711314 192910248 0.0120515703872
59.5155188986 30470 3388850 380677254 0.00991870174677
90.2373672122 54372 5976518 663720916 0.0102998987134
136.817801341 75294 8224855 911136406 0.0141373179574
207.443006619 99564 10997390 1224240614 0.00778858314363
STEP_DONE 
0.050323978983 0 6 428 -2.13017356475
0.0763011640511 0 8 1000 -0.786285714286
0.115687744753 0 17 2392 -0.586896798853
0.175405637024 0 41 5220 -0.753776683087
0.265949842531 2 123 12262 0.793191342758
0.403232871773 2 298 27666 -0.504044233178
0.611381256445 10 595 62878 0.869370455648
0.926975618552 12 1273 142420 0.0543941604166
1.40547945874 38 2903 321474 0.456996268337
2.13098647839 82 6651 728362 0.364306723126
3.23099945918 160 14966 1648942 0.182849613973
4.89883798472 364 33367 3743472 0.221729987562
7.42761300449 696 75434 8456240 0.0340503822126
11.2617390321 1572 168572 18980260 0.0492168748812
17.0750368861 3340 373549 42179222 0.00951304257565
25.8891529834 7346 810409 91978488 0.02812849632
39.2531065478 15412 1715204 194186916 0.0170119573381
59.5155188986 30338 3391522 383142066 0.0104409192102
90.2373672122 53996 5993655 669714400 0.00661460077274
136.817801341 76162 8370209 932010508 0.0132566051016
207.443006619 104482 11589836 1295356816 0.00755697654153
STEP_DONE 
0.050323978983 0 6 440 -2.02346681097
0.0763011640511 0 8 984 -0.802608938788
0.115687744753 0 18 2372 -0.682536336626
0.175405637024 0 42 5148 -0.808911767245
0.265949842531 2 126 12158 0.723905683316
0.403232871773 2 287 27446 -0.42293301454
0.611381256445 10 586 62532 0.887608681403
0.926975618552 12 1274 141806 0.0480518868075
1.40547945874 36 2905 319760 0.369346392284
2.13098647839 78 6648 723864 0.288018919203
3.23099945918 164 14976 1639308 0.203977688923
4.89883798472 358 33476 3723310 0.188223716069
7.42761300449 714 75838 8415078 0.0445981008406
11.2617390321 1584 169347 18912626 0.0440065336843
17.0750368861 3374 374987 42065376 0.00925972278861
25.8891529834 7432 817041 91901800 0.0227014788452
39.2531065478 15564 1732955 194535632 0.0081499854205
59.5155188986 31080 3441676 385673970 0.0118154033568
90.2373672122 55878 6118241 677738486 0.0117145555968
136.817801341 78768 8570074 945869508 0.0145546598958
207.443006619 107210 11759310 1299034694 0.00720921366136
STEP_DONE 
0.050323978983 0 6 412 -2.17086608106
0.0763011640511 0 8 980 -0.777410646798
0.115687744753 0 17 2340 -0.581819517931
0.175405637024 0 41 5072 -0.760064072071
0.265949842531 2 125 11986 0.706923618425
0.403232871773 2 294 26884 -0.499392107756
0.611381256445 8 606 61444 0.395694758041
0.926975618552 12 1266 139136 0.0410317384323
1.40547945874 38 2917 314186 0.411957768405
2.13098647839 76 6653 711990 0.230561609267
3.23099945918 162 14990 1611624 0.166177727021
4.89883798472 356 33583 3662270 0.155483709538
7.42761300449 722 75861 8272016 0.0376758038366
11.2617390321 1628 169400 18568582 0.0527518793233
17.0750368861 3422 375401 41275904 0.00232511318552
25.8891529834 7534 816313 90038170 0.0176838010026
39.2531065478 15772 1725590 190187800 0.00735228432113
59.5155188986 31322 3415397 375701974 0.00873835210329
90.2373672122 55742 6032257 655773142 0.00457651795481
136.817801341 78144 8363481 905360506 0.0116094098208
207.443006619 105884 11430100 1237933464 0.00335367840668
STEP_DONE 
0.050323978983 0 5 414 -1.58644211845
0.0763011640511 0 7 936 -0.601604542577
0.115687744753 0 18 2262 -0.704170350722
0.175405637024 0 39 5022 -0.663110093367
0.265949842531 2 122 11806 0.72933202355
0.403232871773 2 299 26514 -0.550176029308
0.611381256445 10 596 60480 0.785394726419
0.926975618552 12 1261 136562 0.0300207576167
1.40547945874 38 2905 309176 0.397026241954
2.13098647839 82 6624 699700 0.316308323362
3.23099945918 164 15037 1583568 0.153881782065
4.89883798472 372 33444 3598014 0.194837878724
7.42761300449 726 75710 8125930 0.0290771523321
11.2617390321 1624 169073 18251240 0.0363560551106
17.0750368861 3436 374398 40547234 -0.00582566462729
25.8891529834 7598 812619 88438322 0.0172715040048
39.2531065478 15852 1719654 186758936 0.00127934275453
59.5155188986 31420 3408052 368776616 -0.00223982679616
90.2373672122 56144 6024852 643841896 -0.00417210197137
136.817801341 78764 8342074 887054906 0.00409679218655
207.443006619 104856 11155716 1190837930 0.0033772471979
STEP_DONE 
0.050323978983 0 5 432 -1.56558641975
0.0763011640511 0 8 972 -0.824417009602
0.115687744753 0 18 2396 -0.665275459098
0.175405637024 0 38 5188 -0.623618607042
0.265949842531 2 123 12238 0.779625392675
0.403232871773 2 291 27476 -0.453521052717
0.611381256445 8 605 62512 0.426732289623
0.926975618552 10 1269 141644 -0.118682910834
1.40547945874 36 2907 319138 0.366543626895
2.13098647839 78 6628 723896 0.294024970438
3.23099945918 148 14939 1638224 0.0883772779411
4.89883798472 374 33530 3721100 0.237253246501
7.42761300449 706 75513 8402854 0.0400652696228
11.2617390321 1576 168552 18868522 0.045885405215
17.0750368861 3372 373766 41940168 0.0121708223327
25.8891529834 7406 812727 91481828 0.0251727886572
39.2531065478 15490 1718794 193135124 0.0125061540391
59.5155188986 30638 3401620 381423984 0.0098479921202
90.2373672122 54490 6011200 666324804 0.00480067817563
136.817801341 77046 8360861 918434678 0.0125710560695
207.443006619 103516 11267585 1239980630 0.0112308537522
STEP_DONE 
0.050323978983 0 6 430 -2.10970837948
0.0763011640511 0 8 998 -0.786472415731
0.115687744753 0 17 2404 -0.57598226941
0.175405637024 0 40 5238 -0.701889529305
0.265949842531 2 123 12192 0.788529597151
0.403232871773 2 290 27664 -0.438558184159
0.611381256445 10 605 62870 0.830402236058
0.926975618552 10 1256 142408 -0.0936608607908
1.40547945874 32 2906 321652 0.221839387327
2.13098647839 80 6638 728422 0.332793974596
3.23099945918 160 14964 1648420 0.182121738857
4.89883798472 378 33471 3743302 0.261124473673
7.42761300449 700 75714 8457886 0.0326229222385
11.2617390321 1574 169276 18992120 0.0427063749366
17.0750368861 3364 374925 42214784 0.0101526462224
25.8891529834 7352 813680 92082302 0.0220755127495
39.2531065478 15466 1718887 194418916 0.0174036571258
59.5155188986 30514 3402933 384047158 0.0118501213626
90.2373672122 54396 6015409 670773086 0.00834106830276
136.817801341 75668 8306790 924241584 0.0135606914903
207.443006619 101292 11194616 1249636762 0.0100122377576
STEP_DONE 
0.050323978983 0 6 424 -2.11532270141
0.0763011640511 0 8 996 -0.768268842566
0.115687744753 0 16 2384 -0.477513227513
0.175405637024 0 38 5156 -0.622513555892
0.265949842531 2 123 12142 0.765648974471
0.403232871773 0 293 27290 -1.36364217565
0.611381256445 10 599 62032 0.827426824454
0.926975618552 12 1259 140774 0.0639548833557
1.40547945874 40 2886 317270 0.525030801391
2.13098647839 76 6629 718914 0.250924531469
3.23099945918 162 14941 1627880 0.185204825634
4.89883798472 368 33478 3696492 0.212412376562
7.42761300449 714 75532 8347232 0.0443315336668
11.2617390321 1638 168911 18744374 0.0749796998518
17.0750368861 3410 374202 41657038 0.0142533242771
25.8891529834 7486 812399 90861896 0.0298960425592
39.2531065478 15552 1716122 191858902 0.0129811095351
59.5155188986 30736 3391672 378868168 0.0121533000898
90.2373672122 54646 5984320 661713268 0.00964733575651
136.817801341 76242 8277886 912676690 0.015434434301
207.443006619 100300 11044844 1228498660 0.00998110155124
STEP_DONE 
0.050323978983 0 6 440 -2.03437950938
0.0763011640511 0 7 1008 -0.545285861258
0.115687744753 0 17 2394 -0.580141933317
0.175405637024 0 38 5190 -0.629249370483
0.265949842531 2 122 12214 0.804343557236
0.403232871773 2 284 27492 -0.398158604807
0.611381256445 10 605 62702 0.827180422643
0.926975618552 12 1261 142180 0.0712323637735
1.40547945874 40 2916 320810 0.520853371427
2.13098647839 76 6619 726486 0.267611647923
3.23099945918 158 14895 1644252 0.173737459452
4.89883798472 378 33463 3733312 0.25883637791
7.42761300449 714 75618 8436514 0.0531564856186
11.2617390321 1596 169167 18945670 0.0559063866587
17.0750368861 3328 374778 42110640 -0.00209829795183
25.8891529834 7358 813225 91853252 0.0215294552594
39.2531065478 15386 1719395 193949212 0.00932952402011
59.5155188986 30622 3401776 383066476 0.0134872686242
90.2373672122 54592 6010488 668827054 0.0106994935308
136.817801341 75818 8300896 921091618 0.0135831385416
207.443006619 101202 11175850 1245814860 0.00940980778864
STEP_DONE 
0.050323978983 0 5 426 -1.6000819485
0.0763011640511 0 7 954 -0.625460035727
0.115687744753 0 18 2394 -0.665616406105
0.175405637024 0 40 5124 -0.729328509071
0.265949842531 2 122 12068 0.793736333627
0.403232871773 2 294 27214 -0.491578997275
0.611381256445 10 593 62140 0.860315562685
0.926975618552 12 1244 140458 0.0861541931047
1.40547945874 38 2887 316930 0.453054424148
2.13098647839 74 6643 718098 0.214966519949
3.23099945918 162 14833 1623798 0.200390398356
4.89883798472 362 33341 3689830 0.201937306857
7.42761300449 706 75121 8336820 0.0428327045325
11.2617390321 1598 167922 18716452 0.0599655601627
17.0750368861 3322 371928 41597876 -0.000915555006297
25.8891529834 7408 807731 90722412 0.0294704097459
39.2531065478 15474 1709833 191561778 0.013735469758
59.5155188986 30624 3379003 378298682 0.0144606614888
90.2373672122 54322 5967408 660812302 0.00805469490112
136.817801341 75554 8237096 910387220 0.0138252163571
207.443006619 99530 10979553 1223091118 0.00973987378028
STEP_DONE 
