#Theta DD DR RR XI factor=103.708998549 jknum= 10
0.050323978983 0 5 324 -2.19051174831
0.0763011640511 0 6 742 -0.671793757065
0.115687744753 0 17 1758 -0.999242174025
0.175405637024 0 36 3872 -0.922217408691
0.265949842531 2 107 9298 0.919342718909
0.403232871773 2 235 20922 -0.300704141322
0.611381256445 8 499 47906 0.630970816809
0.926975618552 12 1043 108426 0.193878607761
1.40547945874 28 2404 244500 0.190959363095
2.13098647839 64 5420 555416 0.213811293297
3.23099945918 148 12424 1257772 0.21520744591
4.89883798472 292 27519 2857988 0.101066873545
7.42761300449 616 62397 6454956 0.0212529218448
11.2617390321 1356 139192 14496772 0.0144561100725
17.0750368861 2870 307798 32210730 -0.0234863234369
25.8891529834 6370 668920 70269766 0.000610714200167
39.2531065478 13468 1413905 148358044 -0.000285801646078
59.5155188986 26538 2793829 293203036 -0.00281521986491
90.2373672122 46606 4908866 512970742 -0.00757731632461
136.817801341 64984 6748080 705696974 0.00705117045572
207.443006619 84130 8840233 931784168 0.00334061523029
STEP_DONE 
0.050323978983 0 5 318 -2.29382227632
0.0763011640511 0 6 738 -0.703147128245
0.115687744753 0 14 1790 -0.638446566949
0.175405637024 0 34 4042 -0.762137874894
0.265949842531 2 104 9500 1.01639618873
0.403232871773 2 243 21170 -0.368112548828
0.611381256445 6 484 48744 0.270382215937
0.926975618552 12 1026 109760 0.241260658294
1.40547945874 32 2370 248288 0.414366906029
2.13098647839 56 5393 561970 0.0829117196738
3.23099945918 148 12418 1273066 0.232033884896
4.89883798472 288 27561 2896544 0.0975572521176
7.42761300449 626 62382 6533256 0.0509715171747
11.2617390321 1346 139150 14673132 0.01978121603
17.0750368861 2848 307891 32592646 -0.020266442556
25.8891529834 6316 668256 71054876 0.00503885030861
39.2531065478 13146 1408961 149995994 -0.0062376098465
59.5155188986 26114 2786363 296429572 -0.00261553269198
90.2373672122 46096 4902760 518668140 -0.00514371214388
136.817801341 63596 6722936 713460530 0.00394880398524
207.443006619 82106 8789710 942011934 0.00157466065222
STEP_DONE 
0.050323978983 0 4 330 -1.53818181818
0.0763011640511 0 6 764 -0.644502617801
0.115687744753 0 13 1774 -0.534498308906
0.175405637024 0 32 3956 -0.693832153691
0.265949842531 0 105 9428 -1.3320958846
0.403232871773 2 240 21204 -0.336154499151
0.611381256445 6 483 48606 0.272360202444
0.926975618552 12 1049 109508 0.195350841948
1.40547945874 30 2392 248190 0.306893509005
2.13098647839 68 5426 562104 0.304786516374
3.23099945918 142 12401 1271774 0.182124638497
4.89883798472 284 27592 2891506 0.0784970738432
7.42761300449 602 62419 6526920 0.00851237337059
11.2617390321 1328 138928 14654854 0.00825571650185
17.0750368861 2852 307152 32539176 -0.0158139259581
25.8891529834 6258 666084 70935432 0.000820487284831
39.2531065478 13148 1404525 149652416 -0.00217543885159
59.5155188986 25930 2774459 294967110 -0.00595866739176
90.2373672122 46060 4877462 513160774 -0.00636428886515
136.817801341 62782 6601166 699990398 0.00846893328385
207.443006619 80370 8585486 916868338 9.89704805357e-05
STEP_DONE 
0.050323978983 0 3 328 -0.886875491739
0.0763011640511 0 7 736 -0.962077051192
0.115687744753 0 16 1774 -0.860639342474
0.175405637024 0 31 3854 -0.659379865075
0.265949842531 0 95 9348 -1.09652832415
0.403232871773 2 249 20904 -0.439379359344
0.611381256445 8 487 47664 0.677969421814
0.926975618552 10 1039 107602 -0.00320126853332
1.40547945874 30 2393 243786 0.284292960088
2.13098647839 68 5389 552264 0.29700543355
3.23099945918 132 12342 1249736 0.0864575522908
4.89883798472 296 27217 2837504 0.131118269004
7.42761300449 622 62007 6406280 0.0362557090781
11.2617390321 1352 138258 14370550 0.016220526292
17.0750368861 2884 305647 31878512 -0.0153995406989
25.8891529834 6324 662490 69396478 0.000168269294171
39.2531065478 13250 1396474 146128682 -0.00673983430772
59.5155188986 26138 2748328 286946964 -0.00671456449094
90.2373672122 45904 4770936 495074310 -0.00152447087183
136.817801341 62032 6406632 666512638 0.00726189067985
207.443006619 80362 8390857 877466676 0.00168495587846
STEP_DONE 
0.050323978983 0 5 316 -2.2438240098
0.0763011640511 0 6 750 -0.640077419355
0.115687744753 0 16 1774 -0.849016256319
0.175405637024 0 35 3876 -0.851222577316
0.265949842531 2 102 9298 1.01113108421
0.403232871773 2 240 20874 -0.350380313445
0.611381256445 8 483 47600 0.685677762135
0.926975618552 8 1047 107658 -0.212981818229
1.40547945874 26 2372 243480 0.124796024694
2.13098647839 70 5421 551412 0.318385301431
3.23099945918 140 12369 1249394 0.14778618614
4.89883798472 282 27530 2835466 0.0545207782615
7.42761300449 622 62386 6397628 0.0224143640346
11.2617390321 1336 138835 14354120 -0.00492703888708
17.0750368861 2918 307383 31849684 -0.0159082783406
25.8891529834 6462 666162 69363200 0.00996696821023
39.2531065478 13324 1402713 146093270 -0.0101166725996
59.5155188986 26376 2756351 286846530 -0.00381069785522
90.2373672122 46608 4813798 493862326 -0.00666444016559
136.817801341 63728 6473549 660553208 0.00456970198864
207.443006619 81452 8380231 862733316 0.000626768453671
STEP_DONE 
0.050323978983 0 5 328 -2.10778914241
0.0763011640511 0 6 730 -0.67565178966
0.115687744753 0 15 1794 -0.704606753695
0.175405637024 0 34 3886 -0.783739810403
0.265949842531 2 105 9294 0.932777504962
0.403232871773 2 245 20530 -0.420686865697
0.611381256445 6 491 47384 0.203199646943
0.926975618552 10 1043 106654 -0.0194553475234
1.40547945874 32 2388 242180 0.36271822998
2.13098647839 74 5403 547660 0.392702650949
3.23099945918 134 12384 1239502 0.0864354235273
4.89883798472 292 27489 2818792 0.088232507531
7.42761300449 628 62174 6362092 0.0333330255573
11.2617390321 1378 138681 14282738 0.022985074725
17.0750368861 2934 306605 31684578 -0.0106217945539
25.8891529834 6398 664631 69010170 -0.000118568990354
39.2531065478 13370 1400394 145417844 -0.00795134056071
59.5155188986 26434 2761859 286309294 -0.0072719700748
90.2373672122 46836 4834876 496847848 -0.00438259778651
136.817801341 64216 6566028 674087316 0.00403983167107
207.443006619 83188 8578047 884022352 -0.0004512944591
STEP_DONE 
0.050323978983 0 5 326 -2.20388877894
0.0763011640511 0 7 756 -0.934199522103
0.115687744753 0 15 1756 -0.784398192373
0.175405637024 0 34 3964 -0.791720647114
0.265949842531 2 109 9414 0.898965424334
0.403232871773 2 247 21198 -0.404776354974
0.611381256445 8 477 48290 0.743856006106
0.926975618552 10 1067 109174 -0.0423555950561
1.40547945874 28 2383 247562 0.223072507484
2.13098647839 66 5438 561070 0.258629714784
3.23099945918 140 12377 1269516 0.166456004599
4.89883798472 290 27471 2886714 0.108028241695
7.42761300449 612 62255 6518332 0.029156365846
11.2617390321 1336 138516 14630544 0.018457352912
17.0750368861 2884 306661 32484804 -0.00347157538017
25.8891529834 6294 665346 70831410 0.00715754227485
39.2531065478 13198 1405847 149517440 -0.00117878246211
59.5155188986 25934 2780321 295822264 -0.00693495202908
90.2373672122 46504 4940227 520419186 -0.00815543264639
136.817801341 66350 6924800 727829242 0.007012473615
207.443006619 88778 9357541 988715948 0.00250489201606
STEP_DONE 
0.050323978983 0 4 344 -1.44949362341
0.0763011640511 0 7 746 -0.976669117011
0.115687744753 0 17 1820 -0.967670152428
0.175405637024 0 33 4018 -0.730130140176
0.265949842531 2 106 9552 0.985184927984
0.403232871773 2 238 21372 -0.307700036534
0.611381256445 6 493 48890 0.237279203601
0.926975618552 8 1061 110656 -0.217775935774
1.40547945874 22 2381 250482 -0.028034900538
2.13098647839 68 5413 568008 0.320627557576
3.23099945918 132 12410 1285102 0.105258629655
4.89883798472 296 27634 2925516 0.132650110607
7.42761300449 610 62640 6608530 0.0272937118246
11.2617390321 1332 139657 14847824 0.0138357485205
17.0750368861 2902 309998 33019822 -0.00267617061481
25.8891529834 6312 675932 72164900 -0.00275739002098
39.2531065478 13312 1429934 152821010 -0.00471150232166
59.5155188986 26508 2846255 303521324 -0.00652333372333
90.2373672122 47470 5067248 535603184 -0.00973005881014
136.817801341 67558 7106834 750230332 0.00349322869747
207.443006619 91378 9640884 1020558408 0.00332635368905
STEP_DONE 
0.050323978983 0 5 324 -2.1832437276
0.0763011640511 0 7 766 -0.885012212583
0.115687744753 0 13 1772 -0.513298259666
0.175405637024 0 31 3924 -0.629587155963
0.265949842531 2 103 9354 1.00302325492
0.403232871773 0 238 20938 -1.34469663122
0.611381256445 8 482 47846 0.700579454035
0.926975618552 12 1039 108346 0.200046533101
1.40547945874 28 2369 244878 0.220753746568
2.13098647839 66 5382 555414 0.265217474837
3.23099945918 144 12426 1256946 0.179441611838
4.89883798472 298 27569 2858614 0.119549003785
7.42761300449 630 62570 6451628 0.0382114359683
11.2617390321 1398 139837 14491522 0.0357207544332
17.0750368861 2946 309152 32186468 -0.00765046262042
25.8891529834 6392 670522 70200298 -0.00167686202471
39.2531065478 13428 1414593 148233514 -0.00487999750313
59.5155188986 26478 2796181 293250852 -0.00639636387026
90.2373672122 47114 4933759 514067684 -0.00481565537646
136.817801341 65246 6776020 708208650 0.00639543542386
207.443006619 84386 8871778 936738196 0.00464935429689
STEP_DONE 
0.050323978983 0 4 336 -1.46732707682
0.0763011640511 0 5 722 -0.435287219201
0.115687744753 0 17 1792 -0.966151264338
0.175405637024 0 33 3886 -0.760018182433
0.265949842531 2 106 9300 0.947132855194
0.403232871773 2 233 20842 -0.286494084165
0.611381256445 8 487 47814 0.685787579427
0.926975618552 12 1030 108146 0.217644262252
1.40547945874 30 2376 244770 0.304335622747
2.13098647839 64 5420 555162 0.214558337055
3.23099945918 142 12282 1254354 0.186341963902
4.89883798472 292 27546 2855274 0.0987356779561
7.42761300449 634 62253 6450166 0.0552283106912
11.2617390321 1354 138781 14480558 0.0177925828033
17.0750368861 2854 307506 32168150 -0.0284716253747
25.8891529834 6372 667328 70161340 0.00400513484459
39.2531065478 13334 1410213 148124472 -0.0064807721556
59.5155188986 26462 2786911 292799200 -0.00217101861339
90.2373672122 46694 4911662 512528318 -0.00781867514471
136.817801341 65116 6755892 705277136 0.00615820229894
207.443006619 84822 8864902 930974414 0.00489124873912
STEP_DONE 
