#Theta DD DR RR XI factor=92.1459276018 
0.050323978983 0 8 424 -2.47720481516
0.0763011640511 0 7 956 -0.349417349817
0.115687744753 0 23 2278 -0.860716711889
0.175405637024 0 47 5030 -0.72201137069
0.265949842531 2 149 11884 0.118332002849
0.403232871773 2 338 26724 -0.695438673538
0.611381256445 12 697 60958 0.564274428397
0.926975618552 16 1480 137818 0.00667551318558
1.40547945874 52 3373 311280 0.421449868367
2.13098647839 110 7715 704298 0.307373092356
3.23099945918 210 17407 1593700 0.10592632925
4.89883798472 510 39022 3617692 0.209138846751
7.42761300449 932 88158 8166578 -0.0204162247207
11.2617390321 2210 196486 18320366 0.047729592308
17.0750368861 4480 434136 40647376 -0.0325050849275
25.8891529834 10132 941395 88445570 0.0111215723646
39.2531065478 21070 1972681 186006000 0.0073096097372
59.5155188986 40864 3857747 364968704 0.00270802614602
90.2373672122 71704 6741639 634652866 0.00165947658668
136.817801341 100232 9341712 878661920 0.00923855263894
207.443006619 135616 12710067 1205477734 0.012122994865
