#Theta DD DR RR XI factor=121.664529915 jknum= 20
0.050323978983 0 6 420 -2.48590719108
0.0763011640511 0 7 952 -0.794216936587
0.115687744753 0 17 2260 -0.835499804155
0.175405637024 0 36 5024 -0.748504403171
0.265949842531 2 112 11816 1.20665051936
0.403232871773 2 261 26594 -0.275333889833
0.611381256445 10 540 60574 1.28212075728
0.926975618552 10 1123 137412 0.0890847253756
1.40547945874 32 2553 309662 0.526497421445
2.13098647839 70 5810 701676 0.464534724584
3.23099945918 152 13230 1587814 0.39181778462
4.89883798472 308 29643 3604284 0.265176422369
7.42761300449 634 66963 8141366 0.152184567241
11.2617390321 1372 150235 18273456 0.111483872122
17.0750368861 2940 331724 40574440 0.0836267396671
25.8891529834 6562 722046 88336534 0.111247047085
39.2531065478 13642 1523443 186032790 0.0933283266405
59.5155188986 26906 3008852 365856414 0.0879282844291
90.2373672122 47310 5296547 634287518 0.072677624324
136.817801341 66478 7273943 863279802 0.0902460114425
207.443006619 87260 9684385 1160289862 0.0828161568868
STEP_DONE 
0.050323978983 0 6 424 -2.46688558932
0.0763011640511 0 6 954 -0.540838039699
0.115687744753 0 17 2310 -0.802980615284
0.175405637024 0 36 5022 -0.756224002237
0.265949842531 2 108 11870 1.29920598497
0.403232871773 2 253 26822 -0.192023188566
0.611381256445 8 528 61146 0.847691563279
0.926975618552 10 1104 138076 0.127883797037
1.40547945874 36 2586 311016 0.699831151232
2.13098647839 70 5829 705226 0.464446802391
3.23099945918 150 13275 1597136 0.372957636733
4.89883798472 304 29673 3624384 0.252828594719
7.42761300449 650 66981 8183190 0.186580311476
11.2617390321 1382 149877 18365034 0.129794228068
17.0750368861 2992 331697 40773692 0.108069485591
25.8891529834 6402 721029 88774716 0.0922807430694
39.2531065478 13432 1521078 186907326 0.0845677211962
59.5155188986 26660 3001296 367508716 0.0877694425015
90.2373672122 46914 5275934 636852638 0.0757613895294
136.817801341 65274 7226408 866325896 0.0869980951834
207.443006619 86790 9694570 1166876748 0.08063680156
STEP_DONE 
0.050323978983 0 6 428 -2.45661181651
0.0763011640511 0 7 942 -0.832273354963
0.115687744753 0 15 2304 -0.605284133533
0.175405637024 0 36 5150 -0.723607600929
0.265949842531 2 109 11982 1.29398084348
0.403232871773 2 257 26910 -0.225199728139
0.611381256445 10 527 61480 1.35866431206
0.926975618552 10 1112 138766 0.119426017919
1.40547945874 36 2554 313110 0.736304173598
2.13098647839 64 5806 708400 0.352295655934
3.23099945918 156 13213 1604090 0.447134706058
4.89883798472 300 29622 3642580 0.246652901316
7.42761300449 644 67029 8225626 0.180726054948
11.2617390321 1360 150054 18463296 0.115657043276
17.0750368861 2928 331883 41000066 0.089535329042
25.8891529834 6438 722146 89264368 0.101466460416
39.2531065478 13348 1520288 187917232 0.0848183534875
59.5155188986 26466 3002854 369562276 0.0849945717043
90.2373672122 46580 5274428 640589460 0.0750134798063
136.817801341 64646 7226872 872038204 0.0833409721052
207.443006619 86560 9761005 1182897378 0.0775805790888
STEP_DONE 
0.050323978983 0 6 416 -2.54418171851
0.0763011640511 0 5 954 -0.287892727899
0.115687744753 0 16 2298 -0.710913368029
0.175405637024 0 36 5092 -0.737289389119
0.265949842531 2 113 11968 1.20254992384
0.403232871773 2 263 26852 -0.282413689259
0.611381256445 10 529 61166 1.34278627034
0.926975618552 10 1109 138314 0.121155516951
1.40547945874 36 2545 312084 0.737462091276
2.13098647839 68 5810 706564 0.432214898412
3.23099945918 150 13200 1599296 0.387689883958
4.89883798472 312 29548 3631216 0.297497458979
7.42761300449 648 66867 8193070 0.188442788722
11.2617390321 1370 149822 18388240 0.122563984317
17.0750368861 2978 331377 40822918 0.106532373646
25.8891529834 6444 719679 88876528 0.104720457424
39.2531065478 13336 1515342 187171406 0.086146206069
59.5155188986 26474 2994046 368013834 0.0867720638547
90.2373672122 46552 5267250 637630238 0.0722188608756
136.817801341 64290 7184678 867520270 0.0836162682598
207.443006619 85128 9635082 1172847554 0.0769876364278
STEP_DONE 
0.050323978983 0 6 426 -2.47028306372
0.0763011640511 0 7 968 -0.781746573007
0.115687744753 0 16 2286 -0.724515118281
0.175405637024 0 33 5074 -0.602458261392
0.265949842531 2 108 11926 1.31392835371
0.403232871773 2 259 26914 -0.24325611874
0.611381256445 8 531 61410 0.846653941226
0.926975618552 10 1116 138704 0.111769318534
1.40547945874 34 2556 313206 0.636806421561
2.13098647839 68 5838 708928 0.426756981442
3.23099945918 148 13239 1604274 0.366841614789
4.89883798472 304 29657 3641230 0.260311205206
7.42761300449 628 66979 8220960 0.151948950333
11.2617390321 1360 149723 18450990 0.119314610333
17.0750368861 2940 330364 40963510 0.102177053129
25.8891529834 6322 717875 89188192 0.0926133969564
39.2531065478 13266 1512763 187774644 0.0872491002724
59.5155188986 26184 2984707 369051512 0.0841193028442
90.2373672122 46284 5261326 638753820 0.0702436335512
136.817801341 64654 7191515 866176754 0.0871805033883
207.443006619 85886 9656101 1169053998 0.0798764421306
STEP_DONE 
0.050323978983 0 5 426 -1.8654698886
0.0763011640511 0 7 956 -0.78762159159
0.115687744753 0 14 2292 -0.491244538883
0.175405637024 0 36 5006 -0.755687024033
0.265949842531 0 111 11812 -1.29421959283
0.403232871773 2 261 26716 -0.26958890028
0.611381256445 10 524 60822 1.34658708447
0.926975618552 10 1123 137192 0.087712381051
1.40547945874 34 2582 309670 0.600427306473
2.13098647839 72 5795 701862 0.512840028538
3.23099945918 148 13207 1587946 0.358286764356
4.89883798472 306 29625 3604080 0.258359772689
7.42761300449 654 66876 8137906 0.19121422843
11.2617390321 1382 149692 18256244 0.126187023553
17.0750368861 2974 330936 40508116 0.0994656074068
25.8891529834 6494 719017 88138524 0.106255626645
39.2531065478 13432 1513409 185413536 0.0867303831339
59.5155188986 26418 2975519 363728730 0.0850685955028
90.2373672122 46332 5193505 627181288 0.0791400115853
136.817801341 63522 7027142 844635440 0.0894756183916
207.443006619 85160 9484130 1138882954 0.0811339342544
STEP_DONE 
0.050323978983 0 5 430 -1.86521048867
0.0763011640511 0 7 960 -0.796725743936
0.115687744753 0 16 2296 -0.71712963084
0.175405637024 0 34 5070 -0.652440920881
0.265949842531 2 105 11984 1.37430120654
0.403232871773 2 268 26910 -0.325860088106
0.611381256445 10 529 61270 1.34996729049
0.926975618552 10 1111 138650 0.120324417665
1.40547945874 34 2561 312638 0.632299813315
2.13098647839 72 5784 707518 0.530302673958
3.23099945918 142 13223 1601778 0.311513511437
4.89883798472 306 29475 3635302 0.279830968019
7.42761300449 642 66772 8207836 0.182721137086
11.2617390321 1360 149448 18407784 0.120946111786
17.0750368861 2940 330394 40846634 0.0994411389219
25.8891529834 6378 717992 88854438 0.0984596082923
39.2531065478 13324 1512871 186840104 0.0872650010418
59.5155188986 26412 2983534 366128868 0.0870621234347
90.2373672122 46456 5211032 629583932 0.0805454425931
136.817801341 64182 7079997 848477376 0.0920974681764
207.443006619 85148 9599731 1164728840 0.0787815277177
STEP_DONE 
0.050323978983 0 5 418 -1.90117984041
0.0763011640511 0 7 944 -0.798485638359
0.115687744753 0 17 2282 -0.80681717318
0.175405637024 0 34 4990 -0.652567851382
0.265949842531 2 106 11824 1.31321036682
0.403232871773 2 253 26520 -0.204742832489
0.611381256445 10 527 60166 1.31985860436
0.926975618552 6 1115 136358 -0.336137914103
1.40547945874 32 2558 307786 0.513252997082
2.13098647839 70 5818 696904 0.452360061561
3.23099945918 142 13158 1577128 0.300604494616
4.89883798472 304 29491 3575826 0.24996135501
7.42761300449 644 66685 8075578 0.169983179585
11.2617390321 1374 149113 18113166 0.118912750836
17.0750368861 3016 330042 40176746 0.111578271515
25.8891529834 6528 716411 87376256 0.110113355584
39.2531065478 13460 1508030 183683138 0.0864188730118
59.5155188986 26594 2966799 359904200 0.0873531417756
90.2373672122 46754 5181114 618589496 0.0800936133041
136.817801341 63786 6974209 827477650 0.0894467823047
207.443006619 85560 9355415 1108977164 0.0885447487957
STEP_DONE 
0.050323978983 0 6 414 -2.54190721593
0.0763011640511 0 6 952 -0.540283180039
0.115687744753 0 16 2308 -0.694222515768
0.175405637024 0 35 5018 -0.704604608705
0.265949842531 2 111 11832 1.23125077714
0.403232871773 2 262 26844 -0.272797350906
0.611381256445 10 527 60828 1.33740646933
0.926975618552 8 1119 137764 -0.117996659518
1.40547945874 34 2558 310702 0.621914065973
2.13098647839 72 5824 703392 0.504904647853
3.23099945918 150 13196 1592990 0.381528111453
4.89883798472 302 29638 3613760 0.243483084739
7.42761300449 644 67017 8159016 0.171186333807
11.2617390321 1358 149901 18301736 0.106251861508
17.0750368861 2978 331662 40609130 0.0990088634792
25.8891529834 6524 720815 88346304 0.108666959119
39.2531065478 13454 1516597 185809002 0.0864223665684
59.5155188986 26624 2983979 364163318 0.0891043037012
90.2373672122 46858 5225520 626367998 0.0781804342178
136.817801341 64702 7066414 839321966 0.093489677626
207.443006619 85898 9488560 1130105762 0.0829960541722
STEP_DONE 
0.050323978983 0 6 434 -2.37289852417
0.0763011640511 0 7 962 -0.775271260643
0.115687744753 0 17 2294 -0.807995154848
0.175405637024 0 36 5020 -0.749607122896
0.265949842531 2 110 11892 1.24591165994
0.403232871773 2 262 26690 -0.279861877624
0.611381256445 8 533 60834 0.819312185089
0.926975618552 10 1121 137544 0.0934779281902
1.40547945874 36 2552 310256 0.719864609036
2.13098647839 72 5805 701874 0.508669020387
3.23099945918 148 13253 1589008 0.351148838494
4.89883798472 314 29603 3605610 0.292826723767
7.42761300449 650 66969 8138816 0.180941195656
11.2617390321 1400 149760 18258534 0.13988669809
17.0750368861 3002 331372 40505992 0.106948393412
25.8891529834 6542 720811 88119090 0.109059764688
39.2531065478 13490 1518057 185265594 0.0844268962128
59.5155188986 26710 2987342 363109034 0.0874170058042
90.2373672122 46898 5221451 624652900 0.0778595446205
136.817801341 64858 7073474 838937446 0.0933724082525
207.443006619 86362 9543828 1137215148 0.0825757027072
STEP_DONE 
0.050323978983 0 6 422 -2.46849034534
0.0763011640511 0 7 958 -0.782519220619
0.115687744753 0 16 2292 -0.702970245179
0.175405637024 0 36 5082 -0.728102627782
0.265949842531 2 110 11888 1.24574079467
0.403232871773 2 260 26496 -0.270803388293
0.611381256445 10 530 60704 1.32099767046
0.926975618552 10 1121 137140 0.0907911944236
1.40547945874 36 2559 309938 0.713933967033
2.13098647839 74 5822 701526 0.54483413112
3.23099945918 140 13214 1587666 0.281557122813
4.89883798472 312 29631 3604332 0.282370950659
7.42761300449 652 66900 8138092 0.18655900733
11.2617390321 1382 149988 18260072 0.12222115688
17.0750368861 3004 331732 40521846 0.105845498471
25.8891529834 6500 720669 88158150 0.102739641245
39.2531065478 13574 1519573 185445678 0.090045420781
59.5155188986 26840 2999986 363969102 0.0863960798483
90.2373672122 47324 5255641 628261408 0.0799504896319
136.817801341 65016 7129925 847995296 0.0895666166316
207.443006619 85930 9530309 1141138772 0.0829683104406
STEP_DONE 
0.050323978983 0 6 428 -2.44211987576
0.0763011640511 0 6 952 -0.547507675238
0.115687744753 0 16 2314 -0.697755467389
0.175405637024 0 34 5074 -0.645307069771
0.265949842531 2 111 11896 1.24291536474
0.403232871773 2 264 26822 -0.292878053281
0.611381256445 10 527 61218 1.34832347774
0.926975618552 8 1113 138246 -0.104595865307
1.40547945874 34 2572 312082 0.618471456797
2.13098647839 68 5835 706558 0.422831445105
3.23099945918 150 13219 1599086 0.384064823169
4.89883798472 298 29665 3629406 0.230628423522
7.42761300449 642 66897 8196098 0.176512165006
11.2617390321 1376 149797 18391634 0.127784233435
17.0750368861 3002 331688 40823036 0.113363693352
25.8891529834 6486 721346 88886722 0.107185028811
39.2531065478 13432 1521582 187140502 0.0854141348445
59.5155188986 26520 3002516 367810996 0.0823647554579
90.2373672122 47070 5283497 636858068 0.0769535140472
136.817801341 65188 7213390 863456614 0.0866558029038
207.443006619 86030 9626686 1160268240 0.0803388574736
STEP_DONE 
0.050323978983 0 6 420 -2.50905583539
0.0763011640511 0 7 952 -0.806131679979
0.115687744753 0 16 2288 -0.7177196397
0.175405637024 0 36 5094 -0.735928681817
0.265949842531 2 112 11914 1.22301584249
0.403232871773 2 262 26908 -0.270554315599
0.611381256445 10 526 61108 1.35407158842
0.926975618552 10 1125 138092 0.0911993123976
1.40547945874 34 2564 312000 0.625162830486
2.13098647839 72 5813 706610 0.516251391729
3.23099945918 144 13225 1598506 0.32661383327
4.89883798472 304 29565 3628556 0.262343143498
7.42761300449 632 66777 8193734 0.161602656205
11.2617390321 1372 149459 18386812 0.128889527003
17.0750368861 2972 330841 40824576 0.107495757258
25.8891529834 6430 718488 88871878 0.105511550949
39.2531065478 13384 1515339 187099330 0.0896048191261
59.5155188986 26320 2987174 367658166 0.0840942368668
90.2373672122 46330 5248622 636407406 0.0722961210339
136.817801341 65008 7221341 867365048 0.0854770227106
207.443006619 89958 10015022 1198911180 0.0799133734298
STEP_DONE 
0.050323978983 0 6 430 -2.38978698163
0.0763011640511 0 7 948 -0.79382187319
0.115687744753 0 16 2242 -0.733700151175
0.175405637024 0 37 4976 -0.80638769017
0.265949842531 2 112 11764 1.19550767106
0.403232871773 2 258 26512 -0.25107569687
0.611381256445 10 522 60350 1.34351749945
0.926975618552 10 1128 136976 0.0765742354842
1.40547945874 36 2540 308606 0.721655897528
2.13098647839 70 5847 698256 0.444849878376
3.23099945918 150 13246 1581738 0.364771345664
4.89883798472 300 29630 3591700 0.228259655093
7.42761300449 650 67090 8116076 0.173469728724
11.2617390321 1368 150131 18223660 0.106210108682
17.0750368861 2982 331787 40490350 0.0959524764795
25.8891529834 6506 723363 88305426 0.0970160317701
39.2531065478 13534 1529597 186458324 0.0780392479758
59.5155188986 26958 3031537 368320240 0.0803691846102
90.2373672122 48190 5393548 643085306 0.068133881446
136.817801341 68524 7525997 887811626 0.0794207391047
207.443006619 92496 10264943 1213973602 0.0699999590474
STEP_DONE 
0.050323978983 0 4 366 -1.37326544751
0.0763011640511 0 7 836 -0.818273348241
0.115687744753 0 17 2022 -0.825724235213
0.175405637024 0 36 4442 -0.759913638923
0.265949842531 2 114 10584 0.888733185515
0.403232871773 2 252 23708 -0.313686130007
0.611381256445 8 528 54252 0.624978533027
0.926975618552 10 1131 122356 -0.0437699429644
1.40547945874 30 2583 276944 0.251689956158
2.13098647839 72 5813 628224 0.341777532889
3.23099945918 142 13326 1420638 0.141398704923
4.89883798472 310 29698 3231228 0.135170528994
7.42761300449 662 67174 7292496 0.0698919809988
11.2617390321 1402 150014 16371060 0.0197328827052
17.0750368861 3052 332649 36371616 0.00317490117669
25.8891529834 6712 724454 79328742 0.0143477602949
39.2531065478 14044 1534457 167503950 -0.000867441536263
59.5155188986 27936 3047493 330899114 -0.00465293975648
90.2373672122 49736 5396998 580079344 -0.00959248198478
136.817801341 70446 7534704 809040644 0.00412208071037
207.443006619 95404 10251345 1104641566 0.00292889689281
STEP_DONE 
0.050323978983 0 5 426 -1.86497680758
0.0763011640511 0 7 946 -0.806207365795
0.115687744753 0 17 2302 -0.802620507429
0.175405637024 0 34 5060 -0.640170912293
0.265949842531 2 107 11892 1.30887654719
0.403232871773 2 257 26678 -0.234771860776
0.611381256445 8 534 60764 0.815984152654
0.926975618552 8 1120 137432 -0.12216811962
1.40547945874 30 2546 310228 0.437197931512
2.13098647839 70 5806 703274 0.467460322709
3.23099945918 146 13214 1591570 0.339827877462
4.89883798472 314 29617 3614140 0.293846743196
7.42761300449 646 66985 8160624 0.175536229221
11.2617390321 1368 149824 18314948 0.115798662124
17.0750368861 3008 331894 40667726 0.109670200101
25.8891529834 6496 722243 88560844 0.101927421617
39.2531065478 13584 1523512 186460406 0.090746381726
59.5155188986 26926 3017372 367152458 0.0863565840339
90.2373672122 47758 5344088 640285984 0.073724891841
136.817801341 67876 7444996 883756826 0.0877216496052
207.443006619 92042 10148171 1202399984 0.0800926471138
STEP_DONE 
0.050323978983 0 6 426 -2.43300613886
0.0763011640511 0 7 976 -0.748159888333
0.115687744753 0 16 2272 -0.716503069429
0.175405637024 0 35 5062 -0.68530625347
0.265949842531 2 111 11832 1.22396128143
0.403232871773 0 260 26730 -1.37086768886
0.611381256445 10 530 60612 1.31913045776
0.926975618552 10 1106 137504 0.119639546855
1.40547945874 32 2547 310284 0.530985706842
2.13098647839 72 5813 702636 0.505455076014
3.23099945918 148 13238 1590094 0.353199439467
4.89883798472 316 29628 3609146 0.299509529898
7.42761300449 648 67029 8147090 0.175985654602
11.2617390321 1388 150246 18285194 0.124652056296
17.0750368861 3038 332118 40600302 0.11751808291
25.8891529834 6538 722357 88405270 0.106809782938
39.2531065478 13538 1521232 186186698 0.0884727425318
59.5155188986 26760 3004589 366331732 0.0858280987893
90.2373672122 47388 5301156 635536618 0.074354691017
136.817801341 66468 7282231 865111780 0.0894058775944
207.443006619 87816 9716307 1160448244 0.0831301769101
STEP_DONE 
0.050323978983 0 6 422 -2.48050045687
0.0763011640511 0 7 954 -0.796191186161
0.115687744753 0 14 2302 -0.488763155168
0.175405637024 0 33 5032 -0.605373918996
0.265949842531 2 108 11900 1.29617337877
0.403232871773 2 256 26704 -0.224731359161
0.611381256445 10 523 60970 1.3572877549
0.926975618552 10 1122 137890 0.0945790872086
1.40547945874 36 2562 310880 0.71743729051
2.13098647839 68 5789 704084 0.434158869098
3.23099945918 152 13240 1593822 0.395195801913
4.89883798472 304 29655 3619002 0.252521764454
7.42761300449 654 66980 8170952 0.192420209298
11.2617390321 1408 150129 18338766 0.146214759079
17.0750368861 2986 331954 40714460 0.102850318571
25.8891529834 6478 721917 88662312 0.101379387435
39.2531065478 13440 1522284 186723940 0.0825983096998
59.5155188986 26688 3005164 367314622 0.0857097122952
90.2373672122 47244 5293349 637233332 0.0772360997671
136.817801341 65874 7266995 867941198 0.087431566934
207.443006619 87648 9754075 1170585244 0.0819285130362
STEP_DONE 
0.050323978983 0 6 438 -2.37360367489
0.0763011640511 0 6 960 -0.539206676669
0.115687744753 0 17 2310 -0.812399203697
0.175405637024 0 35 5076 -0.698100352511
0.265949842531 2 112 11936 1.22977785112
0.403232871773 2 251 26920 -0.169737297853
0.611381256445 10 536 61228 1.32050198917
0.926975618552 10 1116 138754 0.111991843105
1.40547945874 36 2571 313194 0.721213557311
2.13098647839 68 5820 709236 0.432837522768
3.23099945918 144 13174 1604594 0.338782189253
4.89883798472 316 29657 3643146 0.310393578117
7.42761300449 660 66979 8228760 0.211569683147
11.2617390321 1368 149933 18465754 0.123674295459
17.0750368861 2912 332078 41004988 0.082346782296
25.8891529834 6440 722260 89309240 0.101705451763
39.2531065478 13350 1522620 188102652 0.0826311763435
59.5155188986 26652 3010852 369992222 0.0881484422067
90.2373672122 46970 5302991 641398118 0.0742157760149
136.817801341 65608 7277160 872892772 0.0865083432014
207.443006619 87956 9816296 1181175114 0.0823992603839
STEP_DONE 
0.050323978983 0 5 422 -1.89268788084
0.0763011640511 0 6 930 -0.575115207373
0.115687744753 0 17 2302 -0.802966364652
0.175405637024 0 35 5012 -0.704908220271
0.265949842531 2 110 11820 1.24933613039
0.403232871773 2 260 26588 -0.266521570265
0.611381256445 10 523 60736 1.35115289859
0.926975618552 10 1107 137268 0.116678278095
1.40547945874 34 2549 309544 0.626316782237
2.13098647839 70 5839 701458 0.454778781175
3.23099945918 154 13202 1586234 0.414743843414
4.89883798472 300 29700 3603372 0.228330365252
7.42761300449 646 66968 8138174 0.173840138576
11.2617390321 1384 149980 18261806 0.124239874731
17.0750368861 3004 331732 40545906 0.106541323047
25.8891529834 6538 721487 88266790 0.108154672734
39.2531065478 13604 1522647 185841786 0.0904936454597
59.5155188986 26828 3002273 365467240 0.0882689087235
90.2373672122 47064 5279495 633798834 0.0728447456196
136.817801341 66032 7250516 863109812 0.0891191216426
207.443006619 86914 9653298 1157172350 0.0825562430043
STEP_DONE 
