#Theta DD DR RR XI factor=127.148409894 jknum= 20
0.050323978983 0 5 346 -2.65514182014
0.0763011640511 0 6 790 -0.921031498381
0.115687744753 0 16 1852 -1.18519061731
0.175405637024 0 33 4142 -1.01518152112
0.265949842531 2 89 9902 1.95707690853
0.403232871773 2 197 22110 0.193121105442
0.611381256445 4 428 50688 0.126420407359
0.926975618552 12 918 114884 0.649511687717
1.40547945874 18 2042 259696 0.119737827377
2.13098647839 42 4745 588658 0.10231931883
3.23099945918 106 10780 1332406 0.226009087365
4.89883798472 206 23924 3029672 0.090183582567
7.42761300449 466 54171 6843910 0.0869954892791
11.2617390321 932 120411 15372610 -0.011521383847
17.0750368861 1998 266694 34149020 -0.0395668525581
25.8891529834 4596 579206 74472160 0.0198630910482
39.2531065478 9514 1224537 157246942 -0.00199783705165
59.5155188986 18878 2423956 310727760 -0.00141702654231
90.2373672122 33508 4288514 543369966 -0.00997010405953
136.817801341 47176 5924878 747968294 0.00520557079483
207.443006619 61610 7830151 1000062762 0.0049352771002
STEP_DONE 
0.050323978983 0 5 354 -2.59143345158
0.0763011640511 0 5 796 -0.597195278719
0.115687744753 0 16 1892 -1.15030434141
0.175405637024 0 33 4144 -1.02486127323
0.265949842531 2 88 9946 2.0005465984
0.403232871773 2 197 22380 0.206238884502
0.611381256445 2 417 51276 -0.437408167695
0.926975618552 12 907 115580 0.68280815637
1.40547945874 22 2070 261168 0.34623084359
2.13098647839 42 4776 592662 0.0963945585654
3.23099945918 108 10833 1342442 0.248489310127
4.89883798472 200 23986 3051230 0.0606235689714
7.42761300449 480 54217 6889174 0.12509904781
11.2617390321 968 120289 15472538 0.0344317153609
17.0750368861 2046 267265 34371282 -0.0150150304574
25.8891529834 4522 579881 74956860 0.00801768613598
39.2531065478 9416 1225360 158216240 -0.00734713133827
59.5155188986 18706 2421567 312579228 -0.00256549581325
90.2373672122 33122 4265651 546250130 -0.00552136327046
136.817801341 46014 5864789 751370536 0.00514932375566
207.443006619 60776 7813552 1007953090 0.00351419236524
STEP_DONE 
0.050323978983 0 5 352 -2.65050211416
0.0763011640511 0 6 782 -0.971831321002
0.115687744753 0 14 1904 -0.889671682627
0.175405637024 0 33 4258 -0.99174413143
0.265949842531 2 88 10088 2.03169250241
0.403232871773 2 197 22546 0.219161755569
0.611381256445 2 415 51750 -0.422797393342
0.926975618552 12 912 116742 0.689572474622
1.40547945874 22 2057 264296 0.374250532447
2.13098647839 38 4772 598030 -0.00152001751342
3.23099945918 110 10770 1354366 0.297414324807
4.89883798472 200 23950 3080936 0.0740774432013
7.42761300449 474 54182 6956260 0.123379691701
11.2617390321 916 120052 15624420 -0.00663781973462
17.0750368861 1956 266343 34702498 -0.0417728497797
25.8891529834 4518 578827 75662674 0.0199103781346
39.2531065478 9284 1223132 159721658 -0.00828564384828
59.5155188986 18506 2420031 315556822 -0.00258353154718
90.2373672122 32920 4270971 551686364 -0.00429541753623
136.817801341 45804 5893175 760705014 0.00326824779537
207.443006619 60618 7898339 1030479796 0.00150100027813
STEP_DONE 
0.050323978983 0 5 340 -2.74735978112
0.0763011640511 0 6 798 -0.915943346739
0.115687744753 0 15 1886 -1.02667390071
0.175405637024 0 33 4204 -1.00025579183
0.265949842531 2 90 10016 1.95176645972
0.403232871773 2 206 22342 0.10364868441
0.611381256445 4 417 51324 0.194788704867
0.926975618552 12 907 115728 0.686145500361
1.40547945874 22 2033 261774 0.385286836546
2.13098647839 42 4744 592976 0.111149764291
3.23099945918 104 10766 1342822 0.21424662245
4.89883798472 210 23883 3054294 0.123571593742
7.42761300449 480 54130 6890676 0.12905273101
11.2617390321 946 119971 15475734 0.0168931245902
17.0750368861 2032 266044 34374796 -0.0125806519643
25.8891529834 4556 577081 74946274 0.0247303403603
39.2531065478 9292 1218520 158201984 -0.00923755570312
59.5155188986 18550 2410326 312548726 -0.00167238520188
90.2373672122 32842 4249950 546406952 -0.00627926283551
136.817801341 45268 5815749 751489230 0.00581437274417
207.443006619 59500 7759686 1012032346 0.000583882794803
STEP_DONE 
0.050323978983 0 5 352 -2.64751585624
0.0763011640511 0 5 808 -0.589016808658
0.115687744753 0 15 1886 -1.04229944018
0.175405637024 0 31 4220 -0.88633616224
0.265949842531 2 86 10062 2.08187020187
0.403232871773 2 199 22556 0.19618105301
0.611381256445 4 423 51618 0.173127431447
0.926975618552 12 914 116544 0.68350315373
1.40547945874 22 2053 264110 0.377086948478
2.13098647839 42 4783 597630 0.103378421821
3.23099945918 106 10781 1352578 0.245124831152
4.89883798472 198 23945 3075742 0.0620932737041
7.42761300449 464 54211 6943312 0.0967277850571
11.2617390321 930 120059 15597160 0.0063164884679
17.0750368861 1998 266222 34644584 -0.0225413170725
25.8891529834 4440 577322 75558670 0.00665462475266
39.2531065478 9246 1218845 159544438 -0.00639165202473
59.5155188986 18306 2406144 315160738 -0.00296116990797
90.2373672122 32692 4260766 550474012 -0.0085583261108
136.817801341 45376 5847657 757094624 0.00463716628649
207.443006619 60112 7819453 1019583736 0.00254006403599
STEP_DONE 
0.050323978983 0 4 354 -1.88756799369
0.0763011640511 0 6 800 -0.916623255814
0.115687744753 0 13 1886 -0.761477718316
0.175405637024 0 32 4168 -0.961994375753
0.265949842531 2 88 9990 2.01746369218
0.403232871773 2 201 22424 0.165507427933
0.611381256445 4 410 51386 0.231897384276
0.926975618552 12 907 115936 0.690634590196
1.40547945874 20 2062 262566 0.236705429236
2.13098647839 40 4742 595050 0.0609862014731
3.23099945918 102 10770 1346686 0.192851145301
4.89883798472 204 23957 3063166 0.0886501374768
7.42761300449 470 54134 6917578 0.109440719997
11.2617390321 936 119939 15533726 0.010613835628
17.0750368861 1990 265713 34486026 -0.0268889127899
25.8891529834 4544 576452 75168652 0.0271886487093
39.2531065478 9290 1217901 158565196 -0.0062855600687
59.5155188986 18458 2405079 312543754 -0.00230543072833
90.2373672122 32770 4234841 544013676 -0.00584938141504
136.817801341 44866 5759980 743502920 0.00543719596109
207.443006619 59248 7707566 1003691478 0.00132766418368
STEP_DONE 
0.050323978983 0 4 358 -1.84085747694
0.0763011640511 0 6 794 -0.921335598383
0.115687744753 0 15 1878 -1.03080466602
0.175405637024 0 31 4146 -0.901099630914
0.265949842531 0 81 9988 -1.06195397267
0.403232871773 2 211 22270 0.042437043502
0.611381256445 4 415 51136 0.200757648758
0.926975618552 12 914 115292 0.666488669693
1.40547945874 20 2053 261164 0.238958524171
2.13098647839 44 4723 591448 0.17195900369
3.23099945918 108 10754 1339218 0.261642433161
4.89883798472 210 23822 3043466 0.125022808901
7.42761300449 456 54054 6869978 0.0722104253716
11.2617390321 932 120054 15416740 -0.00292970750489
17.0750368861 2006 265956 34214882 -0.0288181305653
25.8891529834 4526 576561 74537226 0.0146263690135
39.2531065478 9386 1217451 157063678 -0.00501997713509
59.5155188986 18580 2399835 309026830 -0.00279732510775
90.2373672122 32822 4193100 535834282 0.000311883301297
136.817801341 44604 5682432 728541360 0.00633832581989
207.443006619 59420 7667051 991387802 0.00233209986395
STEP_DONE 
0.050323978983 0 4 350 -1.89962524917
0.0763011640511 0 6 784 -0.941713336497
0.115687744753 0 16 1904 -1.1320773891
0.175405637024 0 32 4128 -0.966800072111
0.265949842531 2 84 9982 2.08935739999
0.403232871773 2 204 22302 0.122406082432
0.611381256445 4 421 50858 0.165470077075
0.926975618552 10 909 114918 0.393498951292
1.40547945874 22 2058 260260 0.354100921712
2.13098647839 42 4761 589652 0.0977098366856
3.23099945918 102 10694 1334316 0.196775675532
4.89883798472 212 23777 3031732 0.135512075644
7.42761300449 482 53980 6846962 0.13264042192
11.2617390321 942 119703 15366220 0.0101010102439
17.0750368861 2018 265324 34106820 -0.0215369768427
25.8891529834 4524 574414 74305270 0.01846117446
39.2531065478 9332 1212439 156590468 -0.00539822329646
59.5155188986 18508 2389417 308101268 -0.000920954129933
90.2373672122 32686 4184899 533537808 -0.00416809955298
136.817801341 44878 5682897 722370792 0.00380471689837
207.443006619 59762 7634950 978295534 0.0029985848356
STEP_DONE 
0.050323978983 0 5 340 -2.71969904241
0.0763011640511 0 6 792 -0.916208597604
0.115687744753 0 15 1872 -1.02675909362
0.175405637024 0 32 4146 -0.952258831712
0.265949842531 2 86 9952 2.02857758778
0.403232871773 2 194 22262 0.232725468788
0.611381256445 4 418 50756 0.177430899318
0.926975618552 8 904 114920 0.123733702397
1.40547945874 18 2047 260186 0.116538205266
2.13098647839 42 4756 589436 0.0987874159681
3.23099945918 104 10766 1335114 0.206278702365
4.89883798472 194 23933 3032028 0.0268397635268
7.42761300449 468 54150 6843410 0.0923820080907
11.2617390321 920 120085 15357842 -0.0196230782852
17.0750368861 2034 266372 34086052 -0.0222066539662
25.8891529834 4602 577557 74277004 0.0241954267378
39.2531065478 9372 1218435 156540982 -0.0111663380411
59.5155188986 18614 2397386 307998792 -0.00217982906641
90.2373672122 33102 4211267 533508492 -0.00418757402832
136.817801341 45550 5714483 721004828 0.00574237552433
207.443006619 59476 7575127 966575556 0.00188439387199
STEP_DONE 
0.050323978983 0 5 346 -2.63919881705
0.0763011640511 0 5 804 -0.566122874002
0.115687744753 0 16 1882 -1.14097817759
0.175405637024 0 33 4132 -1.01124743916
0.265949842531 2 85 9882 2.04270909003
0.403232871773 2 207 22168 0.0788740136533
0.611381256445 4 420 50800 0.166337852766
0.926975618552 12 920 114590 0.638475944925
1.40547945874 22 2050 259252 0.354108208149
2.13098647839 42 4774 586864 0.0860873379564
3.23099945918 104 10757 1328812 0.202255656112
4.89883798472 208 23922 3019766 0.0971097382444
7.42761300449 484 54204 6816758 0.123255385718
11.2617390321 942 120032 15304116 0.000749796639931
17.0750368861 2006 266018 33970130 -0.0358230988696
25.8891529834 4564 575924 74017788 0.0181467188666
39.2531065478 9392 1215435 156039934 -0.00728571719412
59.5155188986 18668 2393911 307189368 0.000989892245287
90.2373672122 33120 4210395 531945470 -0.00611806405672
136.817801341 45940 5728885 718291540 0.00549402266715
207.443006619 59980 7587570 958430746 -0.0014491973142
STEP_DONE 
0.050323978983 0 5 356 -2.53875097988
0.0763011640511 0 6 780 -0.938146690519
0.115687744753 0 15 1872 -1.01890280262
0.175405637024 0 33 4132 -1.0122578176
0.265949842531 2 87 9884 1.99365108754
0.403232871773 2 206 22072 0.0865403247075
0.611381256445 2 414 50610 -0.433893864151
0.926975618552 12 916 114344 0.647166537879
1.40547945874 22 2044 259156 0.360054222186
2.13098647839 44 4749 586296 0.150196281218
3.23099945918 106 10797 1327106 0.217777105921
4.89883798472 208 23935 3018214 0.0956555939029
7.42761300449 480 54071 6812536 0.118437815106
11.2617390321 962 119839 15295254 0.0240912773136
17.0750368861 2030 265606 33934904 -0.0226647162263
25.8891529834 4576 577005 73927656 0.0158396943573
39.2531065478 9414 1216965 155825002 -0.00893469820155
59.5155188986 18726 2400703 306886128 -0.00259169983226
90.2373672122 33290 4224843 532784882 -0.00631072664072
136.817801341 45952 5756629 724135174 0.00413910749697
207.443006619 61066 7707257 972964854 0.000226587068336
STEP_DONE 
0.050323978983 0 5 344 -2.67358031368
0.0763011640511 0 5 796 -0.587577421994
0.115687744753 0 15 1906 -0.989052929549
0.175405637024 0 32 4174 -0.937650795066
0.265949842531 2 88 9996 1.97018976781
0.403232871773 2 200 22122 0.158795608619
0.611381256445 4 419 50954 0.175327721507
0.926975618552 12 905 114764 0.676764880709
1.40547945874 22 2058 260084 0.350936817432
2.13098647839 44 4773 589084 0.144988481343
3.23099945918 98 10785 1333746 0.12967068358
4.89883798472 190 23910 3032192 0.00770414423384
7.42761300449 472 54119 6846722 0.103150776739
11.2617390321 948 120265 15376570 0.00778861073716
17.0750368861 2048 266706 34139922 -0.0164642121526
25.8891529834 4570 578466 74398264 0.0158178069587
39.2531065478 9464 1221071 156951566 -0.0033627821851
59.5155188986 18734 2412414 309485684 -0.0034173733786
90.2373672122 33416 4253335 539160344 -0.00407099010001
136.817801341 46252 5826652 736913762 0.00393722911326
207.443006619 60250 7673410 980994958 0.00384521268978
STEP_DONE 
0.050323978983 0 5 354 -2.62267770332
0.0763011640511 0 6 798 -0.92846301801
0.115687744753 0 15 1900 -1.02488616891
0.175405637024 0 32 4226 -0.942153006306
0.265949842531 2 90 10012 1.97969680446
0.403232871773 2 202 22544 0.160856072125
0.611381256445 4 415 51520 0.210856700012
0.926975618552 10 913 116326 0.400742721707
1.40547945874 20 2055 263772 0.248769382463
2.13098647839 40 4766 597156 0.0545824771197
3.23099945918 100 10743 1351224 0.177928112336
4.89883798472 212 23913 3073588 0.138875322805
7.42761300449 460 54131 6939610 0.0894930899309
11.2617390321 930 120055 15584468 0.00558697004569
17.0750368861 2010 266494 34612166 -0.0197275623507
25.8891529834 4524 578248 75487644 0.020904597271
39.2531065478 9378 1223673 159334786 -0.00180190342818
59.5155188986 18544 2420581 314641122 -0.00389148892552
90.2373672122 32884 4270465 549465228 -0.00915470128408
136.817801341 46020 5880448 755884906 0.00593942400388
207.443006619 60870 7870635 1022369898 0.00464265591907
STEP_DONE 
0.050323978983 0 5 352 -2.62677061311
0.0763011640511 0 6 802 -0.910159485008
0.115687744753 0 15 1878 -1.03933427446
0.175405637024 0 34 4182 -1.07581017206
0.265949842531 2 89 10030 1.98419190351
0.403232871773 2 205 22420 0.119258932084
0.611381256445 4 414 51274 0.20985824999
0.926975618552 12 922 115808 0.65600566543
1.40547945874 22 2042 262362 0.379391026628
2.13098647839 44 4757 594652 0.163406642581
3.23099945918 106 10766 1345950 0.241225720943
4.89883798472 198 23833 3060288 0.0660310809511
7.42761300449 464 53920 6910130 0.102044881689
11.2617390321 932 119576 15511694 0.0109866380844
17.0750368861 2002 265162 34445810 -0.0182504364735
25.8891529834 4484 575041 75109086 0.0181827900097
39.2531065478 9304 1217080 158548200 -0.00358761936251
59.5155188986 18424 2406254 313012486 -0.00349895509816
90.2373672122 32800 4257742 547956516 -0.00837004274565
136.817801341 46528 5946226 763952682 0.00527855126354
207.443006619 63684 8202331 1059064090 0.00255656392225
STEP_DONE 
0.050323978983 0 4 356 -1.87845309642
0.0763011640511 0 6 792 -0.940775193798
0.115687744753 0 16 1890 -1.16873926418
0.175405637024 0 33 4206 -1.00998971569
0.265949842531 2 89 10040 1.99745667265
0.403232871773 2 200 22554 0.183214811291
0.611381256445 4 415 51570 0.211047485438
0.926975618552 12 928 116590 0.649635077462
1.40547945874 20 2050 263656 0.252712444472
2.13098647839 42 4771 597694 0.108009543385
3.23099945918 94 10794 1352330 0.0956782000483
4.89883798472 204 24000 3077050 0.0896224523493
7.42761300449 474 54331 6949620 0.116273992788
11.2617390321 930 120409 15618720 0.00197801901741
17.0750368861 2022 267146 34731136 -0.015297339193
25.8891529834 4528 581181 75886818 0.0170119197341
39.2531065478 9408 1232840 160702224 -0.00478701055314
59.5155188986 18766 2447293 318898318 -0.000484917462593
90.2373672122 33556 4363409 561794600 -0.00973445313942
136.817801341 47762 6115250 786064686 0.00393527209977
207.443006619 64480 8304032 1072762346 0.00313376552385
STEP_DONE 
0.050323978983 0 5 360 -2.55912144703
0.0763011640511 0 6 798 -0.926742437489
0.115687744753 0 16 1920 -1.13547286822
0.175405637024 0 32 4228 -0.939502321181
0.265949842531 2 87 10086 2.044955654
0.403232871773 2 200 22480 0.18071221678
0.611381256445 4 423 51494 0.170212377173
0.926975618552 8 924 116430 0.0943382826914
1.40547945874 18 2042 263516 0.135640961482
2.13098647839 42 4747 597510 0.118103771029
3.23099945918 102 10771 1352732 0.197461390256
4.89883798472 206 23963 3077160 0.103458014703
7.42761300449 474 54125 6947460 0.123666018289
11.2617390321 924 119984 15604750 0.00174547371241
17.0750368861 2010 266334 34665940 -0.0169046458362
25.8891529834 4522 578669 75621330 0.0207696196459
39.2531065478 9324 1221817 159623768 -0.00253152625793
59.5155188986 18462 2421583 315581350 -0.00594836065206
90.2373672122 33100 4302439 554785402 -0.00783165697586
136.817801341 47152 6032843 775653542 0.00488046492922
207.443006619 64604 8300596 1070662064 0.00389894887475
STEP_DONE 
0.050323978983 0 5 346 -2.64425325985
0.0763011640511 0 6 802 -0.886650814823
0.115687744753 0 15 1864 -1.029364208
0.175405637024 0 32 4174 -0.933357551175
0.265949842531 2 86 9872 2.02413722324
0.403232871773 0 200 22258 -1.26599268201
0.611381256445 4 416 50702 0.185201331186
0.926975618552 12 912 114730 0.65830641573
1.40547945874 22 2055 259986 0.352053227006
2.13098647839 44 4787 589096 0.138270139559
3.23099945918 106 10798 1332678 0.221287715237
4.89883798472 214 23911 3030294 0.132906054158
7.42761300449 482 54203 6841834 0.122204720175
11.2617390321 940 120424 15366924 -0.00369871823003
17.0750368861 2060 267040 34136118 -0.0133216282941
25.8891529834 4590 579792 74462764 0.0164618306293
39.2531065478 9498 1223724 157234484 -0.00228038704466
59.5155188986 18724 2419080 310860988 -0.00481149365486
90.2373672122 33528 4279124 543872976 -0.0040182537178
136.817801341 46604 5891787 748808706 0.00528878011645
207.443006619 60898 7783505 1000562914 0.00591335848577
STEP_DONE 
0.050323978983 0 5 346 -2.65949724425
0.0763011640511 0 6 800 -0.899279069767
0.115687744753 0 14 1894 -0.871869551337
0.175405637024 0 30 4148 -0.8315130856
0.265949842531 2 88 9978 1.98012303758
0.403232871773 0 201 22162 -1.29675476355
0.611381256445 4 416 50888 0.190033114005
0.926975618552 12 907 115070 0.675859074376
1.40547945874 22 2036 260336 0.374343175067
2.13098647839 40 4753 589802 0.046551869845
3.23099945918 108 10753 1335416 0.257478988647
4.89883798472 204 23969 3038464 0.0787255084047
7.42761300449 478 54302 6858786 0.112399573249
11.2617390321 966 120448 15407444 0.0254878383638
17.0750368861 2046 267079 34220570 -0.0178765014033
25.8891529834 4584 579764 74632724 0.0175102418995
39.2531065478 9496 1225342 157527592 -0.00337814272521
59.5155188986 18706 2419267 311327786 -0.00456424243401
90.2373672122 33392 4275975 544902144 -0.00474257145094
136.817801341 46680 5900404 750956948 0.00684662099784
207.443006619 61420 7851550 1006044266 0.00242707293854
STEP_DONE 
0.050323978983 0 5 364 -2.50978788653
0.0763011640511 0 5 808 -0.581142067695
0.115687744753 0 16 1884 -1.16995803091
0.175405637024 0 33 4180 -1.01720440636
0.265949842531 2 88 10010 2.01480804867
0.403232871773 2 192 22406 0.267380278529
0.611381256445 4 422 51314 0.170993643686
0.926975618552 12 910 116184 0.684496782638
1.40547945874 22 2059 263008 0.364948265107
2.13098647839 40 4735 595802 0.0651503534385
3.23099945918 102 10742 1348654 0.199271361167
4.89883798472 210 23917 3066612 0.124915764937
7.42761300449 482 54210 6926526 0.136032643345
11.2617390321 928 120217 15554866 -0.00100163979004
17.0750368861 1982 266936 34551228 -0.0377621466647
25.8891529834 4506 578778 75351792 0.013432665464
39.2531065478 9328 1223025 159076852 -0.00737307850887
59.5155188986 18674 2422384 314471792 0.000995529565982
90.2373672122 33406 4294562 550033406 -0.003707982408
136.817801341 46534 5922862 756978664 0.00412889799317
207.443006619 62044 7938087 1019898132 0.00419523606451
STEP_DONE 
0.050323978983 0 4 346 -1.91277326264
0.0763011640511 0 5 752 -0.675231962886
0.115687744753 0 16 1874 -1.15116232417
0.175405637024 0 32 4076 -0.978056033115
0.265949842531 2 89 9776 1.95301223753
0.403232871773 2 205 21876 0.0898647246677
0.611381256445 4 411 50278 0.202987520316
0.926975618552 12 907 113278 0.663842165932
1.40547945874 20 2032 256466 0.241357509916
2.13098647839 38 4740 581476 -0.0167128928442
3.23099945918 106 10659 1314352 0.236632488678
4.89883798472 206 23845 2992040 0.0847117256882
7.42761300449 474 53742 6757500 0.109429578469
11.2617390321 934 119214 15172854 -0.00269036413538
17.0750368861 1970 264581 33699762 -0.0503917774688
25.8891529834 4582 575103 73493582 0.0178431876526
39.2531065478 9442 1216451 155166292 -0.00951853655861
59.5155188986 18824 2405884 306688426 -0.00242256250377
90.2373672122 33500 4256976 536775092 -0.00770382240103
136.817801341 46400 5847451 739120166 0.00298866831544
207.443006619 60582 7683593 979176956 0.00481389008209
STEP_DONE 
