#Theta DD DR RR XI factor=112.361837907 
0.050323978983 0 6 450 -1.99631567752
0.0763011640511 0 8 1038 -0.731974380067
0.115687744753 0 18 2508 -0.612849347945
0.175405637024 0 42 5442 -0.734361334835
0.265949842531 2 126 12796 0.760486252194
0.403232871773 2 304 28832 -0.493674813116
0.611381256445 10 624 65688 0.78724047726
0.926975618552 12 1308 148730 0.0423157631234
1.40547945874 40 3015 335664 0.485990222764
2.13098647839 80 6887 760284 0.292820385666
3.23099945918 164 15515 1721430 0.177394444776
4.89883798472 372 34738 3909756 0.204583836794
7.42761300449 736 78527 8835696 0.0544330991109
11.2617390321 1624 175656 19852640 0.0444210227246
17.0750368861 3450 389718 44165184 0.00324243052321
25.8891529834 7650 847741 96474800 0.0264314968077
39.2531065478 15962 1795904 204192922 0.0104506005202
59.5155188986 31806 3564311 404653248 0.0129116390503
90.2373672122 56882 6326402 710680740 0.0100383549874
136.817801341 80344 8856216 991414468 0.0157055675779
207.443006619 108988 12120455 1363857664 0.0118031869745
