#Theta DD DR RR XI factor=103.708998549 jknum= 20
0.050323978983 0 5 342 -2.02308802309
0.0763011640511 0 7 784 -0.846243042672
0.115687744753 0 17 1852 -0.898081400241
0.175405637024 0 36 4128 -0.803307157958
0.265949842531 2 112 9854 0.819317063706
0.403232871773 2 252 22022 -0.395401896437
0.611381256445 8 527 50452 0.535055953014
0.926975618552 12 1110 114312 0.114248752303
1.40547945874 28 2514 258462 0.146723936143
2.13098647839 68 5703 585942 0.227940800248
3.23099945918 152 13068 1326162 0.187580172262
4.89883798472 310 29051 3015354 0.106763064457
7.42761300449 648 65829 6810746 0.0184143339051
11.2617390321 1416 147049 15297300 0.00175384540685
17.0750368861 3016 324751 33985006 -0.0272910804589
25.8891529834 6776 706080 74124484 0.00746398941052
39.2531065478 14214 1491618 156519404 0.000147533399569
59.5155188986 27972 2948714 309341314 -0.00448452779692
90.2373672122 49360 5193267 541006854 -0.00965513852074
136.817801341 69186 7152962 744669234 0.00690635749023
207.443006619 90986 9511548 998286902 0.00409022317037
STEP_DONE 
0.050323978983 0 5 344 -2.01335121787
0.0763011640511 0 6 786 -0.582584456406
0.115687744753 0 17 1884 -0.870708908925
0.175405637024 0 37 4114 -0.864556844968
0.265949842531 2 111 9872 0.84584003902
0.403232871773 2 251 22226 -0.374357332191
0.611381256445 8 514 50864 0.595002988274
0.926975618552 12 1094 114804 0.147559770474
1.40547945874 32 2534 259228 0.299854392624
2.13098647839 70 5732 588524 0.258853101936
3.23099945918 152 13108 1332910 0.18655105576
4.89883798472 308 29049 3028644 0.104265483544
7.42761300449 660 65886 6837480 0.0394812040842
11.2617390321 1438 146758 15353056 0.0246897427431
17.0750368861 3064 324922 34104078 -0.00981842771225
25.8891529834 6668 705567 74402556 -0.00302779851715
39.2531065478 14058 1489652 157071044 -0.00448708264218
59.5155188986 27828 2944330 310357494 -0.00334468197657
90.2373672122 49074 5175109 542500012 -0.0056846370222
136.817801341 68096 7104394 746134790 0.00666146417094
207.443006619 90232 9494917 1001281746 0.00237125321911
STEP_DONE 
0.050323978983 0 5 348 -2.00881167514
0.0763011640511 0 7 780 -0.879350061703
0.115687744753 0 15 1890 -0.662010258649
0.175405637024 0 35 4234 -0.731097128163
0.265949842531 2 107 10014 0.95204126718
0.403232871773 2 250 22368 -0.360262857242
0.611381256445 6 510 51364 0.201388354668
0.926975618552 12 1089 115822 0.166917387971
1.40547945874 32 2526 262254 0.320709845511
2.13098647839 62 5712 593742 0.130206626756
3.23099945918 154 13098 1344366 0.215601173729
4.89883798472 296 29131 3057964 0.0662977000222
7.42761300449 656 65864 6903744 0.0438879169689
11.2617390321 1410 146892 15504398 0.0130137224507
17.0750368861 2988 325172 34437540 -0.02610278273
25.8891529834 6648 706761 75088942 -0.000412567029546
39.2531065478 13948 1492420 158511124 -0.00695735576758
59.5155188986 27734 2952537 313184204 -0.00336890242119
90.2373672122 48958 5189764 547595886 -0.00449152406663
136.817801341 67876 7143252 754831410 0.00410260890831
207.443006619 89962 9586643 1022196574 0.000902807006227
STEP_DONE 
0.050323978983 0 5 336 -2.09464694969
0.0763011640511 0 6 786 -0.587483015413
0.115687744753 0 16 1890 -0.760510264712
0.175405637024 0 36 4192 -0.78591839234
0.265949842531 2 113 9942 0.811328396284
0.403232871773 2 260 22208 -0.46100204935
0.611381256445 8 515 51056 0.596431571945
0.926975618552 12 1097 115028 0.144643097873
1.40547945874 32 2496 260148 0.334651665362
2.13098647839 66 5698 589606 0.200526634245
3.23099945918 150 13083 1334948 0.176773980261
4.89883798472 316 29064 3035950 0.134502600418
7.42761300449 658 65910 6849676 0.037552735807
11.2617390321 1434 147061 15383016 0.019787415966
17.0750368861 3064 325389 34165794 -0.0109649236572
25.8891529834 6738 706077 74483712 0.00668761237073
39.2531065478 14056 1489444 157217604 -0.00353617684363
59.5155188986 27632 2939793 310608668 -0.00643230171478
90.2373672122 48858 5167670 543195678 -0.00594279576855
136.817801341 67294 7072617 747002666 0.00502434863605
207.443006619 89298 9475907 1007443966 0.00229294923831
STEP_DONE 
0.050323978983 0 5 346 -2.01973443082
0.0763011640511 0 6 800 -0.567242169595
0.115687744753 0 16 1872 -0.786030962502
0.175405637024 0 34 4186 -0.697284082377
0.265949842531 2 110 9978 0.884455525111
0.403232871773 2 251 22360 -0.369277976692
0.611381256445 6 520 51142 0.156032681402
0.926975618552 12 1106 115510 0.133269116891
1.40547945874 32 2516 261686 0.325816226232
2.13098647839 72 5741 592440 0.301748238456
3.23099945918 150 13073 1340644 0.18374385322
4.89883798472 302 29047 3048466 0.0903642137486
7.42761300449 638 65865 6880536 0.0118948553316
11.2617390321 1406 146658 15453854 0.010107166011
17.0750368861 3026 324463 34325608 -0.0128824558629
25.8891529834 6584 704037 74871870 -0.00497362637204
39.2531065478 13920 1484863 158100248 -0.00142438675708
59.5155188986 27420 2933560 312332112 -0.00431054425885
90.2373672122 48714 5180735 545628454 -0.00948079212249
136.817801341 67716 7101517 749903612 0.0068850103699
207.443006619 89670 9498236 1008550344 0.002619854054
STEP_DONE 
0.050323978983 0 4 348 -1.39299983316
0.0763011640511 0 7 792 -0.840071841409
0.115687744753 0 14 1878 -0.55200947646
0.175405637024 0 35 4144 -0.75836980984
0.265949842531 2 110 9904 0.87588194823
0.403232871773 2 257 22250 -0.430711912406
0.611381256445 8 508 50988 0.625911042757
0.926975618552 12 1103 115034 0.134132537525
1.40547945874 30 2530 260490 0.225893335645
2.13098647839 70 5699 590552 0.275306131166
3.23099945918 144 13082 1336218 0.129491624589
4.89883798472 310 29148 3039092 0.108539443349
7.42761300449 652 65871 6862614 0.0311621612965
11.2617390321 1420 146780 15407972 0.0153580779952
17.0750368861 3032 324437 34207098 -0.0141315126582
25.8891529834 6714 704182 74564418 0.00955033866243
39.2531065478 14012 1486437 157299278 -0.00210600395638
59.5155188986 27628 2935510 310076024 -0.00547360920505
90.2373672122 48816 5149902 539756634 -0.00637811531076
136.817801341 66632 6986946 737392780 0.00649505111869
207.443006619 88170 9362444 994963594 0.0011919540487
STEP_DONE 
0.050323978983 0 4 352 -1.35762900201
0.0763011640511 0 7 786 -0.847709243309
0.115687744753 0 16 1872 -0.773259420318
0.175405637024 0 34 4128 -0.708824121615
0.265949842531 0 103 9920 -1.1541884349
0.403232871773 2 263 22140 -0.492447363843
0.611381256445 8 514 50828 0.595664769997
0.926975618552 12 1099 114596 0.137160720095
1.40547945874 30 2522 259524 0.227778412077
2.13098647839 74 5679 587974 0.350465985756
3.23099945918 144 13063 1331066 0.128066345006
4.89883798472 306 28943 3024706 0.103400576772
7.42761300449 646 65720 6826782 0.0210097808533
11.2617390321 1416 146647 15317592 0.00850295243205
17.0750368861 3036 324070 33995332 -0.0167446036891
25.8891529834 6654 702449 74060316 -0.00099151239621
39.2531065478 13948 1480798 156074276 -0.00674805089043
59.5155188986 27516 2918059 307111126 -0.00716468488375
90.2373672122 48610 5089456 532519928 -0.000562948462025
136.817801341 66486 6907507 724261180 0.00913099483157
207.443006619 89278 9376341 986652566 0.00208691226313
STEP_DONE 
0.050323978983 0 4 340 -1.42746595965
0.0763011640511 0 7 778 -0.856481035976
0.115687744753 0 17 1890 -0.855919741634
0.175405637024 0 35 4096 -0.763113093249
0.265949842531 2 107 9880 0.919957695465
0.403232871773 2 254 22116 -0.407216727011
0.611381256445 8 516 50376 0.576768356889
0.926975618552 10 1101 113776 -0.0612033923022
1.40547945874 32 2525 257744 0.300068584944
2.13098647839 68 5728 584138 0.215721047646
3.23099945918 142 13006 1321310 0.112841072329
4.89883798472 314 28872 3001408 0.128663571824
7.42761300449 668 65607 6778074 0.0517746538005
11.2617390321 1438 146164 15212380 0.023601220387
17.0750368861 3038 323281 33765584 -0.0178745266632
25.8891529834 6706 700496 73566858 0.00551269867349
39.2531065478 13974 1476136 155036282 -0.0052213266348
59.5155188986 27530 2905917 305080208 -0.00490259696174
90.2373672122 48534 5077321 528215586 -0.00537693631479
136.817801341 66768 6888804 714258420 0.00490643423627
207.443006619 89208 9273072 965019604 0.00119025270051
STEP_DONE 
0.050323978983 0 5 336 -2.06131543527
0.0763011640511 0 7 778 -0.850954731039
0.115687744753 0 16 1864 -0.765840319741
0.175405637024 0 35 4110 -0.751876862225
0.265949842531 2 109 9838 0.871611874576
0.403232871773 2 249 22056 -0.363072995688
0.611381256445 8 513 50246 0.584189784263
0.926975618552 8 1100 113862 -0.24405572786
1.40547945874 26 2510 257652 0.0635723180608
2.13098647839 72 5705 583884 0.294621888754
3.23099945918 146 13067 1322406 0.135336467367
4.89883798472 296 29069 3003478 0.0516524605298
7.42761300449 656 65814 6779720 0.0267064713467
11.2617390321 1416 146710 15212456 0.000841987150249
17.0750368861 3090 324867 33758438 -0.0112697473854
25.8891529834 6786 704493 73556270 0.0057787898936
39.2531065478 14112 1485129 155043898 -0.00754211364961
59.5155188986 27820 2923329 305084310 -0.00643218899904
90.2373672122 49344 5122423 528368402 -0.00633666584463
136.817801341 67676 6933397 713379526 0.00429692847462
207.443006619 88488 9176368 953729184 0.00229170076044
STEP_DONE 
0.050323978983 0 5 342 -2.00787619673
0.0763011640511 0 6 796 -0.550794461229
0.115687744753 0 17 1878 -0.862384686666
0.175405637024 0 36 4124 -0.795973410967
0.265949842531 2 108 9824 0.892551898661
0.403232871773 2 257 22070 -0.436821078122
0.611381256445 8 511 50506 0.594589941653
0.926975618552 12 1108 113988 0.114176601579
1.40547945874 32 2507 257780 0.312748877039
2.13098647839 72 5737 583986 0.28352487814
3.23099945918 150 13076 1322082 0.16576756148
4.89883798472 312 29051 3004010 0.109424173734
7.42761300449 662 65870 6781046 0.034565493315
11.2617390321 1430 146637 15223450 0.0122805142872
17.0750368861 3044 324373 33791216 -0.0216903009765
25.8891529834 6744 702892 73628692 0.00519239378834
39.2531065478 14060 1483032 155233586 -0.00708042874879
59.5155188986 27838 2921999 305639498 -0.00308923255998
90.2373672122 49136 5119869 529405386 -0.00753219948757
136.817801341 68106 6959591 715171018 0.00561898198182
207.443006619 89602 9270160 957549132 -0.00157060211228
STEP_DONE 
0.050323978983 0 5 352 -1.92149194388
0.0763011640511 0 7 774 -0.860092028355
0.115687744753 0 16 1874 -0.756013087296
0.175405637024 0 35 4114 -0.749770576017
0.265949842531 2 111 9824 0.829091161896
0.403232871773 2 262 21926 -0.493005399335
0.611381256445 6 517 50298 0.147463849041
0.926975618552 12 1111 113638 0.105945632876
1.40547945874 32 2517 257582 0.304035793844
2.13098647839 74 5710 582922 0.327839430657
3.23099945918 144 13101 1319168 0.111809768379
4.89883798472 314 29053 2999674 0.114984160706
7.42761300449 662 65798 6770886 0.0352823686056
11.2617390321 1448 146546 15198804 0.0244327935188
17.0750368861 3068 324085 33726672 -0.0143418176685
25.8891529834 6742 703962 73486178 -1.11292851849e-05
39.2531065478 14104 1484297 154902194 -0.00789496749571
59.5155188986 27944 2927665 305131428 -0.00489217445321
90.2373672122 49308 5127339 529885608 -0.00607761485572
136.817801341 68042 6984738 720319506 0.00460234940407
207.443006619 90638 9377617 969161666 -0.00106563297005
STEP_DONE 
0.050323978983 0 5 338 -2.04548392784
0.0763011640511 0 6 788 -0.567573960826
0.115687744753 0 16 1898 -0.735508649288
0.175405637024 0 36 4146 -0.787624140565
0.265949842531 2 110 9906 0.853218286538
0.403232871773 2 254 21958 -0.416339302336
0.611381256445 8 517 50570 0.571516085517
0.926975618552 12 1092 113802 0.141825326771
1.40547945874 32 2520 257974 0.303305384521
2.13098647839 74 5721 584402 0.326323525234
3.23099945918 144 13062 1323114 0.120788388616
4.89883798472 294 29051 3008002 0.0473367125597
7.42761300449 660 65752 6791242 0.036516656553
11.2617390321 1426 146730 15251524 0.0100688333491
17.0750368861 3080 324874 33860100 -0.0114369265467
25.8891529834 6742 704232 73795654 0.00340121677079
39.2531065478 14062 1484860 155680822 -0.00650019126465
59.5155188986 27806 2931595 307057024 -0.00602206188268
90.2373672122 49532 5157627 535003596 -0.00369229061851
136.817801341 68502 7060521 731138554 0.0046637098394
207.443006619 89742 9329738 972324800 0.00255348407225
STEP_DONE 
0.050323978983 0 5 350 -1.98454654589
0.0763011640511 0 7 790 -0.851174439856
0.115687744753 0 16 1884 -0.774252723672
0.175405637024 0 34 4200 -0.691243042672
0.265949842531 2 114 9926 0.799187776651
0.403232871773 2 258 22352 -0.435106089457
0.611381256445 8 513 51074 0.610733656382
0.926975618552 10 1109 115356 -0.0625650319124
1.40547945874 28 2535 261646 0.143575998613
2.13098647839 68 5725 592582 0.233758750992
3.23099945918 146 13073 1340606 0.151071395935
4.89883798472 310 29072 3049050 0.117416372271
7.42761300449 644 65836 6884384 0.0228317550653
11.2617390321 1424 146817 15457880 0.0209215384511
17.0750368861 3064 325183 34328268 -0.00509549685331
25.8891529834 6688 705660 74875376 0.00571125109658
39.2531065478 13992 1490580 158039946 -0.00438363761974
59.5155188986 27650 2946985 312141230 -0.00585943502342
90.2373672122 48918 5184406 545044806 -0.00787688003369
136.817801341 68314 7130814 749557480 0.00696780820758
207.443006619 90700 9578108 1014649266 0.00325205109211
STEP_DONE 
0.050323978983 0 5 340 -2.05320630926
0.0763011640511 0 7 790 -0.839653421783
0.115687744753 0 16 1860 -0.785961540041
0.175405637024 0 37 4142 -0.85462749254
0.265949842531 2 111 9930 0.849649724753
0.403232871773 2 257 22212 -0.431893142065
0.611381256445 8 506 50756 0.628729002824
0.926975618552 12 1116 114628 0.106797794059
1.40547945874 32 2505 259716 0.325258378791
2.13098647839 74 5726 588958 0.335480995882
3.23099945918 150 13087 1332844 0.174209118449
4.89883798472 304 29014 3030218 0.0931903909468
7.42761300449 656 65749 6841016 0.0379473677225
11.2617390321 1406 146343 15355898 0.00807160473688
17.0750368861 3042 323676 34104648 -0.00922999110896
25.8891529834 6668 702229 74367194 0.0057584280795
39.2531065478 14016 1484510 156979582 -0.00121465712241
59.5155188986 27588 2933552 310093856 -0.00537755506079
90.2373672122 49006 5187127 544211262 -0.00850019337731
136.817801341 69314 7230206 759599498 0.00714538878504
207.443006619 94756 9969933 1050563346 0.00166165987564
STEP_DONE 
0.050323978983 0 4 354 -1.35955337451
0.0763011640511 0 7 782 -0.869236976353
0.115687744753 0 17 1878 -0.890281177821
0.175405637024 0 36 4176 -0.800176496931
0.265949842531 2 114 9986 0.799465362611
0.403232871773 2 251 22366 -0.36863738613
0.611381256445 6 513 51158 0.18456707338
0.926975618552 12 1120 115730 0.109470665838
1.40547945874 28 2522 261644 0.153799425785
2.13098647839 70 5705 593286 0.278230105863
3.23099945918 140 13095 1342466 0.0999440992051
4.89883798472 302 29133 3055114 0.0863468277791
7.42761300449 646 66010 6899916 0.0229051997363
11.2617390321 1436 147049 15508294 0.0294037924195
17.0750368861 3050 325608 34486692 -0.00746250886968
25.8891529834 6682 709734 75364548 1.81067815367e-05
39.2531065478 14046 1503696 159575804 -0.00817337134629
59.5155188986 28066 2987297 316630646 -0.00384264170833
90.2373672122 50060 5305640 557981638 -0.00755518100051
136.817801341 70786 7423695 781075372 0.00323819160703
207.443006619 95942 10096475 1065490420 0.00286366405511
STEP_DONE 
0.050323978983 0 5 352 -1.96837019932
0.0763011640511 0 7 796 -0.837704565609
0.115687744753 0 17 1916 -0.854146896944
0.175405637024 0 35 4208 -0.738133120514
0.265949842531 2 108 9998 0.926565295329
0.403232871773 2 254 22346 -0.398205335809
0.611381256445 8 520 51180 0.583305045564
0.926975618552 8 1110 115598 -0.251065523339
1.40547945874 28 2503 261784 0.169653969853
2.13098647839 70 5724 593616 0.272356156849
3.23099945918 146 13076 1343294 0.152392708213
4.89883798472 316 29109 3054996 0.138104740828
7.42761300449 654 65928 6899036 0.0379564688018
11.2617390321 1398 147011 15493308 0.00222956574507
17.0750368861 3052 325472 34415022 -0.00813155492629
25.8891529834 6698 707548 75087500 0.00471459421147
39.2531065478 14004 1492611 158537486 -0.00309232187252
59.5155188986 27538 2948607 313454764 -0.006636856317
90.2373672122 48914 5214417 550774772 -0.00886480747118
136.817801341 69440 7296325 770094778 0.00450086260074
207.443006619 95446 10059880 1062875368 0.00249976623295
STEP_DONE 
0.050323978983 0 5 344 -2.00779931423
0.0763011640511 0 7 802 -0.806179737821
0.115687744753 0 16 1864 -0.776279766686
0.175405637024 0 34 4180 -0.683216305226
0.265949842531 2 111 9862 0.841960547643
0.403232871773 0 253 22212 -1.35705735563
0.611381256445 8 517 50620 0.578413441478
0.926975618552 12 1098 114670 0.138849580774
1.40547945874 28 2514 259546 0.150519290553
2.13098647839 72 5717 588436 0.299419241701
3.23099945918 150 13097 1331228 0.170393575054
4.89883798472 316 29064 3026788 0.130627050412
7.42761300449 656 66025 6832170 0.0281188882187
11.2617390321 1438 147362 15345842 0.0160324649111
17.0750368861 3100 326284 34091524 -0.00706748485381
25.8891529834 6752 708218 74370800 0.0013363837199
39.2531065478 14154 1492983 157044710 -0.00241836915474
59.5155188986 27966 2954178 310586782 -0.00433201684801
90.2373672122 49574 5208274 543470516 -0.00660231801008
136.817801341 69010 7157712 748061766 0.00757796541891
207.443006619 90204 9498195 1003769414 0.00392641547947
STEP_DONE 
0.050323978983 0 5 338 -2.05093096948
0.0763011640511 0 7 790 -0.827469031341
0.115687744753 0 14 1874 -0.540768980533
0.175405637024 0 33 4112 -0.655159729261
0.265949842531 2 109 9886 0.877361325252
0.403232871773 2 252 22000 -0.395688428834
0.611381256445 8 511 50536 0.597953067724
0.926975618552 12 1098 114162 0.134157617055
1.40547945874 32 2518 258218 0.306669071968
2.13098647839 68 5696 585256 0.228294558878
3.23099945918 150 13093 1324880 0.16578619005
4.89883798472 302 29099 3013640 0.0742145788382
7.42761300449 666 65870 6801926 0.0439541019661
11.2617390321 1462 146967 15278060 0.033650656371
17.0750368861 3090 325134 33933506 -0.00777726608606
25.8891529834 6728 705435 73998406 0.000719238474209
39.2531065478 14074 1489334 156209256 -0.00827045566591
59.5155188986 27834 2943193 308788896 -0.00724144878171
90.2373672122 49642 5192569 540603720 -0.00449882761108
136.817801341 69002 7145441 744841866 0.00659867245412
207.443006619 91132 9517557 997212248 0.0033938850685
STEP_DONE 
0.050323978983 0 5 360 -1.89332399627
0.0763011640511 0 6 802 -0.558498711205
0.115687744753 0 17 1888 -0.875756658596
0.175405637024 0 35 4162 -0.75184441869
0.265949842531 2 112 9936 0.835618603793
0.403232871773 2 245 22246 -0.318878186683
0.611381256445 8 519 50916 0.581195567606
0.926975618552 12 1108 115328 0.127471314797
1.40547945874 32 2520 261058 0.318966791166
2.13098647839 66 5699 591622 0.20360922906
3.23099945918 146 13033 1338582 0.155048100051
4.89883798472 316 29079 3043724 0.136137412955
7.42761300449 664 65960 6875268 0.0492224544132
11.2617390321 1430 146997 15440438 0.0215362191168
17.0750368861 2996 325352 34298428 -0.02840865268
25.8891529834 6668 706274 74821862 0.000454946586463
39.2531065478 13956 1491404 157975838 -0.00823232821631
59.5155188986 27826 2952049 312319636 -0.00242827497157
90.2373672122 49432 5211651 546262656 -0.00572172311811
136.817801341 68658 7163885 751611440 0.0054849472145
207.443006619 91594 9612586 1012703518 0.00389151222864
STEP_DONE 
0.050323978983 0 4 340 -1.42983063194
0.0763011640511 0 6 744 -0.66560970738
0.115687744753 0 17 1870 -0.877596397411
0.175405637024 0 35 4064 -0.778726902075
0.265949842531 2 110 9724 0.857009604312
0.403232871773 2 254 21790 -0.428708836285
0.611381256445 8 504 50032 0.624639569306
0.926975618552 12 1079 112800 0.158855943238
1.40547945874 30 2484 255308 0.243630154114
2.13098647839 70 5685 579030 0.2614230971
3.23099945918 152 12923 1308776 0.199179008527
4.89883798472 298 28836 2979124 0.0676059551793
7.42761300449 654 65178 6727464 0.0357190557955
11.2617390321 1424 145320 15103662 0.0182594302243
17.0750368861 3022 321643 33545726 -0.0196053359661
25.8891529834 6696 698127 73148792 0.00503705191564
39.2531065478 14050 1476645 154448928 -0.00452111908474
59.5155188986 27744 2916297 305288018 -0.00380787775411
90.2373672122 48966 5137823 534340904 -0.00864120461369
136.817801341 68168 7060934 735793008 0.00600519281659
207.443006619 88908 9295163 975653804 0.00410786522134
STEP_DONE 
