#Theta DD DR RR XI factor=95.5287433155 jknum= 20
0.050323978983 0 6 340 -2.35137641263
0.0763011640511 0 7 782 -0.69997354264
0.115687744753 0 19 1844 -0.956787023284
0.175405637024 0 38 4118 -0.752460063592
0.265949842531 2 120 9824 0.515858818671
0.403232871773 2 270 21952 -0.514345047046
0.611381256445 10 563 50306 0.666952339382
0.926975618552 16 1200 114030 0.266611041526
1.40547945874 32 2716 257726 0.118177187536
2.13098647839 90 6160 584436 0.386824657825
3.23099945918 172 14135 1322598 0.142940501074
4.89883798472 362 31484 3007098 0.0970806527312
7.42761300449 732 71341 6792490 -0.0229428187022
11.2617390321 1698 159299 15255602 0.0205214466332
17.0750368861 3498 351920 33889896 -0.0414196699403
25.8891529834 8074 766117 73912114 0.0164745513098
39.2531065478 16818 1617915 156074414 0.00291424213611
59.5155188986 33060 3200253 308447706 -0.0039829067687
90.2373672122 58378 5631102 539442824 -0.00666880181233
136.817801341 81414 7758703 742474492 0.00415447697193
207.443006619 107224 10286896 992676680 0.0059154934255
STEP_DONE 
0.050323978983 0 6 348 -2.29561503555
0.0763011640511 0 6 788 -0.455423898949
0.115687744753 0 19 1886 -0.925645688853
0.175405637024 0 39 4122 -0.808510725477
0.265949842531 2 118 9874 0.565844102764
0.403232871773 2 269 22262 -0.489077882071
0.611381256445 10 550 50938 0.729309164788
0.926975618552 16 1183 114900 0.303928126569
1.40547945874 36 2752 259534 0.240165535219
2.13098647839 92 6197 589150 0.415791620192
3.23099945918 170 14202 1334294 0.129245543461
4.89883798472 354 31601 3032012 0.0742453296918
7.42761300449 746 71560 6844980 -0.00282188121053
11.2617390321 1726 159440 15371044 0.0429606646114
17.0750368861 3552 353114 34147436 -0.0264797540479
25.8891529834 7960 767635 74482252 0.0061774883401
39.2531065478 16658 1619991 157223266 -0.00174305474486
59.5155188986 32894 3203579 310649828 -0.00399531554883
90.2373672122 58122 5624663 542963200 -0.0023403715728
136.817801341 80206 7722275 746762720 0.00441676124033
207.443006619 106488 10312313 1002922854 0.00443506616299
STEP_DONE 
0.050323978983 0 5 346 -1.78493936941
0.0763011640511 0 7 774 -0.742925879253
0.115687744753 0 16 1892 -0.629748874107
0.175405637024 0 37 4232 -0.684914641171
0.265949842531 2 116 9996 0.621329607158
0.403232871773 2 269 22350 -0.488635942479
0.611381256445 8 545 51312 0.400707453601
0.926975618552 16 1181 115700 0.31686155161
1.40547945874 36 2727 261994 0.269906625986
2.13098647839 86 6173 593012 0.340428632498
3.23099945918 174 14165 1342948 0.170294693728
4.89883798472 344 31549 3054538 0.0551759619106
7.42761300449 736 71451 6896068 -0.00580386529506
11.2617390321 1684 159336 15486376 0.0268297738544
17.0750368861 3484 352576 34396494 -0.0349485065507
25.8891529834 7950 768001 75000474 0.0107873967159
39.2531065478 16538 1620960 158340002 -0.0031065505881
59.5155188986 32754 3208435 312848424 -0.00432154652346
90.2373672122 57936 5634185 547038254 -0.00152008618152
136.817801341 79990 7755151 753785714 0.00257398452909
207.443006619 106256 10391721 1020145608 0.00398664089805
STEP_DONE 
0.050323978983 0 6 334 -2.42791405226
0.0763011640511 0 6 788 -0.452948341948
0.115687744753 0 18 1870 -0.836775337094
0.175405637024 0 38 4172 -0.738058690928
0.265949842531 2 121 9922 0.507856735032
0.403232871773 2 274 22114 -0.54104139722
0.611381256445 10 551 50748 0.721941401948
0.926975618552 16 1183 114478 0.300382765112
1.40547945874 36 2701 259076 0.27552546114
2.13098647839 88 6159 586992 0.362531074973
3.23099945918 172 14114 1328850 0.151518601643
4.89883798472 366 31461 3022446 0.116059245835
7.42761300449 740 71323 6818230 -0.00811865556594
11.2617390321 1696 158966 15312106 0.0272345908373
17.0750368861 3540 351554 34016752 -0.0247504165626
25.8891529834 7992 764304 74177576 0.0146244465409
39.2531065478 16566 1611728 156604536 -0.000919462009861
59.5155188986 32742 3189514 309438922 -0.00365668206296
90.2373672122 57830 5603869 540938296 -0.00362630219156
136.817801341 79330 7666843 743943592 0.00417094706772
207.443006619 105142 10220520 998778914 0.00562083359843
STEP_DONE 
0.050323978983 0 6 350 -2.28780938977
0.0763011640511 0 6 790 -0.456624413187
0.115687744753 0 18 1868 -0.848072729793
0.175405637024 0 36 4160 -0.659711470795
0.265949842531 2 117 9922 0.592036723022
0.403232871773 2 268 22254 -0.483235943008
0.611381256445 8 553 51042 0.363400700842
0.926975618552 16 1195 115060 0.286843270725
1.40547945874 36 2720 260852 0.269244696641
2.13098647839 90 6199 590576 0.38825428318
3.23099945918 170 14119 1336450 0.143558847327
4.89883798472 344 31496 3038392 0.0530363571909
7.42761300449 726 71343 6857562 -0.0217456579246
11.2617390321 1676 158720 15401326 0.0241967010205
17.0750368861 3510 350682 34210728 -0.0224818342015
25.8891529834 7842 762862 74625586 0.00576422816585
39.2531065478 16446 1608348 157544450 0.00199555121587
59.5155188986 32414 3181440 311173706 -0.00295743070364
90.2373672122 57476 5605781 543148358 -0.00633996420074
136.817801341 79710 7688127 744599800 0.00415694109401
207.443006619 105812 10251013 998441036 0.00543923755634
STEP_DONE 
0.050323978983 0 5 346 -1.7594749281
0.0763011640511 0 7 798 -0.675049693199
0.115687744753 0 16 1876 -0.628619744347
0.175405637024 0 37 4132 -0.709912779746
0.265949842531 0 117 9868 -1.26406696472
0.403232871773 2 276 22194 -0.553200439051
0.611381256445 10 541 50850 0.76112389841
0.926975618552 16 1197 114462 0.277335124194
1.40547945874 34 2738 259162 0.178536784733
2.13098647839 92 6153 587954 0.428056125511
3.23099945918 170 14148 1329922 0.133845486009
4.89883798472 360 31558 3023354 0.0922621246479
7.42761300449 736 71444 6826154 -0.0156888325549
11.2617390321 1706 159383 15326704 0.0289391243226
17.0750368861 3532 352653 34017676 -0.033089910537
25.8891529834 8074 767023 74149086 0.0173220769964
39.2531065478 16646 1616590 156426092 -0.00336079381415
59.5155188986 32694 3186571 308235628 -0.00719940448073
90.2373672122 57462 5558536 536035636 -0.0029359284026
136.817801341 78254 7535365 730846276 0.00723872678045
207.443006619 104102 10109391 983901274 0.00249145161091
STEP_DONE 
0.050323978983 0 5 354 -1.71864327262
0.0763011640511 0 7 790 -0.705518488495
0.115687744753 0 18 1882 -0.840934636891
0.175405637024 0 36 4162 -0.664891391941
0.265949842531 2 112 9980 0.696043153217
0.403232871773 2 280 22318 -0.584824799389
0.611381256445 10 548 51122 0.748490134775
0.926975618552 16 1183 115520 0.311723870416
1.40547945874 34 2733 261370 0.192198064224
2.13098647839 92 6141 591878 0.44261625953
3.23099945918 162 14124 1340270 0.0911373742732
4.89883798472 360 31407 3045890 0.109997404249
7.42761300449 734 71334 6874858 -0.00830581264913
11.2617390321 1682 159056 15427772 0.0253820450845
17.0750368861 3514 351662 34240830 -0.0262820578531
25.8891529834 7910 764603 74593010 0.00919299495089
39.2531065478 16528 1612931 157224580 -0.000939849055844
59.5155188986 32580 3184293 309406694 -0.00564169075464
90.2373672122 57466 5550953 536316926 0.000237719574692
136.817801341 78452 7550559 732481878 0.00789575942836
207.443006619 104684 10233945 1003744980 0.00349976134252
STEP_DONE 
0.050323978983 0 5 338 -1.79239139035
0.0763011640511 0 7 774 -0.707182953374
0.115687744753 0 19 1878 -0.909769702747
0.175405637024 0 36 4072 -0.668851593208
0.265949842531 2 116 9834 0.585053944597
0.403232871773 2 268 21936 -0.494026236457
0.611381256445 10 553 49994 0.693838765081
0.926975618552 12 1187 112954 -0.0373020444145
1.40547945874 34 2718 256012 0.17898757672
2.13098647839 90 6166 580030 0.37555231565
3.23099945918 170 14059 1311874 0.131413339894
4.89883798472 362 31327 2980254 0.0978208891704
7.42761300449 746 71076 6728376 -0.00637235108551
11.2617390321 1712 158334 15097716 0.0304942167531
17.0750368861 3562 350385 33506846 -0.0269524413481
25.8891529834 8018 760863 73018454 0.011215556124
39.2531065478 16678 1603299 153901828 -0.00114595040854
59.5155188986 32654 3153951 302853002 -0.00534561401605
90.2373672122 57328 5487610 524173498 -0.00193485990672
136.817801341 78266 7434718 707353656 0.00160742247808
207.443006619 105020 9952168 946755356 0.00386415598657
STEP_DONE 
0.050323978983 0 6 336 -2.39873831306
0.0763011640511 0 7 780 -0.708083870153
0.115687744753 0 18 1874 -0.828136723353
0.175405637024 0 38 4122 -0.754613083501
0.265949842531 2 115 9892 0.61835373525
0.403232871773 2 272 22166 -0.518404407621
0.611381256445 10 550 50518 0.720535440511
0.926975618552 14 1193 114286 0.122600318302
1.40547945874 32 2726 258686 0.114618812942
2.13098647839 94 6175 586486 0.447574018729
3.23099945918 170 14131 1328356 0.134290475248
4.89883798472 348 31570 3016506 0.0528446360124
7.42761300449 744 71487 6809010 -0.00868931117838
11.2617390321 1694 159337 15279766 0.0192841031618
17.0750368861 3554 352323 33919028 -0.0280737614193
25.8891529834 8042 765582 73911162 0.013926526521
39.2531065478 16626 1613176 155809396 -0.00420413715772
59.5155188986 32796 3178765 306667804 -0.00434852688519
90.2373672122 58052 5567421 531473856 -0.00457697806267
136.817801341 79444 7539016 718537834 0.00433065166806
207.443006619 104508 10019278 964537636 0.00418062855598
STEP_DONE 
0.050323978983 0 6 346 -2.30360854727
0.0763011640511 0 6 800 -0.428810696692
0.115687744753 0 19 1884 -0.921259960167
0.175405637024 0 38 4132 -0.752010534828
0.265949842531 2 119 9882 0.542218546301
0.403232871773 2 275 22140 -0.546660289822
0.611381256445 10 550 50800 0.723501625057
0.926975618552 16 1196 114578 0.278444856174
1.40547945874 36 2727 259072 0.255513647943
2.13098647839 92 6175 586704 0.417694776091
3.23099945918 170 14133 1328000 0.134048038475
4.89883798472 364 31512 3018332 0.1052681817
7.42761300449 738 71578 6812736 -0.0186903250241
11.2617390321 1694 159261 15295462 0.0212598571468
17.0750368861 3536 352125 33956362 -0.0307157001479
25.8891529834 8016 765102 74011446 0.0133109595057
39.2531065478 16662 1613565 156046950 -0.0010917252193
59.5155188986 32914 3185220 307277900 -0.00290484049681
90.2373672122 57950 5570360 532397690 -0.00563733073031
136.817801341 79700 7558098 720791394 0.00562885087222
207.443006619 105426 10111237 972430112 0.00280007538425
STEP_DONE 
0.050323978983 0 6 348 -2.25001819991
0.0763011640511 0 7 774 -0.704789908479
0.115687744753 0 18 1858 -0.826167384663
0.175405637024 0 37 4108 -0.697794317673
0.265949842531 2 118 9808 0.54355622145
0.403232871773 2 277 21798 -0.58034995961
0.611381256445 8 550 50048 0.34841982384
0.926975618552 16 1197 113046 0.261316882458
1.40547945874 36 2717 256318 0.249512182492
2.13098647839 94 6160 580090 0.437760907107
3.23099945918 166 14147 1312876 0.0919785698381
4.89883798472 370 31451 2985564 0.115149846669
7.42761300449 754 71265 6738082 0.000364853613137
11.2617390321 1728 158745 15123324 0.0363562830814
17.0750368861 3588 350970 33558562 -0.0216596963144
25.8891529834 8052 763060 73136358 0.0112934644903
39.2531065478 16688 1607767 154200312 -0.00404186834514
59.5155188986 33038 3176378 303782178 -0.00489338166358
90.2373672122 58232 5556044 527572060 -0.00467009174882
136.817801341 80058 7574063 717199552 0.000904718859876
207.443006619 106368 10090089 958138182 0.00107492743282
STEP_DONE 
0.050323978983 0 6 344 -2.31645745708
0.0763011640511 0 6 788 -0.447793610705
0.115687744753 0 18 1902 -0.799465875766
0.175405637024 0 37 4152 -0.694439246697
0.265949842531 2 117 9890 0.578411551928
0.403232871773 2 274 22032 -0.544210639453
0.611381256445 10 552 50668 0.712386294143
0.926975618552 14 1179 114072 0.144064711987
1.40547945874 36 2728 258582 0.252382337562
2.13098647839 94 6173 585788 0.446687678229
3.23099945918 168 14107 1325560 0.12198382865
4.89883798472 352 31518 3014556 0.0674108351787
7.42761300449 736 71417 6807898 -0.0175007202571
11.2617390321 1696 159282 15288068 0.0216613769253
17.0750368861 3586 352541 33940792 -0.0200358829134
25.8891529834 8002 765331 73973608 0.0105182267615
39.2531065478 16592 1612624 156143012 -0.00331674035886
59.5155188986 32776 3188647 308152816 -0.00615701564585
90.2373672122 58448 5609167 537329028 -0.00172580923923
136.817801341 80516 7681028 734751798 0.00273452581157
207.443006619 105498 10136220 978001056 0.00431788547289
STEP_DONE 
0.050323978983 0 6 344 -2.33700472972
0.0763011640511 0 7 782 -0.712597482771
0.115687744753 0 18 1870 -0.841598332123
0.175405637024 0 37 4176 -0.695138737223
0.265949842531 2 119 9876 0.547864240483
0.403232871773 2 278 22240 -0.568589382964
0.611381256445 10 548 50802 0.737523160638
0.926975618552 14 1204 114702 0.108669730276
1.40547945874 32 2741 260216 0.110043705438
2.13098647839 90 6187 589264 0.388868573013
3.23099945918 168 14142 1333388 0.123807950727
4.89883798472 360 31549 3031142 0.0955061725916
7.42761300449 724 71410 6844828 -0.0280696137701
11.2617390321 1694 159254 15367410 0.0260586989309
17.0750368861 3564 352386 34125774 -0.0199015505673
25.8891529834 7966 764414 74428998 0.0144683404938
39.2531065478 16552 1611530 157086798 0.00148621063567
59.5155188986 32382 3180315 310153056 -0.00639227619548
90.2373672122 57488 5593644 541467144 -0.00488624373887
136.817801341 80042 7693757 743874044 0.00585526363318
207.443006619 107868 10430997 1012961302 0.00432900078709
STEP_DONE 
0.050323978983 0 6 346 -2.32911366659
0.0763011640511 0 7 800 -0.679815270936
0.115687744753 0 17 1870 -0.745262619154
0.175405637024 0 39 4150 -0.804138948475
0.265949842531 2 118 9968 0.576087273553
0.403232871773 2 275 22296 -0.541363809204
0.611381256445 10 545 50970 0.75497821618
0.926975618552 16 1208 115280 0.267115519448
1.40547945874 36 2701 260656 0.283224113514
2.13098647839 94 6190 591130 0.454881632415
3.23099945918 164 14140 1337642 0.10029002887
4.89883798472 352 31453 3041932 0.0811782309745
7.42761300449 738 71363 6867014 -0.00484388777149
11.2617390321 1672 158701 15413746 0.0228541428326
17.0750368861 3492 351211 34231938 -0.0297372665245
25.8891529834 7902 764771 74666594 0.00877936565435
39.2531065478 16572 1616221 157836574 0.0015853750569
59.5155188986 32700 3202264 312878236 -0.00189184445505
90.2373672122 58154 5677892 550856690 -0.00608015781762
136.817801341 82148 7944048 770972528 0.00362206195949
207.443006619 111772 10870002 1060520936 0.00337029630997
STEP_DONE 
0.050323978983 0 5 356 -1.72252488752
0.0763011640511 0 7 784 -0.73074796421
0.115687744753 0 19 1902 -0.936399404753
0.175405637024 0 36 4218 -0.654427641464
0.265949842531 2 121 10068 0.536413146502
0.403232871773 2 271 22532 -0.497601555111
0.611381256445 8 545 51508 0.407974686348
0.926975618552 14 1208 116536 0.11916190039
1.40547945874 32 2718 263592 0.141612382949
2.13098647839 90 6160 597712 0.416724180174
3.23099945918 160 14186 1353028 0.0784732970229
4.89883798472 358 31624 3079300 0.101381341591
7.42761300449 712 71689 6954460 -0.0364634431714
11.2617390321 1690 159872 15627524 0.0328230075846
17.0750368861 3544 354503 34754358 -0.0193365467306
25.8891529834 7964 774476 75943298 0.00827704442645
39.2531065478 16614 1638889 160772846 -0.00526284617139
59.5155188986 33032 3257052 319135502 -0.00603513076031
90.2373672122 59010 5782845 562688168 -0.00701829935923
136.817801341 82988 8082908 787467048 0.000282756147377
207.443006619 112992 10994145 1074309606 0.00427548337923
STEP_DONE 
0.050323978983 0 6 352 -2.27469451731
0.0763011640511 0 7 792 -0.697989749714
0.115687744753 0 19 1910 -0.911095718302
0.175405637024 0 37 4188 -0.697294706836
0.265949842531 2 117 9970 0.596455620469
0.403232871773 2 272 22308 -0.515206485325
0.611381256445 10 555 51082 0.719015994495
0.926975618552 14 1191 115412 0.136742319749
1.40547945874 28 2719 261576 -0.0092802264854
2.13098647839 92 6191 592726 0.42554419514
3.23099945918 172 14132 1341312 0.159094418418
4.89883798472 368 31544 3050044 0.126398813667
7.42761300449 742 71511 6886730 -0.000746323585491
11.2617390321 1666 159392 15464650 0.0139227419744
17.0750368861 3556 352871 34355826 -0.0181810449247
25.8891529834 7924 767720 74945252 0.00760305213565
39.2531065478 16582 1618981 158241496 0.00135098901099
59.5155188986 32534 3201549 312864376 -0.00642008109759
90.2373672122 57504 5631836 547889558 -0.00634938433435
136.817801341 80588 7835844 763232846 0.00188488074531
207.443006619 110934 10784818 1053145264 0.00456985680921
STEP_DONE 
0.050323978983 0 6 348 -2.30500618797
0.0763011640511 0 7 808 -0.66068380237
0.115687744753 0 18 1876 -0.839246513987
0.175405637024 0 37 4204 -0.687094024591
0.265949842531 2 117 9932 0.591706087039
0.403232871773 0 274 22336 -1.35150243281
0.611381256445 8 551 50916 0.368940993735
0.926975618552 16 1184 115224 0.305868480907
1.40547945874 34 2710 260812 0.205762287746
2.13098647839 92 6176 591604 0.427420704439
3.23099945918 170 14173 1338534 0.136998593507
4.89883798472 362 31555 3043128 0.105082255605
7.42761300449 736 71616 6869732 -0.0141561713129
11.2617390321 1712 159885 15429750 0.0329415492042
17.0750368861 3568 353712 34275160 -0.0219198816617
25.8891529834 7994 769246 74757434 0.0098406504627
39.2531065478 16734 1622665 157854772 0.00335152110197
59.5155188986 32878 3211320 312136768 -0.00453389638831
90.2373672122 58196 5654682 546244498 -0.00567090558396
136.817801341 80682 7769287 752064758 0.00523395619884
207.443006619 105504 10312662 1011913986 0.0042170925287
STEP_DONE 
0.050323978983 0 6 340 -2.36009438258
0.0763011640511 0 7 790 -0.687135998005
0.115687744753 0 16 1882 -0.618748976376
0.175405637024 0 35 4120 -0.617521163135
0.265949842531 2 116 9898 0.599927049026
0.403232871773 2 270 22068 -0.508172272705
0.611381256445 10 547 50662 0.7332076537
0.926975618552 14 1183 114456 0.140631869735
1.40547945874 36 2727 258768 0.254360605521
2.13098647839 92 6139 586368 0.428597894353
3.23099945918 170 14153 1327482 0.130682347261
4.89883798472 358 31575 3020308 0.0837695124884
7.42761300449 748 71530 6817564 -0.00331434926919
11.2617390321 1738 159462 15312280 0.0458658540056
17.0750368861 3568 352613 34003476 -0.0234441225619
25.8891529834 7988 765912 74150542 0.00966185257424
39.2531065478 16598 1615276 156538950 -0.00371441316312
59.5155188986 32746 3192210 309436590 -0.0051134416034
90.2373672122 58146 5622193 541748522 -0.00320806525919
136.817801341 80586 7734847 746366160 0.0053661274657
207.443006619 106988 10321847 1001002136 0.00535289662728
STEP_DONE 
0.050323978983 0 6 358 -2.2098805232
0.0763011640511 0 6 792 -0.450930842556
0.115687744753 0 19 1886 -0.929445680345
0.175405637024 0 37 4154 -0.705909059953
0.265949842531 2 120 9926 0.532315187749
0.403232871773 2 263 22216 -0.441754142532
0.611381256445 10 554 50830 0.716680205469
0.926975618552 16 1201 115118 0.2764387191
1.40547945874 36 2724 260588 0.264819525834
2.13098647839 88 6141 590506 0.374841698882
3.23099945918 166 14075 1335656 0.121463543673
4.89883798472 370 31522 3037836 0.129580891439
7.42761300449 748 71429 6861222 0.00587121930934
11.2617390321 1694 159224 15408336 0.0290561013667
17.0750368861 3478 352365 34231952 -0.0397250541885
25.8891529834 7956 766303 74682636 0.0117378623863
39.2531065478 16540 1617855 157693428 -0.00308719041283
59.5155188986 32820 3204556 311738366 -0.00333520517403
90.2373672122 58196 5644018 545208758 -0.00381093873083
136.817801341 80576 7758579 750077404 0.00404537824048
207.443006619 107426 10385794 1008630884 0.00459766574684
STEP_DONE 
0.050323978983 0 5 342 -1.78343440393
0.0763011640511 0 6 754 -0.515015224634
0.115687744753 0 19 1876 -0.928225667032
0.175405637024 0 36 4076 -0.681533090345
0.265949842531 2 117 9760 0.574622901295
0.403232871773 2 272 21848 -0.54072006746
0.611381256445 10 539 50168 0.760791651885
0.926975618552 16 1167 113152 0.317795347649
1.40547945874 32 2690 256092 0.132486048939
2.13098647839 92 6142 580902 0.422154930972
3.23099945918 170 14000 1313306 0.143450365544
4.89883798472 350 31342 2988986 0.064740125699
7.42761300449 740 70864 6750210 -0.00527991339818
11.2617390321 1694 158002 15155206 0.0280017494099
17.0750368861 3518 349801 33661270 -0.0313972319339
25.8891529834 7990 760361 73395660 0.0141236114805
39.2531065478 16644 1606565 154949898 -0.000610202937559
59.5155188986 32840 3177025 306250900 -0.00334288668986
90.2373672122 57978 5591632 535893414 -0.00614943048347
136.817801341 80404 7689080 738004840 0.00367088738349
207.443006619 105086 10121854 979977184 0.00528211095353
STEP_DONE 
