#Theta DD DR RR XI factor=211.852473498 
0.050323978983 0 10 1040 -3.07408602881
0.0763011640511 0 15 2392 -1.65701262749
0.115687744753 0 24 5632 -0.805560853678
0.175405637024 0 53 12768 -0.758800296899
0.265949842531 2 148 28678 1.9433924576
0.403232871773 2 318 65346 0.311737029195
0.611381256445 4 715 150294 0.178788541171
0.926975618552 12 1625 338766 0.557385060657
1.40547945874 22 3630 762372 0.277706151333
2.13098647839 44 8247 1733898 0.123645107914
3.23099945918 110 18769 3932678 0.23320536485
4.89883798472 216 42071 8914666 0.0878746112095
7.42761300449 500 95210 20162482 0.112201923361
11.2617390321 992 211802 45294422 0.0016621379859
17.0750368861 2132 469555 100673230 -0.0257491611492
25.8891529834 4820 1020570 219949476 0.01753860139
39.2531065478 9980 2161869 465428316 -0.00569195750362
59.5155188986 19920 4298256 924367394 -0.0030140004625
90.2373672122 35762 7653267 1629091214 -0.00526964083596
136.817801341 50638 10714142 2277684788 0.00472309618806
207.443006619 67860 14508176 3110006944 0.00272590738257
