#Theta DD DR RR XI factor=107.652954375 
0.050323978983 0 5 370 -1.90953930745
0.0763011640511 0 7 836 -0.80280067136
0.115687744753 0 17 1988 -0.841147107025
0.175405637024 0 36 4394 -0.763999252397
0.265949842531 2 114 10510 0.869975601706
0.403232871773 2 257 23508 -0.367845047535
0.611381256445 8 533 53852 0.590641374914
0.926975618552 10 1127 121638 -0.0420935341311
1.40547945874 32 2579 275414 0.330386748952
2.13098647839 70 5847 624024 0.282635687949
3.23099945918 152 13358 1412872 0.211178207185
4.89883798472 316 29799 3213924 0.143188618721
7.42761300449 676 67527 7260560 0.0765600867913
11.2617390321 1410 150977 16318186 0.00935517100006
17.0750368861 3080 334883 36286820 -0.00333069131102
25.8891529834 6778 730781 79285626 0.00624924865206
39.2531065478 14116 1546992 167883312 -0.00953426385671
59.5155188986 28150 3072205 333207136 -0.0060681149543
90.2373672122 50240 5453135 586931414 -0.00838504338025
136.817801341 71370 7635820 820562986 0.00444093892823
207.443006619 96514 10384593 1120656424 0.00295205809936
