#Theta DD DR RR XI factor=107.652954375 jknum= 20
0.050323978983 0 5 346 -2.0939192572
0.0763011640511 0 7 790 -0.897081630619
0.115687744753 0 17 1852 -0.96527354977
0.175405637024 0 35 4142 -0.809143515438
0.265949842531 2 110 9902 0.936207133085
0.403232871773 2 245 22110 -0.335824091768
0.611381256445 8 518 50688 0.620690371381
0.926975618552 10 1075 114884 -0.00588829998209
1.40547945874 28 2442 259696 0.22231775877
2.13098647839 66 5537 588658 0.270998545207
3.23099945918 148 12680 1332406 0.235402331689
4.89883798472 302 28260 3029672 0.145241118851
7.42761300449 630 63986 6843910 0.0532031038151
11.2617390321 1330 143269 15372610 -0.00389510122471
17.0750368861 2882 316904 34149020 -0.0197152712284
25.8891529834 6476 690908 74472160 0.0102291747996
39.2531065478 13480 1458971 157246942 -0.00408241229322
59.5155188986 26628 2884351 310727760 -0.00535132198397
90.2373672122 46932 5080090 543369966 -0.0118712876246
136.817801341 66044 7011157 747968294 0.00497898896117
207.443006619 86984 9303947 1000062762 0.00489815810001
STEP_DONE 
0.050323978983 0 5 354 -2.04495306731
0.0763011640511 0 6 796 -0.62499505401
0.115687744753 0 17 1894 -0.935008189974
0.175405637024 0 36 4146 -0.871919049193
0.265949842531 2 109 9958 0.973833454094
0.403232871773 2 239 22430 -0.261092933376
0.611381256445 8 506 51336 0.685736067124
0.926975618552 10 1063 115806 0.0244490001181
1.40547945874 32 2471 261638 0.385037075175
2.13098647839 66 5570 593716 0.269106247156
3.23099945918 148 12737 1344768 0.236843378646
4.89883798472 296 28324 3056084 0.127331632019
7.42761300449 646 64098 6899784 0.0851072883007
11.2617390321 1354 143172 15494820 0.0233307611658
17.0750368861 2920 317529 34421464 -0.00304715950424
25.8891529834 6346 691392 75078254 -0.00319511619203
39.2531065478 13308 1459520 158472900 -0.00977479832935
59.5155188986 26402 2884320 313077286 -0.00628606725967
90.2373672122 46616 5068551 547152490 -0.0071447610223
136.817801341 64934 6973750 752619550 0.00487128815031
207.443006619 86418 9334933 1011291342 0.00289716234373
STEP_DONE 
0.050323978983 0 5 354 -2.07046576805
0.0763011640511 0 7 786 -0.936034140771
0.115687744753 0 15 1900 -0.716228760879
0.175405637024 0 34 4258 -0.735844339326
0.265949842531 2 106 10090 1.05805272837
0.403232871773 2 240 22512 -0.267962455818
0.611381256445 6 504 51722 0.252211950069
0.926975618552 10 1058 116632 0.0409782959973
1.40547945874 32 2451 264114 0.414053610573
2.13098647839 60 5539 597750 0.171479658055
3.23099945918 150 12684 1353804 0.272281650831
4.89883798472 288 28302 3079688 0.107062409633
7.42761300449 638 63969 6953106 0.0840770030916
11.2617390321 1312 142963 15616250 0.00245148244254
17.0750368861 2852 316872 34684562 -0.0145594231727
25.8891529834 6338 691036 75623346 0.0037023766635
39.2531065478 13160 1458787 159631182 -0.0126185815426
59.5155188986 26232 2885014 315363016 -0.00599143298995
90.2373672122 46238 5066380 551365052 -0.00676800244441
136.817801341 64466 6992067 760013808 0.0021691001643
207.443006619 86370 9418648 1028971200 0.00182571286446
STEP_DONE 
0.050323978983 0 5 342 -2.15925311968
0.0763011640511 0 6 794 -0.632943929868
0.115687744753 0 16 1898 -0.821647320428
0.175405637024 0 35 4216 -0.793940220233
0.265949842531 2 111 10028 0.936354230351
0.403232871773 2 250 22386 -0.370282977695
0.611381256445 8 506 51448 0.689964240746
0.926975618552 10 1064 115964 0.0239859628541
1.40547945874 32 2429 262288 0.423074982883
2.13098647839 64 5529 594198 0.246649496193
3.23099945918 146 12673 1345538 0.231432989652
4.89883798472 308 28244 3060348 0.180575245015
7.42761300449 644 64036 6905314 0.0848140866777
11.2617390321 1338 143165 15509522 0.012407945179
17.0750368861 2920 317118 34447440 0.000251831784386
25.8891529834 6414 690501 75093596 0.0101006652331
39.2531065478 13252 1456128 158499240 -0.0091821642645
59.5155188986 26172 2874007 313099244 -0.00773048972854
90.2373672122 46172 5047743 547473122 -0.00784466197692
136.817801341 63784 6921387 753026720 0.00263045380217
207.443006619 85266 9298491 1016182246 0.00220694451978
STEP_DONE 
0.050323978983 0 5 352 -2.08330350752
0.0763011640511 0 6 808 -0.611865596008
0.115687744753 0 16 1880 -0.847358016418
0.175405637024 0 33 4216 -0.69903479807
0.265949842531 2 109 10058 0.989906076038
0.403232871773 2 240 22532 -0.266509096171
0.611381256445 6 511 51540 0.219160761029
0.926975618552 10 1072 116404 0.0129149324104
1.40547945874 32 2446 263746 0.416090780601
2.13098647839 68 5572 596852 0.315585235109
3.23099945918 146 12663 1350868 0.238328871411
4.89883798472 294 28228 3071946 0.132733072655
7.42761300449 622 64001 6934298 0.0531627323454
11.2617390321 1312 142741 15575896 0.00297043912337
17.0750368861 2884 316169 34597114 -0.00175150908789
25.8891529834 6268 688513 75457558 -0.00214475651861
39.2531065478 13124 1451661 159327990 -0.00743882652246
59.5155188986 25958 2867081 314719734 -0.00589737403043
90.2373672122 46010 5059699 549754118 -0.0119392651384
136.817801341 64258 6952948 755794448 0.00458758218911
207.443006619 85788 9324236 1016758746 0.00326169603694
STEP_DONE 
0.050323978983 0 4 354 -1.44466390854
0.0763011640511 0 7 800 -0.893086614173
0.115687744753 0 14 1888 -0.604310689977
0.175405637024 0 34 4168 -0.764873728596
0.265949842531 2 109 9994 0.982170012033
0.403232871773 2 245 22430 -0.319757811097
0.611381256445 8 498 51426 0.725301550478
0.926975618552 10 1069 115984 0.014865769475
1.40547945874 30 2465 262672 0.306185353225
2.13098647839 66 5542 595176 0.283091932592
3.23099945918 140 12681 1347044 0.179483912136
4.89883798472 302 28320 3063874 0.153663902087
7.42761300449 640 64000 6918392 0.0811139380528
11.2617390321 1328 142839 15536074 0.0111282731531
17.0750368861 2886 316147 34492098 -0.00390910281778
25.8891529834 6384 688366 75182694 0.0127582918092
39.2531065478 13186 1452553 158599062 -0.00857831675684
59.5155188986 26118 2868959 312633394 -0.00779697135093
90.2373672122 46142 5033517 544232204 -0.00886284598515
136.817801341 63436 6852866 743869624 0.00479844602726
207.443006619 84618 9209343 1004224422 0.00196013375047
STEP_DONE 
0.050323978983 0 4 358 -1.40404698016
0.0763011640511 0 7 796 -0.892129941044
0.115687744753 0 16 1878 -0.833117825128
0.175405637024 0 33 4144 -0.713405587815
0.265949842531 0 102 9988 -1.19729123767
0.403232871773 2 252 22266 -0.395557730154
0.611381256445 8 506 51118 0.681471753456
0.926975618552 10 1067 115260 0.0123101111724
1.40547945874 30 2454 261096 0.307544953467
2.13098647839 70 5509 591266 0.365480114121
3.23099945918 144 12669 1338834 0.208805501394
4.89883798472 298 28115 3042552 0.145347492054
7.42761300449 624 63842 6867944 0.0514773159647
11.2617390321 1330 142757 15412368 0.00580505272316
17.0750368861 2904 315805 34205846 -0.00390131823652
25.8891529834 6352 687009 74519514 0.00291527061456
39.2531065478 13202 1447399 157025006 -0.0102190809059
59.5155188986 26106 2852717 308959176 -0.00872237707093
90.2373672122 46042 4974382 535721548 -0.00317599731743
136.817801341 63456 6773669 728314676 0.0072735319232
207.443006619 85478 9189987 990756494 0.00274013847635
STEP_DONE 
0.050323978983 0 4 348 -1.46205086433
0.0763011640511 0 7 784 -0.912485939258
0.115687744753 0 17 1898 -0.918531732532
0.175405637024 0 34 4120 -0.767656906964
0.265949842531 2 106 9950 1.02366327714
0.403232871773 2 246 22246 -0.337423802932
0.611381256445 8 510 50730 0.655445177671
0.926975618552 8 1072 114602 -0.202935211405
1.40547945874 32 2454 259626 0.389139714133
2.13098647839 64 5557 588236 0.224452085371
3.23099945918 140 12612 1330884 0.176760145066
4.89883798472 306 28097 3023530 0.170360703231
7.42761300449 650 63765 6827828 0.0915550725362
11.2617390321 1348 142391 15324066 0.0186649785403
17.0750368861 2906 315283 34013944 -0.00548765411078
25.8891529834 6378 685222 74099222 0.00651758464075
39.2531065478 13192 1443501 156141578 -0.0111350176269
59.5155188986 26088 2841671 307214594 -0.0072626858034
90.2373672122 46036 4966194 531867666 -0.00721840784078
136.817801341 63738 6758517 719275834 0.00375708217101
207.443006619 85326 9097254 971642720 0.001785689387
STEP_DONE 
0.050323978983 0 5 340 -2.15113478462
0.0763011640511 0 7 792 -0.893863835202
0.115687744753 0 16 1872 -0.831428763712
0.175405637024 0 34 4150 -0.755523764349
0.265949842531 2 107 9962 1.00298083751
0.403232871773 2 238 22282 -0.258442400062
0.611381256445 8 504 50796 0.681741000197
0.926975618552 6 1067 115002 -0.389207840252
1.40547945874 28 2443 260386 0.22393604182
2.13098647839 68 5543 589940 0.309780034427
3.23099945918 144 12663 1336254 0.206391587558
4.89883798472 288 28269 3034876 0.0933591590705
7.42761300449 640 63986 6849946 0.0708852117088
11.2617390321 1318 142977 15371340 -0.00887830450745
17.0750368861 2950 316719 34114958 0.00326549912368
25.8891529834 6458 689482 74341158 0.00982226328668
39.2531065478 13310 1453414 156683312 -0.0125663912629
59.5155188986 26348 2860400 308291306 -0.00709376221311
90.2373672122 46640 5009616 534047340 -0.00755276134815
136.817801341 64330 6803700 721889732 0.00337364904049
207.443006619 84802 9047339 968669924 0.00355791224979
STEP_DONE 
0.050323978983 0 5 352 -2.04169649248
0.0763011640511 0 6 806 -0.594060295813
0.115687744753 0 17 1896 -0.919990697365
0.175405637024 0 35 4158 -0.802486810361
0.265949842531 2 107 9916 1.00146233457
0.403232871773 2 246 22256 -0.336732777103
0.611381256445 8 505 50996 0.677809508434
0.926975618552 10 1076 115098 -0.00587991748887
1.40547945874 30 2443 260404 0.311731059167
2.13098647839 68 5570 589446 0.298974563632
3.23099945918 146 12680 1334698 0.219623550482
4.89883798472 310 28281 3033344 0.175075281207
7.42761300449 646 64124 6849072 0.0764001103712
11.2617390321 1338 143051 15377362 0.00541261305035
17.0750368861 2908 316565 34132124 -0.0093698599818
25.8891529834 6424 687862 74362538 0.00952641709865
39.2531065478 13268 1450490 156763332 -0.0111015016818
59.5155188986 26328 2857413 308691674 -0.00444059766674
90.2373672122 46424 5003335 534761234 -0.00831911133381
136.817801341 64552 6816688 722866754 0.00437688673159
207.443006619 85672 9113314 969739568 0.000367883008485
STEP_DONE 
0.050323978983 0 5 358 -1.9913781727
0.0763011640511 0 7 790 -0.897821190073
0.115687744753 0 16 1882 -0.820894173563
0.175405637024 0 35 4140 -0.810723116132
0.265949842531 2 108 9930 0.980400852467
0.403232871773 2 251 22180 -0.389663767793
0.611381256445 6 508 50844 0.21340824476
0.926975618552 10 1076 114856 -0.00800143340901
1.40547945874 32 2444 260276 0.39883543081
2.13098647839 70 5544 588890 0.346856074573
3.23099945918 142 12713 1332792 0.178889434147
4.89883798472 306 28308 3031288 0.157551028945
7.42761300449 646 63990 6841366 0.0795897907845
11.2617390321 1350 142790 15359642 0.0168654000392
17.0750368861 2918 316093 34078536 -0.00463241931792
25.8891529834 6426 688701 74246236 0.00586353218873
39.2531065478 13320 1452485 156510074 -0.0116663539123
59.5155188986 26424 2864253 308241366 -0.00709482191553
90.2373672122 46568 5009078 535092170 -0.00691078374449
136.817801341 64512 6836851 727756638 0.00450836789231
207.443006619 86608 9223650 982744722 0.000475470203317
STEP_DONE 
0.050323978983 0 5 342 -2.12598425197
0.0763011640511 0 6 786 -0.632193304081
0.115687744753 0 16 1890 -0.810093738283
0.175405637024 0 34 4176 -0.740849850665
0.265949842531 2 110 9984 0.933795899467
0.403232871773 2 242 22094 -0.307362557884
0.611381256445 8 507 50882 0.666489375637
0.926975618552 10 1064 114698 0.0129992446632
1.40547945874 32 2457 259944 0.385997053783
2.13098647839 70 5566 588560 0.337289508505
3.23099945918 140 12662 1332826 0.16926119562
4.89883798472 292 28246 3029980 0.108218130132
7.42761300449 646 63984 6841462 0.0795161610387
11.2617390321 1344 143144 15364992 0.00777884654937
17.0750368861 2950 316925 34112982 0.00193004306862
25.8891529834 6416 688732 74339258 0.00548637531875
39.2531065478 13300 1451533 156807176 -0.0098457291378
59.5155188986 26400 2867369 309134474 -0.00718423713396
90.2373672122 46832 5033916 538389058 -0.00498677565488
136.817801341 64974 6901857 735696822 0.0035042862483
207.443006619 85636 9144355 979818752 0.00344006982593
STEP_DONE 
0.050323978983 0 5 354 -2.05825437075
0.0763011640511 0 7 802 -0.88986392287
0.115687744753 0 16 1902 -0.821446136268
0.175405637024 0 34 4222 -0.743683069934
0.265949842531 2 111 10000 0.940720049476
0.403232871773 2 248 22498 -0.344859258589
0.611381256445 8 503 51446 0.705591529401
0.926975618552 8 1080 116010 -0.207488340922
1.40547945874 30 2460 263082 0.311891736833
2.13098647839 64 5572 595786 0.234038914553
3.23099945918 140 12662 1348042 0.183457654591
4.89883798472 300 28272 3066240 0.150305712403
7.42761300449 644 63904 6922768 0.0916000854594
11.2617390321 1330 142684 15545098 0.0153789171793
17.0750368861 2912 316352 34518084 0.00437008322651
25.8891529834 6390 689097 75277736 0.0128420412615
39.2531065478 13174 1456221 158913290 -0.0124944537591
59.5155188986 26220 2879233 313774518 -0.00743471026611
90.2373672122 46408 5065947 548062012 -0.00894915910207
136.817801341 64832 6969335 753138524 0.00529002763521
207.443006619 86116 9335542 1014871682 0.00279758807579
STEP_DONE 
0.050323978983 0 5 352 -2.07865068003
0.0763011640511 0 7 802 -0.891719520097
0.115687744753 0 16 1884 -0.840653994684
0.175405637024 0 35 4196 -0.807863507052
0.265949842531 2 110 10044 0.964794347366
0.403232871773 2 248 22482 -0.346113008703
0.611381256445 8 504 51398 0.702603393048
0.926975618552 10 1079 116170 -0.0021684173247
1.40547945874 30 2440 263114 0.329088076475
2.13098647839 70 5544 596226 0.363448278899
3.23099945918 146 12691 1349650 0.232375504257
4.89883798472 294 28209 3069124 0.132887150429
7.42761300449 626 63881 6930096 0.0629566799813
11.2617390321 1316 142698 15556014 0.00532453955951
17.0750368861 2884 316357 34551088 -0.00423305483889
25.8891529834 6348 688301 75331856 0.00930246000083
39.2531065478 13228 1454459 159006144 -0.00555231563983
59.5155188986 26116 2873721 313923186 -0.00706919186805
90.2373672122 46082 5056785 548473164 -0.0115677466221
136.817801341 65096 7033608 763127400 0.00413334367981
207.443006619 90206 9765827 1060461782 0.00301831304354
STEP_DONE 
0.050323978983 0 4 354 -1.43708350016
0.0763011640511 0 7 786 -0.920831079321
0.115687744753 0 17 1884 -0.946174164535
0.175405637024 0 36 4182 -0.856659022357
0.265949842531 2 110 9990 0.95338647768
0.403232871773 2 241 22424 -0.2807704534
0.611381256445 6 499 51322 0.262553161724
0.926975618552 10 1089 115932 -0.0228486010986
1.40547945874 28 2448 262280 0.228463767206
2.13098647839 66 5547 594562 0.278747611552
3.23099945918 136 12712 1345272 0.137636741695
4.89883798472 294 28366 3061144 0.118332988095
7.42761300449 642 64316 6914338 0.0735846769815
11.2617390321 1340 143445 15537306 0.0117507056551
17.0750368861 2928 317877 34545084 0.00105496661459
25.8891529834 6448 694189 75473778 0.00977678463316
39.2531065478 13448 1469933 159819618 -0.00514652255535
59.5155188986 26756 2921514 317135654 -0.0057343669461
90.2373672122 47594 5185859 558772792 -0.0111325965871
136.817801341 67602 7256968 781987270 0.00381030257894
207.443006619 91560 9872173 1066943154 0.00234947372823
STEP_DONE 
0.050323978983 0 5 352 -2.03907927702
0.0763011640511 0 7 786 -0.905417643405
0.115687744753 0 17 1890 -0.92442861309
0.175405637024 0 33 4176 -0.690706172504
0.265949842531 2 106 9958 1.0209609109
0.403232871773 2 244 22170 -0.322351567047
0.611381256445 6 510 50760 0.203064607574
0.926975618552 8 1072 114826 -0.200124103875
1.40547945874 26 2437 260268 0.139883400847
2.13098647839 66 5552 589790 0.266573395257
3.23099945918 144 12666 1335216 0.204621742385
4.89883798472 308 28250 3037552 0.170569735689
7.42761300449 640 64047 6859094 0.0700063254932
11.2617390321 1330 143017 15403416 0.00162193291428
17.0750368861 2948 317454 34217950 0.0010095950522
25.8891529834 6434 691708 74640540 0.00372528750876
39.2531065478 13390 1457828 157558986 -0.00706315008438
59.5155188986 26584 2885556 311409386 -0.0055790266585
90.2373672122 47176 5105936 546929260 -0.0102758358884
136.817801341 67124 7144365 764014170 0.00473934352713
207.443006619 91236 9745394 1044904946 0.0037810380614
STEP_DONE 
0.050323978983 0 5 352 -2.04409001432
0.0763011640511 0 7 814 -0.842908549208
0.115687744753 0 16 1870 -0.833616573329
0.175405637024 0 34 4188 -0.739812287074
0.265949842531 2 109 9946 0.960180934514
0.403232871773 0 244 22314 -1.34337907278
0.611381256445 8 507 50836 0.6695306234
0.926975618552 10 1059 115178 0.0264423262372
1.40547945874 28 2433 260818 0.233495246415
2.13098647839 68 5540 590962 0.312140552297
3.23099945918 144 12701 1337460 0.201073739086
4.89883798472 310 28283 3041130 0.177319121323
7.42761300449 642 64142 6865312 0.0714578372959
11.2617390321 1348 143432 15420608 0.0103554604748
17.0750368861 2966 317530 34251846 0.0075376210862
25.8891529834 6448 691578 74702562 0.00706363790164
39.2531065478 13354 1458179 157737788 -0.00907309068706
59.5155188986 26480 2883055 311867482 -0.00625669786631
90.2373672122 47022 5090178 545806486 -0.00944202932107
136.817801341 66044 7025484 751449642 0.00551983328711
207.443006619 87380 9346342 1003602908 0.00388835706119
STEP_DONE 
0.050323978983 0 5 346 -2.10757361977
0.0763011640511 0 7 798 -0.886351706037
0.115687744753 0 14 1896 -0.587878334828
0.175405637024 0 32 4138 -0.66297994771
0.265949842531 2 107 9988 1.01123980546
0.403232871773 2 240 22250 -0.280386579328
0.611381256445 8 501 51112 0.701651937117
0.926975618552 10 1071 115492 0.00683754059816
1.40547945874 32 2451 261186 0.398431098923
2.13098647839 64 5528 591532 0.241190074007
3.23099945918 148 12690 1339370 0.240028562826
4.89883798472 298 28306 3047108 0.132993340964
7.42761300449 648 64097 6879660 0.0853967510921
11.2617390321 1368 143407 15453812 0.027851946311
17.0750368861 2940 317630 34321450 0.00018375563348
25.8891529834 6408 691342 74843936 0.00344382839897
39.2531065478 13282 1458565 158009594 -0.0132467775937
59.5155188986 26378 2880855 312314726 -0.00717326928386
90.2373672122 46896 5079457 546608788 -0.00646573182472
136.817801341 65506 7007394 753086438 0.00465018817024
207.443006619 87256 9377466 1011657364 0.00381006373103
STEP_DONE 
0.050323978983 0 5 364 -1.97112139829
0.0763011640511 0 6 800 -0.622232283465
0.115687744753 0 17 1896 -0.939377554072
0.175405637024 0 34 4190 -0.755159829365
0.265949842531 2 110 10012 0.960007381185
0.403232871773 2 235 22422 -0.22369150049
0.611381256445 8 512 51308 0.665255821323
0.926975618552 10 1075 116168 0.00524851645564
1.40547945874 32 2450 262994 0.408154301346
2.13098647839 62 5534 595804 0.208080557089
3.23099945918 140 12606 1347980 0.191987538395
4.89883798472 310 28265 3065578 0.188459418319
7.42761300449 652 64011 6924822 0.101850243943
11.2617390321 1334 142996 15552220 0.0144808781287
17.0750368861 2852 316957 34550440 -0.0187882416577
25.8891529834 6360 690221 75377116 0.00625609564917
39.2531065478 13146 1456938 159162398 -0.0138979939944
59.5155188986 26326 2884253 314592194 -0.0042964305074
90.2373672122 46668 5087580 550121012 -0.00813239467257
136.817801341 65180 7011335 757014624 0.00374575677403
207.443006619 87542 9428033 1019712002 0.00427237208569
STEP_DONE 
0.050323978983 0 4 348 -1.47232763204
0.0763011640511 0 6 762 -0.693641763679
0.115687744753 0 17 1884 -0.940855927698
0.175405637024 0 34 4100 -0.783693935504
0.265949842531 2 108 9838 0.990079508551
0.403232871773 2 243 22006 -0.323961003051
0.611381256445 8 496 50550 0.719954274289
0.926975618552 10 1045 114006 0.0429477089985
1.40547945874 30 2417 258062 0.330034284006
2.13098647839 66 5521 585124 0.275099367769
3.23099945918 148 12535 1323114 0.256007054241
4.89883798472 290 28083 3011560 0.108021803554
7.42761300449 640 63421 6801630 0.0827175174282
11.2617390321 1328 141761 15272214 0.00919278975551
17.0750368861 2888 314187 33920394 -0.00753822565314
25.8891529834 6388 684159 73955706 0.00923655090495
39.2531065478 13258 1445418 156122426 -0.00916921535564
59.5155188986 26294 2855006 308530954 -0.00466037341713
90.2373672122 46306 5025737 539820556 -0.0103618007014
136.817801341 64818 6928925 743498642 0.00381510682335
207.443006619 85214 9152210 987363266 0.00444958128953
STEP_DONE 
