#Theta DD DR RR XI factor=126.919182948 jknum= 10
0.050323978983 0 5 324 -2.89458642585
0.0763011640511 0 5 742 -0.700601080828
0.115687744753 0 16 1754 -1.30211357259
0.175405637024 0 31 3870 -1.02156207035
0.265949842531 2 85 9274 2.12073804404
0.403232871773 2 181 20848 0.336448646513
0.611381256445 2 403 47792 -0.461744248099
0.926975618552 12 858 108104 0.764466310081
1.40547945874 18 1939 243796 0.168411624145
2.13098647839 40 4489 553856 0.104490684414
3.23099945918 104 10218 1254290 0.264314517673
4.89883798472 192 22595 2850122 0.0719162744119
7.42761300449 442 51094 6437656 0.0902304574138
11.2617390321 908 113589 14459746 0.0173626367469
17.0750368861 1916 251754 32129310 -0.0279506002994
25.8891529834 4298 545756 70076816 0.0111298559667
39.2531065478 8946 1152248 147945018 -0.00272889455032
59.5155188986 17762 2280099 292401810 -0.000713262538314
90.2373672122 31318 4019740 511528688 -0.00834236006859
136.817801341 43894 5539410 703700798 0.00657791122101
207.443006619 56986 7261729 928999052 0.00400962161306
STEP_DONE 
0.050323978983 0 5 318 -3.04179627112
0.0763011640511 0 6 738 -1.08990441336
0.115687744753 0 13 1794 -0.862740890167
0.175405637024 0 31 4044 -0.970525600429
0.265949842531 2 86 9522 2.14812657239
0.403232871773 2 190 21232 0.255765070017
0.611381256445 2 390 48854 -0.375798186474
0.926975618552 12 852 110036 0.811181774495
1.40547945874 22 1913 248852 0.484359187854
2.13098647839 36 4486 563236 0.0084923274224
3.23099945918 104 10152 1275842 0.301165163249
4.89883798472 194 22550 2903196 0.107247744984
7.42761300449 454 51056 6548434 0.141106723782
11.2617390321 878 113096 14708956 0.0095876515164
17.0750368861 1866 250636 32673254 -0.0284321281127
25.8891529834 4256 543074 71228458 0.0271633314521
39.2531065478 8610 1144691 150353236 -0.0110679509989
59.5155188986 17270 2267188 297156530 -0.00116776536197
90.2373672122 30696 4004643 519886910 -0.00471217018118
136.817801341 42470 5499070 715153100 0.00442559257102
207.443006619 54644 7187678 944530406 -0.000441561797907
STEP_DONE 
0.050323978983 0 4 330 -2.12279757097
0.0763011640511 0 5 764 -0.686065442442
0.115687744753 0 12 1780 -0.736836851271
0.175405637024 0 28 3976 -0.81430140567
0.265949842531 2 83 9466 2.24693197606
0.403232871773 2 187 21324 0.297029400039
0.611381256445 4 390 48798 0.301152036132
0.926975618552 12 856 110070 0.805477625634
1.40547945874 20 1940 249462 0.326808865847
2.13098647839 38 4490 564868 0.0684322432359
3.23099945918 100 10173 1277904 0.247566795508
4.89883798472 186 22617 2906142 0.057010273215
7.42761300449 432 51117 6561032 0.0853631468866
11.2617390321 874 113009 14733988 0.00828199963278
17.0750368861 1864 250031 32714906 -0.0235571328329
25.8891529834 4174 541102 71317310 0.0164567456992
39.2531065478 8596 1141528 150482894 -0.00646551158443
59.5155188986 17132 2257340 296677648 -0.00203725688079
90.2373672122 30646 3990869 516319870 -0.00644821926435
136.817801341 41832 5411275 704728954 0.00674480582943
207.443006619 53402 7024080 923506086 8.52382924681e-06
STEP_DONE 
0.050323978983 0 3 332 -1.28586805266
0.0763011640511 0 6 736 -1.06225052577
0.115687744753 0 15 1786 -1.12460300528
0.175405637024 0 28 3856 -0.83691471452
0.265949842531 0 73 9386 -0.967479868044
0.403232871773 2 202 20920 0.0868518048512
0.611381256445 4 394 47778 0.253287569452
0.926975618552 10 857 107790 0.472947552233
1.40547945874 20 1936 244238 0.304853573123
2.13098647839 42 4457 553362 0.176754663989
3.23099945918 100 10083 1252322 0.24072839704
4.89883798472 206 22327 2843368 0.172677733211
7.42761300449 436 50781 6419404 0.0854687255671
11.2617390321 888 112804 14395532 0.00459397069358
17.0750368861 1910 249490 31935582 -0.0194406684281
25.8891529834 4248 539060 69537986 0.0162992447182
39.2531065478 8796 1137416 146416616 -0.00405064950935
59.5155188986 17472 2242382 287509326 -0.000768737898695
90.2373672122 30660 3898448 496311318 0.00127657160614
136.817801341 41108 5224912 668668068 0.00685929573668
207.443006619 53148 6832410 880450966 0.00266019678955
STEP_DONE 
0.050323978983 0 5 316 -2.96572406813
0.0763011640511 0 5 754 -0.662027593539
0.115687744753 0 15 1770 -1.12401492462
0.175405637024 0 30 3882 -0.936891507771
0.265949842531 2 79 9282 2.25065438221
0.403232871773 2 188 20856 0.246715286494
0.611381256445 4 395 47518 0.238540059961
0.926975618552 8 857 107522 0.170787663403
1.40547945874 18 1923 243196 0.180533591509
2.13098647839 40 4501 550822 0.0923933018708
3.23099945918 98 10149 1247818 0.194867659054
4.89883798472 186 22565 2831538 0.0342537529881
7.42761300449 448 51060 6389714 0.0982657071996
11.2617390321 870 113005 14335812 -0.022621480663
17.0750368861 1908 250176 31805064 -0.0293552060176
25.8891529834 4330 540059 69266046 0.0275565837698
39.2531065478 8758 1137021 145856438 -0.0108392356061
59.5155188986 17482 2236842 286363926 0.000973357314854
90.2373672122 31026 3921018 492996100 -0.00507334494612
136.817801341 42584 5278081 659177564 0.00768390520406
207.443006619 54172 6828853 859970882 -0.000971866059332
STEP_DONE 
0.050323978983 0 5 324 -2.84964596054
0.0763011640511 0 5 732 -0.703941654664
0.115687744753 0 14 1782 -0.959819761728
0.175405637024 0 30 3888 -0.924822980269
0.265949842531 2 83 9294 2.12002110172
0.403232871773 2 193 20534 0.170604836501
0.611381256445 2 391 47352 -0.402755909346
0.926975618552 12 854 106658 0.752950027022
1.40547945874 22 1927 241974 0.427850844535
2.13098647839 44 4492 547506 0.203581252721
3.23099945918 94 10209 1239350 0.125081901172
4.89883798472 184 22575 2818024 0.0174082299859
7.42761300449 450 50949 6360516 0.10245568585
11.2617390321 920 113125 14281212 0.026189078695
17.0750368861 1952 250370 31678792 -0.0129457463391
25.8891529834 4322 542144 68982118 0.0141879500959
39.2531065478 8924 1141791 145375950 -0.00426045608817
59.5155188986 17668 2252728 286103648 -0.00346216034023
90.2373672122 31362 3956569 496319674 -0.00557966120568
136.817801341 43052 5367841 673020368 0.00556205267414
207.443006619 55824 7014854 882902128 0.00165675396975
STEP_DONE 
0.050323978983 0 5 330 -2.89332615394
0.0763011640511 0 6 756 -1.03936131873
0.115687744753 0 14 1782 -1.01876170945
0.175405637024 0 31 3990 -0.99642739623
0.265949842531 2 87 9454 2.12741911003
0.403232871773 2 194 21304 0.209723571496
0.611381256445 4 386 48578 0.317423957071
0.926975618552 10 868 109688 0.471497579535
1.40547945874 20 1924 248868 0.340015036445
2.13098647839 40 4494 563958 0.123172062956
3.23099945918 96 10136 1275836 0.200630015823
4.89883798472 196 22490 2901526 0.123344737492
7.42761300449 430 50882 6550440 0.0876058225091
11.2617390321 876 112788 14700746 0.0121742355077
17.0750368861 1890 250126 32644376 -0.0131587396687
25.8891529834 4220 541499 71185640 0.0239101948497
39.2531065478 8734 1145935 150238750 -0.000316789729228
59.5155188986 17252 2267140 296624354 -0.00390813426089
90.2373672122 30706 4015070 519429938 -0.0104250519818
136.817801341 43988 5623943 724302464 0.00730196315194
207.443006619 58836 7587222 982502948 0.00417580796134
STEP_DONE 
0.050323978983 0 4 344 -2.00479808995
0.0763011640511 0 6 746 -1.0783858102
0.115687744753 0 16 1816 -1.27676331044
0.175405637024 0 31 4018 -0.993726159233
0.265949842531 2 83 9584 2.24585730257
0.403232871773 2 187 21426 0.302967528766
0.611381256445 4 397 48996 0.269068371311
0.926975618552 8 887 110796 0.136631040093
1.40547945874 16 1925 250728 0.0813313129775
2.13098647839 40 4495 568782 0.131839800568
3.23099945918 88 10172 1287318 0.0993077515185
4.89883798472 196 22685 2929986 0.116032221117
7.42761300449 446 51277 6618218 0.122878824286
11.2617390321 860 113560 14873914 -0.00768798972167
17.0750368861 1900 252045 33077234 -0.0101356987033
25.8891529834 4274 549360 72290712 0.0232459659022
39.2531065478 8844 1165626 153060248 -0.00331955735072
59.5155188986 17586 2317375 303918270 -0.00439339892086
90.2373672122 31632 4138687 536151814 -0.0098180624647
136.817801341 45438 5827702 751118668 0.00495419886175
207.443006619 61164 7891023 1022189592 0.00404819991224
STEP_DONE 
0.050323978983 0 5 318 -2.94848106689
0.0763011640511 0 6 762 -0.977349573653
0.115687744753 0 13 1758 -0.85699894545
0.175405637024 0 27 3914 -0.732327973443
0.265949842531 2 81 9294 2.20405475666
0.403232871773 0 188 20822 -1.267370974
0.611381256445 4 390 47558 0.266681432402
0.926975618552 12 851 107802 0.772572586445
1.40547945874 22 1915 243854 0.450265226891
2.13098647839 40 4490 552804 0.101101931368
3.23099945918 104 10180 1250802 0.267030903998
4.89883798472 200 22612 2845384 0.112508459389
7.42761300449 462 51252 6421202 0.129944142758
11.2617390321 914 113925 14425240 0.0156595990653
17.0750368861 1970 252240 32038690 -0.00768344764344
25.8891529834 4314 545919 69864910 0.0112399652376
39.2531065478 8936 1150222 147491758 -0.00320861392336
59.5155188986 17602 2274832 291791516 -0.00672900166943
90.2373672122 31632 4025303 511374354 -0.00150871362292
136.817801341 43866 5537762 704559852 0.00777535556808
207.443006619 56842 7269864 935434188 0.00636864175117
STEP_DONE 
0.050323978983 0 4 336 -1.99782690854
0.0763011640511 0 4 718 -0.402882787284
0.115687744753 0 16 1782 -1.26098729802
0.175405637024 0 30 3856 -0.959160738984
0.265949842531 2 88 9244 2.03267851065
0.403232871773 2 185 20700 0.281149106359
0.611381256445 4 392 47496 0.25677086231
0.926975618552 12 858 107414 0.759591105534
1.40547945874 20 1927 243106 0.30815331819
2.13098647839 36 4474 551440 -0.00812965612523
3.23099945918 100 10082 1245976 0.234718163189
4.89883798472 200 22611 2836342 0.110388334975
7.42761300449 452 50989 6407740 0.114452097169
11.2617390321 882 113134 14387462 -0.00829202595519
17.0750368861 1852 251035 31962732 -0.0592093542972
25.8891529834 4304 543989 69705708 0.0136449002494
39.2531065478 8882 1149298 147131946 -0.0100245905756
59.5155188986 17784 2275494 290847310 -0.000797359630481
90.2373672122 31666 4025916 509169372 -0.00515586547854
136.817801341 44010 5537514 700643464 0.00555439229647
207.443006619 57550 7277277 924479838 0.00462428174168
STEP_DONE 
