#Theta DD DR RR XI factor=103.708998549 jknum= 12
0.050323978983 0 5 330 -2.14069435447
0.0763011640511 0 7 766 -0.89425690831
0.115687744753 0 17 1792 -0.966439210779
0.175405637024 0 36 3972 -0.878723511134
0.265949842531 2 108 9516 0.905090138794
0.403232871773 2 239 21348 -0.314296684841
0.611381256445 8 509 48822 0.599081199739
0.926975618552 12 1068 110706 0.164643100271
1.40547945874 28 2429 249882 0.188715573468
2.13098647839 66 5515 567208 0.23446248441
3.23099945918 152 12640 1284360 0.231266064657
4.89883798472 296 27990 2919066 0.101650440548
7.42761300449 628 63550 6592490 0.0250830421501
11.2617390321 1370 141721 14805978 0.00983134194529
17.0750368861 2920 313353 32890924 -0.0211760386349
25.8891529834 6504 681214 71743954 0.0056166674237
39.2531065478 13706 1440646 151505030 0.000708734198799
59.5155188986 27020 2851091 299396150 -0.00450815326165
90.2373672122 47690 5022167 523689464 -0.00965377766016
136.817801341 66462 6897542 720750440 0.00681624394639
207.443006619 85964 9037666 953055586 0.00324032608631
STEP_DONE 
0.050323978983 0 5 330 -2.16247990595
0.0763011640511 0 6 730 -0.71553704487
0.115687744753 0 15 1828 -0.712721612083
0.175405637024 0 35 4064 -0.797571009532
0.265949842531 2 106 9614 0.964434842804
0.403232871773 2 242 21508 -0.335704996144
0.611381256445 6 496 49564 0.229711399425
0.926975618552 12 1051 111346 0.203636725598
1.40547945874 32 2439 251898 0.362629062683
2.13098647839 60 5525 570654 0.124312249311
3.23099945918 150 12678 1292508 0.216647180298
4.89883798472 294 28170 2939520 0.089077009638
7.42761300449 628 63679 6634898 0.0276384023979
11.2617390321 1364 141951 14901550 0.00864848515565
17.0750368861 2906 313920 33105746 -0.023150108682
25.8891529834 6400 681919 72196586 -0.00597171875423
39.2531065478 13532 1438846 152390210 -0.0036005138439
59.5155188986 26788 2843903 301163884 -0.00221594424611
90.2373672122 47134 4994462 527037208 -0.00392824557104
136.817801341 65092 6853831 724434942 0.00389366821358
207.443006619 84268 8977094 957459776 0.00159133754949
STEP_DONE 
0.050323978983 0 5 330 -2.17706758799
0.0763011640511 0 5 780 -0.344143979536
0.115687744753 0 15 1808 -0.739655371744
0.175405637024 0 33 4070 -0.700160493035
0.265949842531 2 108 9670 0.931547896152
0.403232871773 2 248 21638 -0.387283314413
0.611381256445 6 498 49548 0.223556153363
0.926975618552 12 1062 111868 0.188491920481
1.40547945874 32 2424 253168 0.381704298215
2.13098647839 66 5528 573350 0.243624383212
3.23099945918 144 12605 1297678 0.18297527428
4.89883798472 294 28021 2951446 0.104186203099
7.42761300449 622 63508 6657312 0.0266822839438
11.2617390321 1358 141589 14956000 0.0129700135354
17.0750368861 2924 313311 33225582 -0.00994967259419
25.8891529834 6360 679798 72467920 -0.00230090568237
39.2531065478 13410 1433516 152979502 -0.00134196957508
59.5155188986 26378 2831106 302240934 -0.0048106369093
90.2373672122 46994 5006628 528209238 -0.00956056987269
136.817801341 64780 6830585 724787580 0.00631194032156
207.443006619 83388 8901633 952486326 0.0026707875025
STEP_DONE 
0.050323978983 0 4 338 -1.4478207705
0.0763011640511 0 7 760 -0.905113139142
0.115687744753 0 13 1800 -0.493850620216
0.175405637024 0 32 3956 -0.67313128499
0.265949842531 0 101 9494 -1.2004346288
0.403232871773 2 252 21312 -0.44201979243
0.611381256445 8 487 48874 0.689707866056
0.926975618552 12 1056 110050 0.181512721773
1.40547945874 28 2441 249374 0.176271175317
2.13098647839 70 5462 565202 0.325798896465
3.23099945918 142 12593 1278976 0.15092586433
4.89883798472 296 27943 2908130 0.101208782623
7.42761300449 622 63258 6565408 0.0203867536074
11.2617390321 1368 140855 14734030 0.0156980139623
17.0750368861 2916 311281 32700786 -0.0151658017848
25.8891529834 6424 674791 71271278 0.00570569709405
39.2531065478 13392 1421745 150253088 -0.00388619652933
59.5155188986 26318 2798946 295648256 -0.00607635156015
90.2373672122 46484 4889578 512809032 -0.00267663059806
136.817801341 63492 6614306 695031898 0.0086614151148
207.443006619 82334 8663986 913219458 0.00194907559508
STEP_DONE 
0.050323978983 0 3 330 -0.866407543367
0.0763011640511 0 7 746 -0.926452826264
0.115687744753 0 17 1794 -0.945474975528
0.175405637024 0 34 3936 -0.773466517326
0.265949842531 2 101 9520 1.0356353736
0.403232871773 2 245 21186 -0.379432017852
0.611381256445 8 499 48290 0.624208660151
0.926975618552 8 1063 109294 -0.225491681079
1.40547945874 30 2433 247450 0.258916539186
2.13098647839 68 5514 560660 0.258909877298
3.23099945918 132 12545 1268652 0.066255619132
4.89883798472 296 27812 2879842 0.100356021555
7.42761300449 638 63121 6501710 0.0408508690525
11.2617390321 1374 140646 14586572 0.0130132721557
17.0750368861 2938 310570 32366764 -0.0134560337874
25.8891529834 6452 672034 70484338 0.00710200305798
39.2531065478 13372 1414733 148477892 -0.00717905714764
59.5155188986 26386 2786466 291740512 -0.00785444021022
90.2373672122 46818 4864064 503303196 -0.00390838884468
136.817801341 63916 6555531 676003640 0.00538086227997
207.443006619 82646 8557422 886562358 0.000638451346396
STEP_DONE 
0.050323978983 0 5 324 -2.19103545351
0.0763011640511 0 6 772 -0.60709143047
0.115687744753 0 16 1826 -0.811865037347
0.175405637024 0 35 3980 -0.818409147877
0.265949842531 2 105 9522 0.965027550144
0.403232871773 2 249 21460 -0.403038103042
0.611381256445 8 493 48928 0.664263718538
0.926975618552 10 1069 110580 -0.0323102488357
1.40547945874 28 2427 249992 0.189775258629
2.13098647839 70 5525 566346 0.303965069887
3.23099945918 146 12628 1283428 0.181446703623
4.89883798472 294 28090 2914256 0.0852754169294
7.42761300449 632 63710 6576856 0.024123948256
11.2617390321 1360 141734 14758710 -0.000768105718401
17.0750368861 2954 313522 32754610 -0.0152254042307
25.8891529834 6544 679855 71366914 0.0103484418008
39.2531065478 13528 1433050 150391948 -0.00882128893973
59.5155188986 26830 2820163 295628194 -0.0024557751837
90.2373672122 47506 4938043 510482042 -0.00546827071511
136.817801341 65174 6661829 685939752 0.00741120549461
207.443006619 84052 8691924 896914780 -0.00214967256985
STEP_DONE 
0.050323978983 0 5 334 -2.05915484945
0.0763011640511 0 6 746 -0.643578101418
0.115687744753 0 15 1820 -0.684216021508
0.175405637024 0 35 3964 -0.804314843089
0.265949842531 2 107 9480 0.896008602747
0.403232871773 2 249 20976 -0.430385091813
0.611381256445 6 501 48298 0.177175178111
0.926975618552 12 1063 108896 0.155643635434
1.40547945874 32 2431 247144 0.341670543366
2.13098647839 74 5496 558930 0.372793828313
3.23099945918 134 12609 1265452 0.0693257627085
4.89883798472 298 28011 2877350 0.0918712145718
7.42761300449 640 63420 6494318 0.0332400792565
11.2617390321 1402 141531 14580314 0.0202299580187
17.0750368861 2996 313076 32350128 -0.0108046061238
25.8891529834 6534 679203 70466620 -0.00163667618865
39.2531065478 13738 1432413 148535602 -0.00509655306373
59.5155188986 27082 2825027 292491084 -0.00709248312822
90.2373672122 47748 4936840 507564032 -0.00552256218217
136.817801341 65470 6702085 689008076 0.00424690336809
207.443006619 85246 8787721 905500388 -0.000359184188141
STEP_DONE 
0.050323978983 0 5 334 -2.11118854927
0.0763011640511 0 7 756 -0.924327732325
0.115687744753 0 15 1814 -0.718528625339
0.175405637024 0 33 4040 -0.697600009407
0.265949842531 2 110 9552 0.867577430397
0.403232871773 2 254 21464 -0.453226112466
0.611381256445 8 491 49144 0.681369064605
0.926975618552 10 1074 110574 -0.0420718880746
1.40547945874 28 2450 251232 0.176730930293
2.13098647839 68 5533 569178 0.269751936155
3.23099945918 142 12631 1286988 0.151706310348
4.89883798472 300 28093 2926380 0.111845334844
7.42761300449 626 63499 6608224 0.0258731592089
11.2617390321 1376 141384 14837186 0.0210176894838
17.0750368861 2952 313109 32937776 -0.00786297625617
25.8891529834 6442 677979 71811688 0.00654710579528
39.2531065478 13402 1429663 151572298 -0.00551080535422
59.5155188986 26520 2829076 299274332 -0.00775443788447
90.2373672122 47278 4988133 522537626 -0.0069326008188
136.817801341 65860 6849970 717218286 0.00664632805161
207.443006619 87002 9133030 960470296 0.00190425117985
STEP_DONE 
0.050323978983 0 4 342 -1.45880735092
0.0763011640511 0 7 762 -0.9312286083
0.115687744753 0 16 1814 -0.854271475224
0.175405637024 0 35 4040 -0.821282425155
0.265949842531 2 109 9690 0.915692144206
0.403232871773 2 243 21728 -0.334108014641
0.611381256445 6 492 49574 0.250848144773
0.926975618552 10 1087 112386 -0.0502047146632
1.40547945874 28 2411 253806 0.221889912206
2.13098647839 68 5520 575834 0.289500602821
3.23099945918 134 12642 1303618 0.0970187329437
4.89883798472 284 28068 2967194 0.068892427568
7.42761300449 626 63620 6699588 0.0360510642853
11.2617390321 1360 141594 15052100 0.0207049302991
17.0750368861 2918 313727 33480040 -0.00696878239453
25.8891529834 6416 684200 73152158 0.00279202348792
39.2531065478 13466 1449466 154872932 -0.00684565184707
59.5155188986 26858 2882306 307367988 -0.00592338811657
90.2373672122 47974 5126867 541940346 -0.0107173807721
136.817801341 68400 7189477 758952778 0.00431092984227
207.443006619 92014 9745564 1034250108 0.002047897571
STEP_DONE 
0.050323978983 0 5 342 -2.05366874563
0.0763011640511 0 7 774 -0.889013689157
0.115687744753 0 16 1846 -0.810365696218
0.175405637024 0 34 4078 -0.741444834438
0.265949842531 2 106 9630 0.966065978678
0.403232871773 2 243 21620 -0.338672696895
0.611381256445 8 502 49356 0.643425885546
0.926975618552 10 1061 111664 -0.00788430859927
1.40547945874 24 2419 252984 0.0375028214883
2.13098647839 70 5530 573592 0.317315135684
3.23099945918 142 12627 1297104 0.160705398668
4.89883798472 312 28059 2950592 0.167015206259
7.42761300449 638 63605 6662764 0.0504363452476
11.2617390321 1346 142100 14960156 -0.00266679470994
17.0750368861 2974 314889 33231458 -0.00309878684843
25.8891529834 6468 684420 72490298 0.0011011229491
39.2531065478 13594 1442777 153036130 -0.000336275463217
59.5155188986 26710 2851883 302654546 -0.00562086392856
90.2373672122 47292 5034489 530910332 -0.00912635178695
136.817801341 66918 7024440 740739146 0.00458571771948
207.443006619 90242 9508769 1005698782 0.00381999639514
STEP_DONE 
0.050323978983 0 5 334 -2.10104257044
0.0763011640511 0 7 776 -0.868617920024
0.115687744753 0 14 1814 -0.598729334
0.175405637024 0 31 4002 -0.604607435
0.265949842531 2 106 9596 0.947647479249
0.403232871773 0 239 21346 -1.31934624031
0.611381256445 8 494 48874 0.662193104393
0.926975618552 12 1062 110708 0.175669355843
1.40547945874 32 2416 250322 0.372065818849
2.13098647839 66 5472 567270 0.249930783021
3.23099945918 144 12617 1284828 0.168128373067
4.89883798472 298 28099 2921058 0.101753471045
7.42761300449 638 63646 6594100 0.0385426777341
11.2617390321 1414 142033 14810450 0.0376352020528
17.0750368861 2964 314497 32902796 -0.0136193016833
25.8891529834 6494 683229 71785260 -0.00110630218109
39.2531065478 13666 1444246 151611790 -0.0063181670804
59.5155188986 27028 2854100 299767364 -0.00503382611816
90.2373672122 47842 5026317 524709294 -0.00620108429251
136.817801341 66576 6916097 723044462 0.00634497445581
207.443006619 86886 9102362 958343878 0.00509584706331
STEP_DONE 
0.050323978983 0 4 336 -1.45363408521
0.0763011640511 0 5 730 -0.411679884643
0.115687744753 0 17 1808 -0.937936655799
0.175405637024 0 34 3928 -0.784006860328
0.265949842531 2 107 9390 0.913357464622
0.403232871773 2 242 21070 -0.359173418772
0.611381256445 8 492 48420 0.660366987383
0.926975618552 12 1049 109324 0.188043956053
1.40547945874 30 2414 247474 0.276922993919
2.13098647839 64 5524 561464 0.182751874275
3.23099945918 146 12498 1268502 0.19164003908
4.89883798472 294 27983 2887844 0.0840193633743
7.42761300449 646 63284 6523738 0.0522694681775
11.2617390321 1388 141205 14650316 0.0196287235559
17.0750368861 2934 312670 32543348 -0.0227683939376
25.8891529834 6530 678200 70972436 0.00760060655558
39.2531065478 13614 1431555 149795528 -0.0045189858207
59.5155188986 26940 2827258 296122998 -0.00165855123294
90.2373672122 47384 4977909 518259974 -0.00868780356101
136.817801341 66134 6849037 713194946 0.00547563291761
207.443006619 86228 8994127 941984178 0.00422008117936
STEP_DONE 
