#Theta DD DR RR XI factor=103.922021661 jknum= 20
0.050323978983 0 5 348 -1.97884707836
0.0763011640511 0 7 792 -0.832442293659
0.115687744753 0 17 1858 -0.896970862819
0.175405637024 0 37 4150 -0.848464336433
0.265949842531 2 112 9932 0.82598576262
0.403232871773 2 253 22170 -0.396550432741
0.611381256445 8 530 50818 0.529416473134
0.926975618552 12 1115 115128 0.112152972069
1.40547945874 28 2528 260340 0.142540608178
2.13098647839 68 5727 590000 0.226060195235
3.23099945918 152 13120 1335604 0.186347287451
4.89883798472 312 29166 3037052 0.112920340648
7.42761300449 650 66120 6860286 0.0199415178032
11.2617390321 1414 147679 15410038 -0.000830072048871
17.0750368861 3024 326587 34235022 -0.0285970390467
25.8891529834 6816 711036 74663336 0.0065886979533
39.2531065478 14306 1502258 157646422 -0.00049621538151
59.5155188986 28134 2969144 311531056 -0.00552537912198
90.2373672122 49640 5226824 544781442 -0.00999098045021
136.817801341 69580 7201870 749946232 0.00602610429623
207.443006619 91350 9562541 1005106416 0.00417028717274
STEP_DONE 
0.050323978983 0 5 352 -1.95467507777
0.0763011640511 0 6 794 -0.57185737135
0.115687744753 0 17 1894 -0.867030165301
0.175405637024 0 38 4138 -0.910185299193
0.265949842531 2 111 9952 0.853786697422
0.403232871773 2 252 22394 -0.374671853143
0.611381256445 8 517 51290 0.590463534632
0.926975618552 12 1099 115710 0.146152968159
1.40547945874 32 2553 261338 0.292468270629
2.13098647839 70 5759 593070 0.256853122406
3.23099945918 152 13171 1343272 0.184445195793
4.89883798472 306 29189 3052610 0.0953341737064
7.42761300449 662 66176 6891872 0.0417129623202
11.2617390321 1438 147431 15476778 0.0235551214258
17.0750368861 3074 326852 34379318 -0.010400998586
25.8891529834 6698 710677 74995528 -0.00506494724428
39.2531065478 14160 1500833 158312342 -0.00446344846401
59.5155188986 27960 2965692 312769056 -0.00537152673092
90.2373672122 49340 5210412 546642520 -0.00633404141318
136.817801341 68474 7155355 751927090 0.00562251936018
207.443006619 90614 9552440 1009458978 0.0026066542115
STEP_DONE 
0.050323978983 0 5 354 -1.96455500419
0.0763011640511 0 7 786 -0.869253766
0.115687744753 0 15 1900 -0.657030218131
0.175405637024 0 36 4258 -0.774555611714
0.265949842531 2 108 10084 0.936417732447
0.403232871773 2 251 22512 -0.361740594812
0.611381256445 6 513 51716 0.195746109907
0.926975618552 12 1094 116602 0.164181214968
1.40547945874 32 2537 264052 0.31808875804
2.13098647839 64 5738 597590 0.164163820116
3.23099945918 154 13150 1353444 0.213871984691
4.89883798472 298 29231 3078832 0.0732574629351
7.42761300449 656 66148 6951024 0.0420149314726
11.2617390321 1406 147487 15611642 0.00900037008896
17.0750368861 3000 326989 34674014 -0.0264565314676
25.8891529834 6696 711526 75601366 6.94558738605e-05
39.2531065478 14052 1502906 159587238 -0.00687194285753
59.5155188986 27862 2972481 315273372 -0.00559470300212
90.2373672122 49232 5222320 551209078 -0.00487904697857
136.817801341 68246 7188918 759719354 0.00323995544892
207.443006619 90308 9633747 1028362872 0.000912666810196
STEP_DONE 
0.050323978983 0 5 338 -2.07309829685
0.0763011640511 0 6 794 -0.569834595972
0.115687744753 0 16 1882 -0.766133431387
0.175405637024 0 37 4198 -0.830975097684
0.265949842531 2 113 9988 0.810119211828
0.403232871773 2 262 22284 -0.474152064146
0.611381256445 8 516 51150 0.591758167731
0.926975618552 12 1102 115402 0.13812976814
1.40547945874 32 2511 261074 0.324380425712
2.13098647839 68 5719 591194 0.231364512102
3.23099945918 150 13119 1338650 0.173054220011
4.89883798472 316 29088 3044824 0.13511617651
7.42761300449 656 66017 6870190 0.0339714523682
11.2617390321 1430 147228 15430398 0.0177242437225
17.0750368861 3070 326089 34274736 -0.0100611771348
25.8891529834 6754 708590 74726208 0.00525198865831
39.2531065478 14122 1495505 157752752 -0.00355978772655
59.5155188986 27798 2953759 311667926 -0.00652644857215
90.2373672122 49150 5191578 544864588 -0.00615884372521
136.817801341 67700 7106437 749407138 0.00470978197746
207.443006619 89574 9477161 1006201634 0.00380418247958
STEP_DONE 
0.050323978983 0 5 356 -1.94317939078
0.0763011640511 0 6 800 -0.571657794677
0.115687744753 0 16 1888 -0.775884513759
0.175405637024 0 35 4198 -0.747118399672
0.265949842531 2 110 10048 0.89107648828
0.403232871773 2 252 22494 -0.371529490456
0.611381256445 6 522 51562 0.156009660583
0.926975618552 12 1112 116324 0.129282374227
1.40547945874 32 2529 263606 0.322250905974
2.13098647839 72 5772 596734 0.297654889379
3.23099945918 150 13141 1350502 0.180293553853
4.89883798472 304 29202 3071146 0.0941439700869
7.42761300449 644 66206 6932960 0.0186358863855
11.2617390321 1402 147391 15569906 0.00481674469727
17.0750368861 3034 326470 34588380 -0.0149414028048
25.8891529834 6614 708959 75447888 -0.0067247335896
39.2531065478 14024 1495275 159278042 -0.000654650905312
59.5155188986 27548 2952985 314640884 -0.0055331728819
90.2373672122 48982 5213580 549339284 -0.00992488802488
136.817801341 68068 7145965 754476272 0.00566774310386
207.443006619 90024 9548270 1014731620 0.00212534832349
STEP_DONE 
0.050323978983 0 4 354 -1.35383987455
0.0763011640511 0 7 808 -0.804707676091
0.115687744753 0 14 1886 -0.546345495526
0.175405637024 0 36 4160 -0.802724480842
0.265949842531 0 110 9968 -1.29881933976
0.403232871773 2 258 22364 -0.433003572091
0.611381256445 8 508 51306 0.629014204912
0.926975618552 12 1109 115560 0.127414837041
1.40547945874 30 2544 261730 0.218698983014
2.13098647839 70 5723 593252 0.270508861571
3.23099945918 148 13144 1342350 0.156350730211
4.89883798472 308 29248 3052508 0.0986520316007
7.42761300449 658 66253 6892972 0.0333641739662
11.2617390321 1430 147774 15478490 0.0134839549949
17.0750368861 3054 327213 34364734 -0.0193934787017
25.8891529834 6796 710812 74916034 0.00762953187542
39.2531065478 14162 1499734 158026436 -0.00474703843327
59.5155188986 27850 2957619 311385184 -0.00832586628952
90.2373672122 49058 5169230 541652156 -0.00545792390222
136.817801341 66810 7003475 739461228 0.00722100595579
207.443006619 88536 9391560 996383530 0.000490523234841
STEP_DONE 
0.050323978983 0 4 358 -1.32774390892
0.0763011640511 0 7 792 -0.841327725928
0.115687744753 0 16 1882 -0.771163271821
0.175405637024 0 35 4164 -0.751118586618
0.265949842531 2 103 9988 1.02433208401
0.403232871773 2 263 22340 -0.481211455709
0.611381256445 8 515 51204 0.599910323337
0.926975618552 12 1097 115608 0.149424156491
1.40547945874 30 2538 261792 0.223699290039
2.13098647839 74 5701 592730 0.350872314084
3.23099945918 142 13104 1341940 0.113818936252
4.89883798472 312 29042 3050154 0.126273336839
7.42761300449 656 65931 6884976 0.0388390528318
11.2617390321 1412 147105 15451740 0.00815737004832
17.0750368861 3040 325653 34298608 -0.0163170940038
25.8891529834 6686 707395 74699356 -0.00169822756417
39.2531065478 14030 1492339 157431694 -0.00785746134291
59.5155188986 27680 2940419 309734288 -0.00809005354168
90.2373672122 48890 5127983 536836574 -0.0018679005566
136.817801341 66896 6961684 730495542 0.00823107355498
207.443006619 89532 9435656 996950964 0.00268187720775
STEP_DONE 
0.050323978983 0 4 344 -1.39729419047
0.0763011640511 0 7 788 -0.831435409469
0.115687744753 0 17 1882 -0.862297612361
0.175405637024 0 35 4106 -0.757392964761
0.265949842531 2 108 9924 0.897864715031
0.403232871773 2 254 22210 -0.400901234739
0.611381256445 8 520 50506 0.560505985317
0.926975618552 8 1104 114204 -0.248632168117
1.40547945874 30 2530 258694 0.215999977323
2.13098647839 68 5743 586132 0.212746346556
3.23099945918 146 13068 1325866 0.138100383721
4.89883798472 316 28962 3012118 0.132462323962
7.42761300449 668 65807 6802010 0.0489687715061
11.2617390321 1434 146492 15267150 0.0198672619098
17.0750368861 3050 324756 33882668 -0.0195194500593
25.8891529834 6782 705543 73813886 0.00570546922968
39.2531065478 14158 1487193 155583568 -0.00373244487589
59.5155188986 27816 2925749 306112666 -0.00490552933204
90.2373672122 48788 5099262 529892774 -0.0056150251195
136.817801341 67064 6919289 715796410 0.00265908620305
207.443006619 89534 9274665 962275866 0.00161377627359
STEP_DONE 
0.050323978983 0 5 342 -2.01427523181
0.0763011640511 0 7 782 -0.845569029397
0.115687744753 0 16 1878 -0.756561668631
0.175405637024 0 37 4124 -0.849788495794
0.265949842531 2 107 9930 0.918779629681
0.403232871773 2 253 22196 -0.392515608766
0.611381256445 8 516 50654 0.578126138423
0.926975618552 10 1107 114616 -0.0641228709401
1.40547945874 26 2529 259408 0.0551042750108
2.13098647839 72 5735 587666 0.289962550382
3.23099945918 148 13111 1331532 0.151085717816
4.89883798472 296 29206 3024226 0.0490315476677
7.42761300449 666 66135 6825758 0.0392603604427
11.2617390321 1414 147392 15316894 -0.00293987424454
17.0750368861 3094 326754 33996182 -0.0144809212247
25.8891529834 6838 709785 74073506 0.00541659232631
39.2531065478 14208 1495648 156124602 -0.0080178816848
59.5155188986 28022 2944773 307215008 -0.00694281216157
90.2373672122 49630 5156998 532055628 -0.00708358641894
136.817801341 68040 6979311 718400372 0.00348590870041
207.443006619 89096 9233030 959111094 0.00241595203775
STEP_DONE 
0.050323978983 0 5 350 -1.96512764802
0.0763011640511 0 6 808 -0.541279222979
0.115687744753 0 17 1888 -0.868909905265
0.175405637024 0 37 4164 -0.844303700376
0.265949842531 2 111 9956 0.849469063785
0.403232871773 2 258 22310 -0.434775862799
0.611381256445 8 516 51194 0.590987472168
0.926975618552 12 1114 115472 0.116855003399
1.40547945874 32 2531 261162 0.308146008175
2.13098647839 72 5755 591328 0.291342768591
3.23099945918 150 13134 1338846 0.170515227126
4.89883798472 314 29188 3042932 0.120455422292
7.42761300449 662 66295 6867916 0.0346035330104
11.2617390321 1420 147513 15422326 0.00637630168114
17.0750368861 3062 326665 34236024 -0.017172871856
25.8891529834 6776 709518 74618566 0.00442906973808
39.2531065478 14148 1497291 157339156 -0.0067401708063
59.5155188986 28054 2952899 309780914 -0.00314121199855
90.2373672122 49476 5173006 536806118 -0.00751142258701
136.817801341 68440 7031378 727058162 0.00652465888942
207.443006619 89986 9391242 981036202 0.000983898814395
STEP_DONE 
0.050323978983 0 5 354 -1.90047474813
0.0763011640511 0 7 782 -0.838203689477
0.115687744753 0 16 1872 -0.755159078353
0.175405637024 0 36 4136 -0.787410550779
0.265949842531 2 111 9890 0.827179177402
0.403232871773 2 259 21974 -0.460887072734
0.611381256445 6 516 50452 0.153506207225
0.926975618552 12 1113 113988 0.104745655229
1.40547945874 32 2528 258492 0.296794162614
2.13098647839 74 5734 584750 0.320477724482
3.23099945918 144 13141 1323422 0.108048679556
4.89883798472 320 29123 3009990 0.133915805456
7.42761300449 672 65989 6793106 0.0480787874882
11.2617390321 1456 147004 15248068 0.0269007320754
17.0750368861 3094 325606 33834414 -0.0121585445227
25.8891529834 6772 707512 73731202 -0.0022372257359
39.2531065478 14216 1491925 155448550 -0.0067616005522
59.5155188986 28136 2945786 306205630 -0.0068504290915
90.2373672122 49634 5153108 531753772 -0.00599489685049
136.817801341 68532 7031938 723045894 0.00209177839297
207.443006619 90770 9373501 966602632 -0.00138063550653
STEP_DONE 
0.050323978983 0 5 350 -1.95728408474
0.0763011640511 0 6 796 -0.56037602461
0.115687744753 0 16 1910 -0.734114227699
0.175405637024 0 36 4176 -0.784567982169
0.265949842531 2 110 9968 0.865114264068
0.403232871773 2 255 22192 -0.413165756843
0.611381256445 8 520 51046 0.570212064851
0.926975618552 10 1096 114918 -0.0420482674385
1.40547945874 32 2540 260518 0.29762869637
2.13098647839 72 5742 590008 0.292729770956
3.23099945918 146 13120 1335278 0.137384264892
4.89883798472 300 29180 3036908 0.0692617273957
7.42761300449 656 66093 6858906 0.0298748576468
11.2617390321 1420 147442 15404034 0.00616269533909
17.0750368861 3084 326769 34197614 -0.0119033102889
25.8891529834 6758 708881 74528578 0.00246218920955
39.2531065478 14128 1495448 157302352 -0.00580438789459
59.5155188986 27902 2954706 310407226 -0.00748815262088
90.2373672122 49796 5200306 541204318 -0.00338556184299
136.817801341 68858 7126440 740174970 0.00354781758021
207.443006619 90178 9413760 985240762 0.0026398933109
STEP_DONE 
0.050323978983 0 5 350 -1.97475285171
0.0763011640511 0 7 790 -0.845099870049
0.115687744753 0 16 1876 -0.775971851768
0.175405637024 0 35 4196 -0.736926712748
0.265949842531 2 113 9946 0.814009002457
0.403232871773 2 261 22386 -0.459318592213
0.611381256445 8 514 51156 0.602981209972
0.926975618552 12 1118 115514 0.110743402513
1.40547945874 28 2545 262088 0.136067961159
2.13098647839 70 5749 593312 0.261240646957
3.23099945918 146 13117 1342696 0.144469758275
4.89883798472 312 29196 3052556 0.116342161387
7.42761300449 652 66127 6893586 0.0277942415408
11.2617390321 1426 147457 15479056 0.0149771666138
17.0750368861 3084 326781 34374326 -0.00700938602361
25.8891529834 6730 708804 74965938 0.00432742937813
39.2531065478 14088 1495641 158215596 -0.00321604240287
59.5155188986 27640 2949844 312345098 -0.00731677366617
90.2373672122 49094 5194749 545224886 -0.00789076488363
136.817801341 68606 7146244 749125656 0.00633767888038
207.443006619 91942 9667464 1019262044 0.00279702337797
STEP_DONE 
0.050323978983 0 5 352 -1.95728914622
0.0763011640511 0 7 802 -0.817147245954
0.115687744753 0 16 1874 -0.777529612752
0.175405637024 0 38 4162 -0.900850534348
0.265949842531 2 110 10006 0.877168492121
0.403232871773 2 257 22378 -0.422533112172
0.611381256445 8 507 51138 0.631093321675
0.926975618552 12 1122 115708 0.104992304509
1.40547945874 32 2507 261514 0.330111884879
2.13098647839 72 5751 592764 0.296313850626
3.23099945918 148 13101 1342004 0.162598547093
4.89883798472 304 29087 3051294 0.094960802451
7.42761300449 662 65995 6889166 0.0468787148454
11.2617390321 1410 146875 15468988 0.0109584259719
17.0750368861 3022 325338 34368494 -0.0179805430382
25.8891529834 6708 707538 75006192 0.00520177274492
39.2531065478 14096 1497833 158689314 -0.00254355088103
59.5155188986 27844 2967771 314738708 -0.00448182099426
90.2373672122 49790 5275999 554264026 -0.0083598421616
136.817801341 70600 7380888 775418142 0.00489576154814
207.443006619 95470 10067287 1063584448 0.00203691239904
STEP_DONE 
0.050323978983 0 4 356 -1.36544623403
0.0763011640511 0 7 788 -0.87014340584
0.115687744753 0 17 1908 -0.875744314513
0.175405637024 0 35 4230 -0.741930264542
0.265949842531 2 113 10122 0.839066884136
0.403232871773 2 253 22668 -0.372085101236
0.611381256445 6 519 51782 0.173818244457
0.926975618552 10 1118 117052 -0.064185082649
1.40547945874 28 2537 264926 0.155022109403
2.13098647839 70 5723 600960 0.285773644212
3.23099945918 140 13189 1360158 0.0990844302679
4.89883798472 304 29347 3094982 0.0921113647848
7.42761300449 646 66453 6988644 0.0223835979358
11.2617390321 1430 148107 15705288 0.0235422885156
17.0750368861 3062 328552 34927594 -0.00896884795554
25.8891529834 6748 716594 76320512 0.00299670973306
39.2531065478 14098 1517376 161602684 -0.0101131685962
59.5155188986 28162 3014379 320729432 -0.00571282754858
90.2373672122 50326 5359719 565440418 -0.00936008113242
136.817801341 71182 7493215 791270520 0.00312383036945
207.443006619 96462 10191964 1079639480 0.00258784011956
STEP_DONE 
0.050323978983 0 5 358 -1.91403445419
0.0763011640511 0 7 800 -0.825642585551
0.115687744753 0 17 1914 -0.853167574526
0.175405637024 0 36 4210 -0.784136629246
0.265949842531 2 109 10030 0.902696884523
0.403232871773 2 255 22406 -0.403110810434
0.611381256445 8 521 51316 0.578326161799
0.926975618552 10 1111 115992 -0.0601829946718
1.40547945874 26 2524 262898 0.0731872402695
2.13098647839 72 5758 595382 0.298284303409
3.23099945918 150 13134 1347742 0.177983498567
4.89883798472 316 29171 3065590 0.136447582994
7.42761300449 662 66128 6922396 0.0476405657451
11.2617390321 1396 147440 15544792 -0.00160193117763
17.0750368861 3076 327134 34531634 -0.00714025280734
25.8891529834 6736 711928 75323382 0.00122529192879
39.2531065478 14138 1501571 159027350 -0.00252454855554
59.5155188986 27764 2966138 314375580 -0.00742281884918
90.2373672122 49088 5219275 550101032 -0.00843636082341
136.817801341 69074 7248222 763488972 0.00383600888553
207.443006619 94730 9960540 1050904750 0.00347501807559
STEP_DONE 
0.050323978983 0 5 352 -1.94514777048
0.0763011640511 0 7 814 -0.783008379967
0.115687744753 0 16 1876 -0.768344588843
0.175405637024 0 36 4198 -0.778032994165
0.265949842531 2 111 9960 0.847393970916
0.403232871773 0 255 22356 -1.36497104919
0.611381256445 8 518 50964 0.579647083749
0.926975618552 12 1099 115414 0.14310859328
1.40547945874 30 2517 261124 0.236180281641
2.13098647839 72 5735 591868 0.298357233914
3.23099945918 148 13145 1339738 0.152922128748
4.89883798472 316 29166 3045638 0.129547238897
7.42761300449 656 66224 6876080 0.0284366369518
11.2617390321 1440 147910 15445100 0.0164319830509
17.0750368861 3104 327801 34311604 -0.00858316841697
25.8891529834 6800 712814 74831682 0.00159863189007
39.2531065478 14282 1503949 157993054 -0.0021541678508
59.5155188986 28102 2972731 312343316 -0.00639444975445
90.2373672122 49936 5245630 546661964 -0.00783161010837
136.817801341 69554 7215763 752735838 0.00551189066561
207.443006619 90462 9525786 1006863820 0.00399767879758
STEP_DONE 
0.050323978983 0 5 348 -1.9814037848
0.0763011640511 0 7 794 -0.82939537022
0.115687744753 0 14 1892 -0.535454465068
0.175405637024 0 34 4144 -0.702508184447
0.265949842531 2 108 9976 0.911657228023
0.403232871773 2 252 22230 -0.383811461359
0.611381256445 8 512 51072 0.605935028064
0.926975618552 12 1110 115288 0.122584484591
1.40547945874 32 2532 260848 0.30635655461
2.13098647839 68 5711 591042 0.233440966889
3.23099945918 152 13147 1338156 0.184063712536
4.89883798472 306 29194 3044002 0.0920054228534
7.42761300449 668 66155 6872024 0.0487881330467
11.2617390321 1460 147664 15434224 0.0330108593483
17.0750368861 3066 327010 34279516 -0.0167007661898
25.8891529834 6748 711065 74777102 -0.00177934422531
39.2531065478 14164 1502301 157903280 -0.00862669304406
59.5155188986 28024 2968498 312114496 -0.00703940142041
90.2373672122 49874 5231793 546148370 -0.00476454987693
136.817801341 69320 7203638 752370262 0.00502428603715
207.443006619 91656 9603147 1009814994 0.00371589803642
STEP_DONE 
0.050323978983 0 5 364 -1.86859148456
0.0763011640511 0 6 800 -0.56625095057
0.115687744753 0 17 1898 -0.870478831029
0.175405637024 0 36 4184 -0.796846214803
0.265949842531 2 113 10002 0.820788445818
0.403232871773 2 247 22424 -0.327870032783
0.611381256445 8 524 51288 0.56703507672
0.926975618552 12 1106 116092 0.137446467439
1.40547945874 32 2540 262982 0.309665010478
2.13098647839 68 5741 595706 0.231972054181
3.23099945918 144 13080 1347876 0.138251031927
4.89883798472 318 29200 3065746 0.141863149309
7.42761300449 674 66172 6924334 0.0655556977499
11.2617390321 1420 147495 15549764 0.014786384725
17.0750368861 2998 327255 34544472 -0.0321489107927
25.8891529834 6720 711439 75365244 0.000798134435526
39.2531065478 14068 1501990 159150030 -0.00712783714303
59.5155188986 28000 2973172 314535720 -0.00344055622644
90.2373672122 49614 5240303 549901198 -0.00639248507471
136.817801341 69118 7215060 756777782 0.00477718381883
207.443006619 92086 9667055 1019037030 0.00415358222581
STEP_DONE 
0.050323978983 0 4 348 -1.3754789272
0.0763011640511 0 6 768 -0.614583333333
0.115687744753 0 17 1890 -0.858906525573
0.175405637024 0 36 4120 -0.805825242718
0.265949842531 2 110 9886 0.860633443478
0.403232871773 2 256 22088 -0.428427703328
0.611381256445 8 511 50774 0.602464953629
0.926975618552 12 1097 114574 0.139595370677
1.40547945874 30 2518 259230 0.228278620016
2.13098647839 70 5759 587736 0.24668747722
3.23099945918 154 13100 1329034 0.200204392397
4.89883798472 302 29226 3024804 0.0692451110515
7.42761300449 660 66120 6831272 0.0312980266828
11.2617390321 1434 147447 15339860 0.0116958911837
17.0750368861 3086 326697 34073008 -0.0144615872417
25.8891529834 6810 710220 74296944 0.00314697555618
39.2531065478 14306 1501071 156833404 -0.00402750367588
59.5155188986 28156 2962875 309894746 -0.00577371159719
90.2373672122 49644 5211901 542097464 -0.00911486032458
136.817801341 69392 7177817 746689978 0.00566074320904
207.443006619 90514 9468718 994259596 0.00390198608766
STEP_DONE 
