#Theta DD DR RR XI factor=112.361837907 jknum= 20
0.050323978983 0 6 424 -2.18091905052
0.0763011640511 0 8 988 -0.820121022158
0.115687744753 0 18 2360 -0.714461454347
0.175405637024 0 41 5154 -0.788161194354
0.265949842531 2 121 12120 0.840359532398
0.403232871773 2 290 27326 -0.461007772133
0.611381256445 10 600 62204 0.862544408631
0.926975618552 12 1251 141334 0.0828735365997
1.40547945874 36 2855 318260 0.412409435637
2.13098647839 74 6521 721312 0.263772678953
3.23099945918 160 14725 1632856 0.210691297242
4.89883798472 354 32905 3707006 0.211008404334
7.42761300449 686 74383 8376366 0.0384159433154
11.2617390321 1532 166616 18811546 0.0378015498966
17.0750368861 3216 368904 41814144 -0.0116035156567
25.8891529834 7280 801783 91201138 0.0321689471784
39.2531065478 15172 1695783 192591712 0.0158831207603
59.5155188986 29982 3351511 380278904 0.0148426514841
90.2373672122 53082 5910171 663787328 0.0087457105182
136.817801341 74342 8172300 914265976 0.0178822799605
207.443006619 97808 10904533 1232537260 0.0136950862959
STEP_DONE 
0.050323978983 0 6 426 -2.18279569892
0.0763011640511 0 7 992 -0.594606312869
0.115687744753 0 17 2404 -0.598017640849
0.175405637024 0 40 5180 -0.745007680492
0.265949842531 2 116 12208 0.944268892517
0.403232871773 2 285 27542 -0.411325646342
0.611381256445 8 596 62828 0.481908977988
0.926975618552 12 1231 142006 0.119891506101
1.40547945874 40 2892 320130 0.553721906326
2.13098647839 74 6560 725510 0.258876177954
3.23099945918 158 14772 1643644 0.196275920271
4.89883798472 354 33027 3731318 0.210995696676
7.42761300449 700 74532 8427544 0.061882067228
11.2617390321 1546 166395 18922806 0.0559236098288
17.0750368861 3252 369047 42068402 0.00448322617397
25.8891529834 7118 800857 91783650 0.0182999482892
39.2531065478 14862 1691040 193768562 0.0070530115814
59.5155188986 29698 3343724 382433126 0.0155975142785
90.2373672122 52600 5891045 667239764 0.0112581203501
136.817801341 73060 8128638 918380178 0.015471157317
207.443006619 97396 10926227 1241375178 0.0126438013343
STEP_DONE 
0.050323978983 0 6 428 -2.18090518541
0.0763011640511 0 7 972 -0.634086408691
0.115687744753 0 17 2408 -0.601901033294
0.175405637024 0 41 5266 -0.766632617849
0.265949842531 2 122 12258 0.841775525548
0.403232871773 2 285 27634 -0.408589436937
0.611381256445 10 592 63146 0.91110607511
0.926975618552 12 1232 142522 0.122315301545
1.40547945874 40 2844 321622 0.594369295654
2.13098647839 70 6530 727844 0.202181546827
3.23099945918 164 14709 1648156 0.255758386229
4.89883798472 348 32947 3743282 0.199480463846
7.42761300449 690 74402 8454878 0.0536973629815
11.2617390321 1514 166519 18986220 0.0363226202368
17.0750368861 3198 368967 42197640 -0.00852782788243
25.8891529834 7174 801655 92002496 0.0265523990399
39.2531065478 14914 1692495 194228874 0.0111126431704
59.5155188986 29516 3342686 383525272 0.0129519598533
90.2373672122 52300 5884422 669417036 0.0110396192654
136.817801341 72356 8111164 921455174 0.0133696467799
207.443006619 96700 10945434 1251366120 0.00995994100378
STEP_DONE 
0.050323978983 0 6 424 -2.20136564212
0.0763011640511 0 7 1000 -0.583608870968
0.115687744753 0 16 2396 -0.510716786041
0.175405637024 0 40 5244 -0.725628060333
0.265949842531 2 121 12246 0.854332800705
0.403232871773 2 288 27592 -0.433901985615
0.611381256445 10 596 62748 0.890305124236
0.926975618552 12 1239 142128 0.108135269662
1.40547945874 40 2854 320582 0.582445176425
2.13098647839 76 6530 725848 0.304452188
3.23099945918 156 14693 1643814 0.19213648066
4.89883798472 352 32890 3731494 0.212952055672
7.42761300449 694 74404 8426104 0.0561847631144
11.2617390321 1514 166184 18922474 0.0369033005186
17.0750368861 3236 368208 42049286 0.00366762341163
25.8891529834 7138 798446 91697204 0.0261239916705
39.2531065478 14774 1683368 193624374 0.00944824733231
59.5155188986 29402 3327872 382261802 0.0146391937813
90.2373672122 52332 5881959 666885810 0.00869463415413
136.817801341 72450 8091952 917531156 0.0151349869167
207.443006619 95760 10822907 1237938796 0.0118923914615
STEP_DONE 
0.050323978983 0 5 432 -1.62519912386
0.0763011640511 0 8 1000 -0.814537634409
0.115687744753 0 15 2378 -0.430722482976
0.175405637024 0 39 5184 -0.706379430506
0.265949842531 2 120 12198 0.877435445757
0.403232871773 2 292 27622 -0.466497776136
0.611381256445 8 585 62998 0.527032982282
0.926975618552 12 1238 142430 0.11211425666
1.40547945874 38 2866 321716 0.498561812466
2.13098647839 74 6547 728022 0.267576502536
3.23099945918 154 14719 1647678 0.175901037897
4.89883798472 352 32984 3741122 0.210374112372
7.42761300449 686 74322 8451416 0.0493295225993
11.2617390321 1534 166028 18977210 0.0552642428644
17.0750368861 3222 367513 42163976 0.00582234873157
25.8891529834 7142 797906 91936314 0.0306126874419
39.2531065478 14834 1687030 194037710 0.0112242956336
59.5155188986 29392 3333571 382566034 0.0117112121346
90.2373672122 52194 5867285 665428818 0.00889853973064
136.817801341 72012 8030830 910805560 0.0169721014005
207.443006619 95058 10780993 1234691146 0.00969146883002
STEP_DONE 
0.050323978983 0 5 434 -1.59882438928
0.0763011640511 0 8 994 -0.815516756453
0.115687744753 0 17 2388 -0.605873228148
0.175405637024 0 39 5162 -0.704289097749
0.265949842531 0 114 12216 -1.10509881277
0.403232871773 2 296 27428 -0.50679480564
0.611381256445 10 591 62618 0.902535438979
0.926975618552 12 1237 141560 0.107207623924
1.40547945874 38 2876 319424 0.482347084607
2.13098647839 80 6493 723580 0.382280630832
3.23099945918 150 14691 1638098 0.141832347241
4.89883798472 354 32822 3717708 0.21979872944
7.42761300449 682 74262 8396474 0.0381787594304
11.2617390321 1528 166190 18841486 0.041977248265
17.0750368861 3240 367790 41846510 0.00235095087436
25.8891529834 7146 797464 91173824 0.0240235336883
39.2531065478 14920 1683333 192193882 0.0118300315186
59.5155188986 29444 3318836 378157024 0.0107582743009
90.2373672122 52122 5797001 655517074 0.0166339339864
136.817801341 71286 7898764 892184536 0.0193367035107
207.443006619 95846 10735371 1217246884 0.0122199451363
STEP_DONE 
0.050323978983 0 5 424 -1.6429676405
0.0763011640511 0 8 984 -0.822143544016
0.115687744753 0 18 2398 -0.682329360489
0.175405637024 0 39 5134 -0.702536536939
0.265949842531 2 118 12150 0.890462154097
0.403232871773 2 286 27382 -0.423696553257
0.611381256445 10 594 62018 0.878246335543
0.926975618552 8 1239 140512 -0.261290020759
1.40547945874 38 2867 317226 0.478718337485
2.13098647839 74 6544 718242 0.251806408973
3.23099945918 148 14637 1625256 0.125100497753
4.89883798472 358 32735 3686746 0.229408155514
7.42761300449 704 74098 8329406 0.0675942626364
11.2617390321 1540 165592 18692950 0.0491607600131
17.0750368861 3256 367335 41518674 0.00189267005493
25.8891529834 7234 796487 90481354 0.0310924429378
39.2531065478 14976 1680234 190757622 0.011762811376
59.5155188986 29466 3304960 375233286 0.0121078625423
90.2373672122 52094 5774061 649261850 0.0143963460069
136.817801341 71686 7877894 879728892 0.0162876978811
207.443006619 95710 10596165 1188630030 0.0132008522833
STEP_DONE 
0.050323978983 0 6 420 -2.20677803379
0.0763011640511 0 7 982 -0.600123458818
0.115687744753 0 17 2392 -0.595345259287
0.175405637024 0 41 5154 -0.785691299377
0.265949842531 2 117 12132 0.911876032838
0.403232871773 2 288 27418 -0.43899091962
0.611381256445 10 594 62216 0.881608107089
0.926975618552 10 1240 141144 -0.0795809435579
1.40547945874 36 2854 318426 0.41226200969
2.13098647839 78 6536 721218 0.328103578859
3.23099945918 154 14681 1633582 0.170203033458
4.89883798472 338 32974 3705042 0.151435084257
7.42761300449 696 74468 8367720 0.0500977801374
11.2617390321 1510 166380 18777084 0.024007402194
17.0750368861 3270 368700 41708800 0.00330618127863
25.8891529834 7270 800210 90890390 0.0313046940679
39.2531065478 15040 1688941 191647762 0.0103599845536
59.5155188986 29772 3324467 377036836 0.0154430924828
90.2373672122 52774 5832463 652763212 0.0127590536876
136.817801341 72522 7942444 884678070 0.0173804196979
207.443006619 95576 10591108 1189711474 0.0136737445779
STEP_DONE 
0.050323978983 0 6 432 -2.11988500597
0.0763011640511 0 8 998 -0.800655073588
0.115687744753 0 18 2388 -0.69320392284
0.175405637024 0 40 5146 -0.746068561447
0.265949842531 2 120 12158 0.858027509466
0.403232871773 2 293 27414 -0.480535097918
0.611381256445 8 592 62438 0.486480046641
0.926975618552 12 1243 141386 0.0958157170833
1.40547945874 40 2850 318830 0.574675203112
2.13098647839 78 6536 721142 0.32851722244
3.23099945918 156 14744 1633082 0.176983701425
4.89883798472 360 32925 3706962 0.229921291058
7.42761300449 694 74498 8370478 0.0466606203082
11.2617390321 1554 166383 18795266 0.0544736731081
17.0750368861 3268 368749 41747956 0.00336714805458
25.8891529834 7256 800092 90967944 0.0305082299899
39.2531065478 15004 1688582 191756310 0.00897220279335
59.5155188986 29856 3330732 377357274 0.0153654106325
90.2373672122 52790 5838133 653355466 0.0120358176576
136.817801341 72672 7957573 887640328 0.0189982042289
207.443006619 96710 10717953 1202281510 0.0122031895225
STEP_DONE 
0.050323978983 0 6 424 -2.16231740718
0.0763011640511 0 8 984 -0.816832765102
0.115687744753 0 17 2392 -0.588209578523
0.175405637024 0 41 5186 -0.766734985424
0.265949842531 2 118 12124 0.884527038398
0.403232871773 2 290 27086 -0.470756411613
0.611381256445 10 593 62016 0.876316076131
0.926975618552 12 1242 140226 0.089090647981
1.40547945874 40 2860 316940 0.559111823111
2.13098647839 80 6541 717268 0.354579570419
3.23099945918 148 14683 1623888 0.117259257185
4.89883798472 352 32902 3686496 0.197614977544
7.42761300449 706 74230 8327364 0.0664548014227
11.2617390321 1546 166109 18694108 0.0468112536291
17.0750368861 3286 367960 41517908 0.00757851903175
25.8891529834 7230 798809 90478342 0.0246794264104
39.2531065478 15118 1688745 190869930 0.0116830044006
59.5155188986 29994 3336783 376056768 0.0129030406339
90.2373672122 53114 5848834 653397456 0.0144957066402
136.817801341 72888 7999940 892295448 0.0162888616518
207.443006619 96594 10692161 1197996098 0.012159490481
STEP_DONE 
0.050323978983 0 6 432 -2.13265382318
0.0763011640511 0 7 984 -0.604530006994
0.115687744753 0 16 2400 -0.503673835125
0.175405637024 0 39 5196 -0.692935322456
0.265949842531 2 122 12158 0.82887091583
0.403232871773 2 292 27494 -0.470294253329
0.611381256445 10 588 62666 0.913177586398
0.926975618552 10 1242 141628 -0.0799504094993
1.40547945874 38 2879 319832 0.48077329996
2.13098647839 74 6561 724050 0.256011622025
3.23099945918 152 14707 1638534 0.155345731677
4.89883798472 346 33009 3720640 0.181679477174
7.42761300449 696 74370 8405400 0.0574771654905
11.2617390321 1540 166067 18875200 0.0532352129767
17.0750368861 3274 368055 41936902 0.0133888491724
25.8891529834 7210 798927 91458778 0.0323537551142
39.2531065478 14930 1688779 193124868 0.0108918881298
59.5155188986 29638 3342528 381111908 0.0108806561406
90.2373672122 52800 5887239 664487402 0.0122526189148
136.817801341 72974 8093094 912168428 0.016300932043
207.443006619 96746 10824872 1226302894 0.0123853122047
STEP_DONE 
0.050323978983 0 6 428 -2.17858757914
0.0763011640511 0 8 998 -0.817549076648
0.115687744753 0 17 2386 -0.615493379841
0.175405637024 0 41 5222 -0.780220057408
0.265949842531 2 121 12256 0.858836015914
0.403232871773 2 292 27632 -0.465783044271
0.611381256445 10 591 62838 0.91285242238
0.926975618552 12 1251 142296 0.0904962924292
1.40547945874 38 2853 321302 0.506739600124
2.13098647839 80 6541 727884 0.375054691083
3.23099945918 156 14720 1647914 0.191350424937
4.89883798472 348 32851 3741266 0.204579062858
7.42761300449 686 74254 8451564 0.0511385378701
11.2617390321 1514 166044 18969620 0.0411116919122
17.0750368861 3228 368225 42152446 0.0035540162896
25.8891529834 7150 799171 91922726 0.0284575622456
39.2531065478 14974 1691028 194052070 0.0159006711666
59.5155188986 29502 3341078 382892744 0.0118016069419
90.2373672122 52296 5890969 668900644 0.00796841708038
136.817801341 73656 8216282 930545430 0.015333169303
207.443006619 101516 11388510 1292803630 0.0118604644404
STEP_DONE 
0.050323978983 0 6 438 -2.083959346
0.0763011640511 0 8 984 -0.830317335431
0.115687744753 0 18 2368 -0.711284873583
0.175405637024 0 42 5150 -0.836003758221
0.265949842531 2 122 12148 0.825139829375
0.403232871773 2 284 27430 -0.407039904432
0.611381256445 10 578 62482 0.945314206787
0.926975618552 12 1257 141670 0.0757538642477
1.40547945874 36 2857 319488 0.414544788311
2.13098647839 76 6551 723286 0.292338372125
3.23099945918 158 14765 1638184 0.192979265299
4.89883798472 352 32987 3720374 0.202709124261
7.42761300449 704 74737 8408560 0.059857312221
11.2617390321 1522 166895 18897388 0.0322473425822
17.0750368861 3276 369839 42036258 0.0067609565346
25.8891529834 7250 806329 91831476 0.0235920542186
39.2531065478 15130 1709548 194373958 0.00624479576433
59.5155188986 30284 3392697 385324568 0.0136289860158
90.2373672122 54180 6020863 677167514 0.0121074736578
136.817801341 76408 8429752 945109526 0.0163746444843
207.443006619 104230 11569622 1297927286 0.0107431819699
STEP_DONE 
0.050323978983 0 6 412 -2.22122611964
0.0763011640511 0 8 978 -0.809332189898
0.115687744753 0 17 2338 -0.608316776585
0.175405637024 0 41 5068 -0.789428821787
0.265949842531 2 122 11984 0.789503786307
0.403232871773 2 290 26900 -0.475191492232
0.611381256445 8 597 61484 0.44375528165
0.926975618552 12 1247 139162 0.0726720458161
1.40547945874 38 2871 314160 0.458086033957
2.13098647839 74 6543 712022 0.238602233502
3.23099945918 158 14759 1611790 0.17358791249
4.89883798472 340 33023 3661844 0.140944545356
7.42761300449 714 74692 8270252 0.058311109448
11.2617390321 1568 166987 18564934 0.0435062849778
17.0750368861 3322 370242 41266860 0.000127352650529
25.8891529834 7358 805521 90018274 0.0204698238594
39.2531065478 15354 1703230 190146186 0.00634991526374
59.5155188986 30502 3368435 375576330 0.00955839488135
90.2373672122 54212 5945665 655655312 0.00551273928769
136.817801341 76068 8247788 906021392 0.0133554654109
207.443006619 103374 11284247 1239464356 0.00637012535909
STEP_DONE 
0.050323978983 0 5 414 -1.62397083268
0.0763011640511 0 7 936 -0.624843477162
0.115687744753 0 18 2256 -0.733495624571
0.175405637024 0 39 5016 -0.689259691568
0.265949842531 2 121 11782 0.771936378405
0.403232871773 2 292 26466 -0.505302040937
0.611381256445 10 589 60360 0.835006769566
0.926975618552 12 1245 136306 0.0544605745539
1.40547945874 38 2854 308652 0.443917998756
2.13098647839 80 6514 698660 0.325590310616
3.23099945918 162 14798 1581036 0.175652658677
4.89883798472 360 32950 3592390 0.189810723785
7.42761300449 716 74600 8112956 0.043697596317
11.2617390321 1556 166652 18222436 0.0206984354714
17.0750368861 3336 369336 40482864 -0.00970083639025
25.8891529834 7404 802174 88302456 0.0157738979097
39.2531065478 15466 1697846 186485354 0.000629662393124
59.5155188986 30652 3362927 368233364 -0.00186864318768
90.2373672122 54588 5937044 642876866 -0.00441906447541
136.817801341 76690 8223192 885663678 0.00459776453032
207.443006619 102396 11012326 1188923446 0.00395960176512
STEP_DONE 
0.050323978983 0 5 432 -1.60172428813
0.0763011640511 0 8 972 -0.850115049338
0.115687744753 0 18 2390 -0.692971386152
0.175405637024 0 38 5180 -0.64903111637
0.265949842531 2 119 12222 0.878510389909
0.403232871773 2 283 27428 -0.398214907673
0.611381256445 8 597 62396 0.468894633374
0.926975618552 10 1253 141370 -0.098786007796
1.40547945874 34 2854 318534 0.334319025988
2.13098647839 76 6510 722530 0.303413508367
3.23099945918 144 14711 1635178 0.09013721568
4.89883798472 356 33005 3714012 0.213254377388
7.42761300449 698 74349 8386674 0.0585855661841
11.2617390321 1522 166077 18832412 0.0385946370005
17.0750368861 3280 368807 41859430 0.00932527718394
25.8891529834 7274 802729 91311432 0.0301797850081
39.2531065478 15118 1697062 192770470 0.0117657661911
59.5155188986 29950 3357349 380706632 0.0114408045676
90.2373672122 53240 5928932 665069654 0.00731730205325
136.817801341 75146 8243181 916686412 0.0141745469094
207.443006619 101018 11097536 1236100874 0.0142456987407
STEP_DONE 
0.050323978983 0 6 430 -2.14793698425
0.0763011640511 0 8 996 -0.812065466166
0.115687744753 0 17 2402 -0.596684662423
0.175405637024 0 40 5214 -0.73074146941
0.265949842531 2 121 12156 0.847836866449
0.403232871773 2 286 27604 -0.415521297282
0.611381256445 10 595 62644 0.888377917249
0.926975618552 10 1234 141946 -0.0648572551916
1.40547945874 34 2856 320594 0.339660336269
2.13098647839 80 6526 726176 0.374321062849
3.23099945918 156 14729 1642856 0.185602881502
4.89883798472 366 32963 3730944 0.25501174415
7.42761300449 698 74542 8429238 0.0585832475867
11.2617390321 1526 166779 18926212 0.0379083228758
17.0750368861 3288 369549 42063176 0.0125741907822
25.8891529834 7190 802616 91740934 0.0234921535379
39.2531065478 15056 1695170 193686402 0.0145915861699
59.5155188986 29748 3352018 382594620 0.0127763406672
90.2373672122 53078 5923746 668304830 0.0108690647023
136.817801341 73852 8177331 920796252 0.0170197690739
207.443006619 98784 11000135 1241705960 0.0136808730115
STEP_DONE 
0.050323978983 0 6 422 -2.18726112215
0.0763011640511 0 8 1000 -0.793365591398
0.115687744753 0 15 2384 -0.410470001624
0.175405637024 0 37 5170 -0.604316413968
0.265949842531 2 119 12156 0.872485847002
0.403232871773 0 287 27280 -1.35839408326
0.611381256445 10 589 62152 0.896941594387
0.926975618552 12 1240 140990 0.097707923275
1.40547945874 40 2852 317838 0.56956118913
2.13098647839 74 6524 719990 0.259964238335
3.23099945918 158 14717 1630308 0.19392756648
4.89883798472 352 33021 3701870 0.194968907436
7.42761300449 700 74534 8360392 0.0533756098057
11.2617390321 1582 166758 18777580 0.0676438194441
17.0750368861 3302 369682 41739366 0.00840775331297
25.8891529834 7286 802623 91055304 0.0292753728764
39.2531065478 15112 1695869 192259454 0.0101387394448
59.5155188986 29894 3347357 379606332 0.0126158311096
90.2373672122 53052 5893531 662999228 0.0125810131744
136.817801341 73970 8152876 914326014 0.0174822771802
207.443006619 97822 10900248 1232085110 0.0142189579083
STEP_DONE 
0.050323978983 0 6 442 -2.07504378923
0.0763011640511 0 7 1008 -0.573112679211
0.115687744753 0 18 2398 -0.700378675778
0.175405637024 0 39 5194 -0.700924298508
0.265949842531 2 119 12236 0.893810041888
0.403232871773 2 280 27566 -0.370180101658
0.611381256445 10 598 62818 0.885760668682
0.926975618552 12 1243 142456 0.104077936932
1.40547945874 40 2863 321472 0.578812650515
2.13098647839 72 6521 727888 0.23955348499
3.23099945918 154 14673 1647504 0.181659207257
4.89883798472 362 32937 3741042 0.246961323339
7.42761300449 708 74526 8454336 0.077457887639
11.2617390321 1538 166646 18982778 0.0507505825658
17.0750368861 3200 369525 42192888 -0.0109716351133
25.8891529834 7164 802078 92033538 0.0243983136285
39.2531065478 14890 1695402 194330632 0.00666107270066
59.5155188986 29812 3356132 383848566 0.0157377424651
90.2373672122 52924 5920389 670096896 0.0118056589898
136.817801341 73504 8172821 922679606 0.0154659173721
207.443006619 98490 11018708 1249559742 0.0136174911722
STEP_DONE 
0.050323978983 0 5 428 -1.62965555514
0.0763011640511 0 7 956 -0.648210887696
0.115687744753 0 18 2400 -0.688238866397
0.175405637024 0 40 5142 -0.751058074831
0.265949842531 2 120 12102 0.861415384416
0.403232871773 2 290 27304 -0.462932121891
0.611381256445 10 586 62318 0.91600539376
0.926975618552 12 1225 140954 0.122141574953
1.40547945874 38 2848 317952 0.497654280668
2.13098647839 76 6552 720532 0.289236312071
3.23099945918 160 14673 1629494 0.216875391591
4.89883798472 346 32969 3702646 0.179404430762
7.42761300449 700 74314 8365588 0.0603366688957
11.2617390321 1542 166186 18781810 0.0482711368616
17.0750368861 3250 368385 41742754 -0.000271245094935
25.8891529834 7252 799769 91023456 0.0314222064233
39.2531065478 15088 1692166 192187906 0.012532569238
59.5155188986 29894 3342377 379506626 0.0153353056525
90.2373672122 52874 5891466 662813126 0.00969438900873
136.817801341 73622 8134954 913279858 0.0161049837135
207.443006619 97410 10862458 1228424248 0.0140230224359
STEP_DONE 
