#Theta DD DR RR XI factor=200.787816564 jknum= 20
0.050323978983 0 9 1196 -2.014449752
0.0763011640511 0 15 2766 -1.17238003337
0.115687744753 0 28 6514 -0.721896313835
0.175405637024 0 58 14766 -0.573482251994
0.265949842531 0 180 32990 -1.18568166316
0.403232871773 2 439 75682 -0.263480299609
0.611381256445 4 868 173524 -0.0790413043067
0.926975618552 10 1942 391510 0.0376616178332
1.40547945874 26 4454 880010 0.1577823546
2.13098647839 72 9941 2000032 0.453120294754
3.23099945918 118 22573 4529632 0.0487997445334
4.89883798472 264 50843 10262086 0.0473643714019
7.42761300449 578 115378 23203724 0.00744294564539
11.2617390321 1280 258463 52114240 -0.00138724587722
17.0750368861 2726 572700 115765706 -0.0370593206847
25.8891529834 6244 1253213 252516022 0.0039156713614
39.2531065478 13310 2654559 532947648 0.00662271622926
59.5155188986 26114 5228196 1053148956 0.00610515516706
90.2373672122 45026 9079563 1839034164 0.00446386433239
136.817801341 62142 12523987 2533564258 0.00378861948229
207.443006619 82314 16722197 3408719196 0.00359526515167
STEP_DONE 
0.050323978983 0 9 1200 -2.0129668349
0.0763011640511 0 13 2748 -0.900464282079
0.115687744753 0 26 6532 -0.599043431461
0.175405637024 0 59 14794 -0.602136390959
0.265949842531 0 175 33046 -1.12741510261
0.403232871773 2 435 76004 -0.23755351467
0.611381256445 4 878 174154 -0.0986360689307
0.926975618552 10 1919 392824 0.0645874861331
1.40547945874 28 4494 882630 0.234484551692
2.13098647839 70 9980 2004684 0.40888565647
3.23099945918 124 22633 4543862 0.100025311947
4.89883798472 262 51042 10293196 0.0348715452297
7.42761300449 588 115704 23269814 0.0219998070724
11.2617390321 1274 258331 52251706 -0.00240847153542
17.0750368861 2724 571880 116084346 -0.0323250933251
25.8891529834 6198 1252926 253232702 -0.000142579565282
39.2531065478 13068 2652729 534398438 -0.00754314904845
59.5155188986 26184 5229078 1055828368 0.0109772439138
90.2373672122 44918 9065754 1843027988 0.00723695873882
136.817801341 61538 12472964 2538982510 0.00436276996882
207.443006619 81714 16701673 3419885142 0.00211017202026
STEP_DONE 
0.050323978983 0 9 1202 -2.01086869157
0.0763011640511 0 14 2760 -1.03973020699
0.115687744753 0 28 6536 -0.722660762333
0.175405637024 0 58 14814 -0.574379503634
0.265949842531 0 175 33132 -1.12394941873
0.403232871773 2 435 75958 -0.238472510548
0.611381256445 4 867 174412 -0.071815214492
0.926975618552 10 1952 393248 0.0319414031834
1.40547945874 28 4452 882976 0.254411387236
2.13098647839 72 9966 2006666 0.453358478558
3.23099945918 124 22585 4546392 0.104967411225
4.89883798472 268 50964 10296870 0.061878445394
7.42761300449 594 115597 23279010 0.0346948189166
11.2617390321 1282 258755 52278262 0.00100828922906
17.0750368861 2762 572994 116128182 -0.0226468956198
25.8891529834 6232 1254542 253226276 0.00268226486213
39.2531065478 13068 2648712 534152840 -0.00500170854619
59.5155188986 26008 5216574 1055354750 0.00856830897175
90.2373672122 44566 9034938 1843179248 0.00631309673278
136.817801341 60958 12413177 2537552398 0.00401986707724
207.443006619 80894 16621282 3421236330 0.002232230559
STEP_DONE 
0.050323978983 0 8 1210 -1.67406793901
0.0763011640511 0 14 2772 -1.04269078674
0.115687744753 0 28 6562 -0.72579666591
0.175405637024 0 55 14864 -0.496562343086
0.265949842531 0 169 33388 -1.04721813544
0.403232871773 2 438 76380 -0.248485099154
0.611381256445 2 863 175110 -0.526193373181
0.926975618552 10 1950 394946 0.0385323735878
1.40547945874 26 4462 888112 0.165212299125
2.13098647839 74 9941 2017826 0.507193802099
3.23099945918 114 22519 4569734 0.0271241839323
4.89883798472 260 50754 10350948 0.0440718016748
7.42761300449 570 115246 23398258 0.00415138678738
11.2617390321 1256 257655 52547366 -0.00565491566271
17.0750368861 2734 570926 116742572 -0.0202300131684
25.8891529834 6080 1249043 254646844 -0.0074116438197
39.2531065478 12986 2643397 537194980 -0.00161050618602
59.5155188986 25722 5204745 1060985332 0.00737628306183
90.2373672122 44294 9033572 1850686064 0.00457052131639
136.817801341 60764 12407085 2542362572 0.00364129538133
207.443006619 81498 16671445 3427757758 0.00520689803218
STEP_DONE 
0.050323978983 0 8 1202 -1.65314118382
0.0763011640511 0 15 2738 -1.18389954092
0.115687744753 0 26 6496 -0.595519709761
0.175405637024 0 57 14570 -0.559517116236
0.265949842531 0 171 32788 -1.07900735485
0.403232871773 2 442 75262 -0.2853992067
0.611381256445 4 865 172614 -0.0770237373264
0.926975618552 10 1947 389092 0.0262773026976
1.40547945874 28 4472 874732 0.233676974157
2.13098647839 76 9906 1988558 0.532528734677
3.23099945918 124 22578 4502676 0.0951655375464
4.89883798472 272 50892 10193708 0.0698709924572
7.42761300449 578 115221 23042084 0.0031870341837
11.2617390321 1296 257806 51718380 0.00840476057711
17.0750368861 2744 570403 114810916 -0.0310031941814
25.8891529834 6212 1248803 250265806 -0.00305177367944
39.2531065478 13150 2639914 527550940 -0.00453983058219
59.5155188986 25986 5185493 1039688186 0.00473903011739
90.2373672122 44406 8928497 1805635970 0.00584971547951
136.817801341 60574 12170242 2462000144 0.00689166899889
207.443006619 80214 16252991 3301196140 0.00269119338335
STEP_DONE 
0.050323978983 0 9 1206 -1.98740974292
0.0763011640511 0 15 2720 -1.20760793503
0.115687744753 0 26 6538 -0.591944867596
0.175405637024 0 58 14734 -0.575821129496
0.265949842531 0 171 33094 -1.06845672476
0.403232871773 2 447 75608 -0.306933890673
0.611381256445 4 856 173152 -0.0535103539145
0.926975618552 8 1930 390968 -0.156368457296
1.40547945874 28 4469 877792 0.239859307841
2.13098647839 74 9924 1995998 0.494953170696
3.23099945918 114 22501 4518808 0.0173728003473
4.89883798472 258 50707 10230134 0.0261599447129
7.42761300449 578 114992 23124964 0.0107402716196
11.2617390321 1288 256878 51891874 0.0127367041088
17.0750368861 2706 568578 115184878 -0.0348554650738
25.8891529834 6162 1244037 250929664 -0.00083141406401
39.2531065478 13084 2630531 528565498 -0.000550316363815
59.5155188986 25966 5175941 1040395756 0.00832893826119
90.2373672122 44776 8948615 1800666962 0.00681087549509
136.817801341 61358 12222286 2441079842 0.00266372873233
207.443006619 81556 16410531 3304910798 0.000880300026569
STEP_DONE 
0.050323978983 0 8 1178 -1.69293696133
0.0763011640511 0 13 2722 -0.893811380686
0.115687744753 0 28 6512 -0.705002931751
0.175405637024 0 58 14536 -0.582211620682
0.265949842531 0 174 32728 -1.10819739534
0.403232871773 2 438 74940 -0.268512483883
0.611381256445 4 865 171598 -0.0825462210591
0.926975618552 8 1951 387498 -0.184934530533
1.40547945874 22 4470 870550 -0.0426643067656
2.13098647839 74 9948 1978956 0.47659765144
3.23099945918 118 22595 4482430 0.0359853545206
4.89883798472 264 50791 10144936 0.0376904472842
7.42761300449 596 115333 22929848 0.027258692712
11.2617390321 1294 257700 51464886 0.00281664960521
17.0750368861 2776 571278 114236024 -0.0277594809513
25.8891529834 6248 1249928 248911344 -0.00449945501363
39.2531065478 13294 2644204 524294940 -0.00312292195213
59.5155188986 26230 5193424 1031564036 0.00319029224962
90.2373672122 45238 8967360 1784909444 0.00411404442159
136.817801341 60930 12140663 2415374816 -0.00151719306853
207.443006619 81346 16161111 3220892352 0.00315365686437
STEP_DONE 
0.050323978983 0 9 1216 -1.95480590445
0.0763011640511 0 14 2762 -1.02359866914
0.115687744753 0 29 6576 -0.760581836553
0.175405637024 0 56 14672 -0.523767591099
0.265949842531 0 176 32932 -1.1336077724
0.403232871773 2 439 75580 -0.264482119152
0.611381256445 4 871 173058 -0.0883318157435
0.926975618552 10 1941 390696 0.0364782153515
1.40547945874 28 4477 877256 0.234358299953
2.13098647839 78 9929 1993278 0.570570980528
3.23099945918 124 22590 4515532 0.0969636421091
4.89883798472 260 50819 10225616 0.0290585959828
7.42761300449 596 115633 23111728 0.0301085277603
11.2617390321 1264 258099 51873420 -0.0154587008898
17.0750368861 2750 571404 115146496 -0.0295115393935
25.8891529834 6208 1250017 250890520 -0.00314419002971
39.2531065478 13208 2649242 528618844 -0.00520238185253
59.5155188986 26232 5210849 1040737938 0.00543343163767
90.2373672122 45030 8973821 1802314794 0.00775017104163
136.817801341 61368 12239836 2446775022 0.00226571334179
207.443006619 82218 16456984 3295003552 0.000289096752226
STEP_DONE 
0.050323978983 0 9 1176 -2.03163853862
0.0763011640511 0 13 2714 -0.897473592826
0.115687744753 0 27 6560 -0.630429994549
0.175405637024 0 57 14614 -0.545069374272
0.265949842531 0 173 32768 -1.0914062412
0.403232871773 2 445 74654 -0.31029230885
0.611381256445 4 864 172094 -0.0769558345315
0.926975618552 10 1950 387306 0.0184610308903
1.40547945874 28 4464 870790 0.230713440041
2.13098647839 74 9959 1977108 0.472948202708
3.23099945918 120 22551 4480398 0.0568799176502
4.89883798472 270 50843 10147562 0.0590453312637
7.42761300449 576 115440 22935586 -0.00860383863292
11.2617390321 1286 258031 51486920 -0.00538899139273
17.0750368861 2762 571604 114314144 -0.0329171486082
25.8891529834 6240 1252219 249155074 -0.00839999478177
39.2531065478 13382 2655149 525262168 -0.00295012136262
59.5155188986 26396 5221029 1035447238 0.00265525650035
90.2373672122 45124 8972865 1799656732 0.00857860987171
136.817801341 61068 12230285 2458136726 0.00367570942305
207.443006619 80848 16271114 3286018700 0.00370893032173
STEP_DONE 
0.050323978983 0 8 1230 -1.6352764638
0.0763011640511 0 14 2798 -1.02731686502
0.115687744753 0 28 6630 -0.711141052284
0.175405637024 0 53 14996 -0.431995804505
0.265949842531 0 179 33422 -1.17001084254
0.403232871773 2 445 76446 -0.284821117609
0.611381256445 4 867 175620 -0.0654815733876
0.926975618552 8 1967 395940 -0.183626895632
1.40547945874 26 4455 890212 0.171015936488
2.13098647839 68 9930 2023080 0.390752089624
3.23099945918 122 22588 4582452 0.09546052265
4.89883798472 264 50945 10377514 0.0550110546455
7.42761300449 574 115277 23463184 0.013372323679
11.2617390321 1236 257909 52677962 -0.020744396304
17.0750368861 2730 571283 117003178 -0.0207050879286
25.8891529834 6110 1249663 255169258 -0.00156043827195
39.2531065478 12940 2647729 538450668 -0.00606065104791
59.5155188986 25722 5221112 1063495000 0.00348421088049
90.2373672122 44454 9046630 1855048222 0.0075725681013
136.817801341 60326 12396269 2549973216 0.00125352044473
207.443006619 81162 16706688 3450031280 0.00345659491741
STEP_DONE 
0.050323978983 0 9 1208 -2.01979592909
0.0763011640511 0 15 2764 -1.19965839504
0.115687744753 0 28 6576 -0.725830925679
0.175405637024 0 58 14912 -0.576500521396
0.265949842531 0 174 33452 -1.10828432755
0.403232871773 2 448 76618 -0.297885191127
0.611381256445 4 872 175426 -0.0782607245294
0.926975618552 10 1943 395908 0.0481988417721
1.40547945874 28 4453 890268 0.264384096833
2.13098647839 76 9928 2023762 0.554001483949
3.23099945918 122 22594 4583058 0.0951192565552
4.89883798472 258 50774 10380920 0.0382957822396
7.42761300449 566 115319 23470202 -0.00105105915141
11.2617390321 1238 257689 52690270 -0.0172758493267
17.0750368861 2700 570731 117031278 -0.0290998650724
25.8891529834 6066 1250106 255204024 -0.00921565633636
39.2531065478 13050 2651916 538429574 -0.000868283085571
59.5155188986 25808 5223729 1063516618 0.00582701111233
90.2373672122 44208 9060779 1862080644 0.00281160329408
136.817801341 61138 12579189 2593219320 0.00216917702779
207.443006619 84858 17461477 3600092062 0.00217065426653
STEP_DONE 
0.050323978983 0 8 1238 -1.60910625203
0.0763011640511 0 15 2764 -1.19116783196
0.115687744753 0 29 6578 -0.780026844414
0.175405637024 0 57 14872 -0.547490181052
0.265949842531 0 177 33360 -1.14224751417
0.403232871773 2 432 76204 -0.219269702324
0.611381256445 4 874 174868 -0.0857563917748
0.926975618552 10 1941 395034 0.0478215069545
1.40547945874 26 4476 887580 0.157724949081
2.13098647839 74 9937 2017978 0.506308981767
3.23099945918 124 22631 4573022 0.106978222697
4.89883798472 260 51052 10358180 0.0330040860295
7.42761300449 560 115799 23435584 -0.0211779983105
11.2617390321 1270 258893 52656818 -0.00217044958332
17.0750368861 2750 573488 117060440 -0.020616191839
25.8891529834 6204 1259224 255734806 0.000617298208859
39.2531065478 13178 2675297 540988206 -0.00390630760788
59.5155188986 26266 5299800 1073361574 0.0037258556731
90.2373672122 45594 9239606 1887080356 0.0077924086109
136.817801341 62848 12844142 2633581302 0.00343049228722
207.443006619 85928 17622465 3617737612 0.00125297253258
STEP_DONE 
0.050323978983 0 8 1202 -1.68467718427
0.0763011640511 0 14 2778 -1.03283601768
0.115687744753 0 27 6616 -0.64617052105
0.175405637024 0 60 14842 -0.630667350502
0.265949842531 0 171 33270 -1.07324135035
0.403232871773 2 442 76198 -0.272158949846
0.611381256445 2 873 174952 -0.547793803956
0.926975618552 10 1959 394572 0.0282298824526
1.40547945874 28 4489 886946 0.242599605612
2.13098647839 74 9941 2016546 0.504201055997
3.23099945918 122 22685 4568948 0.0834063358486
4.89883798472 248 51012 10349376 -0.0134772417696
7.42761300449 584 115701 23396720 0.0205878200226
11.2617390321 1276 258347 52529342 0.00425584476152
17.0750368861 2774 572269 116696386 -0.0111592458496
25.8891529834 6142 1253855 254583474 -0.00529065100641
39.2531065478 13076 2656169 537473094 -0.00382437342072
59.5155188986 25952 5231610 1062464014 0.00737420442742
90.2373672122 44550 9071491 1855948378 0.00481371335099
136.817801341 61312 12518569 2568369366 0.00495728356891
207.443006619 83258 17152541 3529425828 -0.000771611484843
STEP_DONE 
0.050323978983 0 8 1208 -1.67456084646
0.0763011640511 0 15 2778 -1.18066246121
0.115687744753 0 29 6610 -0.771845982851
0.175405637024 0 56 14932 -0.514605311925
0.265949842531 0 176 33382 -1.12926514455
0.403232871773 2 444 76492 -0.278072707316
0.611381256445 4 866 175086 -0.0659891934487
0.926975618552 10 1932 395144 0.0573047153711
1.40547945874 22 4460 888114 -0.0180558229854
2.13098647839 76 9959 2019696 0.542954129137
3.23099945918 122 22562 4576058 0.0958913538881
4.89883798472 250 50993 10369382 -0.00296247982977
7.42761300449 572 115625 23445604 0.00311385886553
11.2617390321 1262 258397 52644666 -0.00479776854357
17.0750368861 2732 572433 116926332 -0.0244354856762
25.8891529834 6218 1254442 255007548 0.00757647295364
39.2531065478 13092 2658263 538015466 -0.00318730545871
59.5155188986 25986 5241838 1063102550 0.00539161094658
90.2373672122 45004 9111464 1855966734 0.00607857749308
136.817801341 61782 12542065 2556978882 0.00428100292039
207.443006619 82338 16860642 3459510852 0.00218641255269
STEP_DONE 
0.050323978983 0 9 1206 -1.97484100765
0.0763011640511 0 14 2740 -1.03678895268
0.115687744753 0 29 6452 -0.79172848043
0.175405637024 0 55 14710 -0.490453992277
0.265949842531 0 175 32948 -1.11727636365
0.403232871773 2 446 75240 -0.306964111277
0.611381256445 4 871 172932 -0.0888716771301
0.926975618552 10 1926 389622 0.0490866137569
1.40547945874 26 4450 876352 0.154430804484
2.13098647839 78 9953 1990948 0.56357117821
3.23099945918 118 22607 4511014 0.0414336484527
4.89883798472 264 50969 10219648 0.0381286373166
7.42761300449 594 115550 23102050 0.0276110782254
11.2617390321 1286 258393 51872280 -0.000822779713988
17.0750368861 2762 572173 115209390 -0.0273536446737
25.8891529834 6242 1253070 251292888 -0.000978036118907
39.2531065478 13266 2657879 530350210 -0.00405154371664
59.5155188986 26236 5235279 1047868838 0.00304735154671
90.2373672122 44924 9048584 1829913180 0.0041248770925
136.817801341 61614 12422707 2521335336 0.00673393366456
207.443006619 81720 16583724 3390365796 0.00768157491927
STEP_DONE 
0.050323978983 0 8 1238 -1.62434118802
0.0763011640511 0 15 2774 -1.1960172973
0.115687744753 0 28 6646 -0.710994638534
0.175405637024 0 56 14924 -0.523890427191
0.265949842531 0 178 33524 -1.15632950109
0.403232871773 2 435 76770 -0.226981637952
0.611381256445 4 869 176114 -0.0674031814181
0.926975618552 10 1962 396950 0.0314295917029
1.40547945874 24 4442 892130 0.0871445925547
2.13098647839 72 9905 2028956 0.480604056924
3.23099945918 122 22598 4595244 0.0975372876781
4.89883798472 268 51019 10410510 0.0711976913818
7.42761300449 576 115464 23532168 0.0165875476478
11.2617390321 1262 257827 52836714 0.00311379388837
17.0750368861 2726 571579 117361864 -0.0201563990054
25.8891529834 6110 1252510 255964090 -0.00300581918284
39.2531065478 12942 2652069 539986580 -0.00635092356396
59.5155188986 25760 5229038 1066922098 0.00513310777786
90.2373672122 44350 9071218 1863899908 0.00461223227422
136.817801341 61458 12532673 2569320706 0.00532116414753
207.443006619 83162 17007696 3496067140 0.00513462998326
STEP_DONE 
0.050323978983 0 9 1220 -1.95847861288
0.0763011640511 0 15 2754 -1.18430398676
0.115687744753 0 27 6530 -0.658197813651
0.175405637024 0 57 14784 -0.546210638676
0.265949842531 0 176 33090 -1.13305304643
0.403232871773 2 431 76022 -0.21585390583
0.611381256445 4 869 173856 -0.0794597755713
0.926975618552 8 1938 392202 -0.161515647236
1.40547945874 26 4453 881372 0.159926286048
2.13098647839 76 9937 2004818 0.536458965047
3.23099945918 124 22560 4539668 0.105299993131
4.89883798472 276 50874 10285888 0.0953591638347
7.42761300449 588 115681 23258352 0.0218460352534
11.2617390321 1262 258603 52229462 -0.0141268534684
17.0750368861 2770 572566 116008454 -0.0192785519637
25.8891529834 6198 1252521 253043138 -0.000225283941282
39.2531065478 13132 2652257 533954786 -0.00316753477586
59.5155188986 26118 5229227 1055393846 0.00798208370966
90.2373672122 44990 9078934 1844360664 0.00667719773808
136.817801341 61496 12472400 2541622220 0.00485476282825
207.443006619 81470 16661291 3418119976 0.00352363403764
STEP_DONE 
0.050323978983 0 8 1200 -1.66647440519
0.0763011640511 0 14 2768 -1.02297552417
0.115687744753 0 27 6498 -0.661930030936
0.175405637024 0 56 14708 -0.522870886837
0.265949842531 0 176 32946 -1.1366759029
0.403232871773 0 441 75660 -1.33131485466
0.611381256445 4 861 173180 -0.0647779187885
0.926975618552 10 1925 390980 0.0536545069764
1.40547945874 28 4450 878830 0.248963782207
2.13098647839 74 9944 1998188 0.490668531754
3.23099945918 124 22567 4526612 0.101565503693
4.89883798472 274 50852 10252952 0.0850524024423
7.42761300449 586 115414 23178706 0.0195461565022
11.2617390321 1290 257961 52061220 0.00915881616862
17.0750368861 2758 571379 115652772 -0.0222930844717
25.8891529834 6196 1249282 252265148 0.00155645775267
39.2531065478 13098 2643186 532370580 -0.00184671563692
59.5155188986 25936 5209536 1051870384 0.00522558066964
90.2373672122 44946 9055518 1837693206 0.00725253152233
136.817801341 61932 12496071 2534487536 0.00526430353827
207.443006619 82160 16713264 3410681356 0.00345499426299
STEP_DONE 
0.050323978983 0 9 1226 -1.95727396437
0.0763011640511 0 14 2772 -1.03457793508
0.115687744753 0 25 6566 -0.533835025687
0.175405637024 0 56 14796 -0.524695873493
0.265949842531 0 172 33190 -1.08766454225
0.403232871773 2 430 76134 -0.209464127056
0.611381256445 4 871 174524 -0.0806192526021
0.926975618552 8 1959 393816 -0.17975314472
1.40547945874 28 4453 885054 0.256679899438
2.13098647839 72 9927 2012396 0.464358866536
3.23099945918 124 22510 4557324 0.114122562847
4.89883798472 266 50865 10322684 0.0604367246977
7.42761300449 592 115596 23346192 0.0341371523945
11.2617390321 1264 258437 52421522 -0.00775946655205
17.0750368861 2724 572851 116448730 -0.0326838915472
25.8891529834 6212 1252598 253988804 0.00556386243545
39.2531065478 13072 2652530 535928368 -0.00426491423788
59.5155188986 25948 5231477 1059419324 0.00441929146974
90.2373672122 44944 9082153 1850555980 0.00825702830041
136.817801341 61656 12514854 2549368414 0.00363577988019
207.443006619 82488 16814949 3440977204 0.00400507590153
STEP_DONE 
0.050323978983 0 9 1222 -1.95423130613
0.0763011640511 0 14 2696 -1.08296196774
0.115687744753 0 28 6530 -0.719958794803
0.175405637024 0 57 14740 -0.551138454676
0.265949842531 0 175 33160 -1.11688233754
0.403232871773 2 437 75848 -0.250405752932
0.611381256445 4 874 173774 -0.091541606321
0.926975618552 10 1946 392274 0.0355301501636
1.40547945874 26 4459 881264 0.157162086702
2.13098647839 76 9995 2002746 0.524576748894
3.23099945918 126 22654 4536846 0.11420584192
4.89883798472 264 51018 10279724 0.0422774606486
7.42761300449 588 115819 23242902 0.0188220440821
11.2617390321 1284 258806 52195174 0.000592608023172
17.0750368861 2770 573857 115939738 -0.0243610535152
25.8891529834 6228 1256044 252862272 -0.00176010818801
39.2531065478 13292 2661952 533590970 0.000918973749798
59.5155188986 26226 5243146 1054523906 0.00598944561093
90.2373672122 45132 9090730 1842179210 0.00603055028281
136.817801341 61910 12517833 2539364292 0.00334669550506
207.443006619 82056 16715661 3417789118 0.00393521144435
STEP_DONE 
