#Theta DD DR RR XI factor=200.787816564 
0.050323978983 0 9 1274 -1.83687652916
0.0763011640511 0 15 2902 -1.07568383767
0.115687744753 0 29 6902 -0.687292576168
0.175405637024 0 60 15570 -0.547497622844
0.265949842531 0 184 34902 -1.11706826244
0.403232871773 2 463 79948 -0.317081397623
0.611381256445 4 915 183314 -0.124729781631
0.926975618552 10 2049 413576 -0.0147373142394
1.40547945874 28 4704 929514 0.182184610045
2.13098647839 78 10481 2113066 0.496330960352
3.23099945918 128 23815 4787384 0.0802684616412
4.89883798472 278 53684 10846716 0.0457564718341
7.42761300449 614 121861 24533352 0.0142994158173
11.2617390321 1344 272578 55122880 -0.00278357338586
17.0750368861 2900 604403 122561080 -0.0264094464238
25.8891529834 6550 1325329 267724540 -0.00159547417794
39.2531065478 13948 2814292 566301910 -0.00269315467807
59.5155188986 27768 5568085 1123151204 0.00590447241374
90.2373672122 48170 9720826 1973443116 0.00598233966345
136.817801341 66966 13553878 2753602792 0.00380591755257
207.443006619 91118 18552428 3788109730 0.00300861679275
