#Theta DD DR RR XI factor=161.359185919 jknum= 20
0.050323978983 0 12 1196 -2.22404153587
0.0763011640511 0 22 2766 -1.55576587406
0.115687744753 0 36 6508 -0.777483256099
0.175405637024 0 74 14744 -0.61274966139
0.265949842531 0 227 32962 -1.21290547867
0.403232871773 2 519 75618 -0.522702020584
0.611381256445 10 1120 173364 0.413041726209
0.926975618552 16 2433 391102 0.0570641752666
1.40547945874 46 5531 878986 0.32892211308
2.13098647839 106 12456 1997600 0.366096708772
3.23099945918 206 28341 4524206 0.162441290762
4.89883798472 472 63530 10249674 0.197023139176
7.42761300449 896 143707 23175258 0.00546067675027
11.2617390321 2064 321951 52050082 0.0360440168302
17.0750368861 4160 710992 115623788 -0.0471889162047
25.8891529834 9622 1548289 252214982 0.0122050464418
39.2531065478 20268 3272244 532307932 0.00755308915503
59.5155188986 39794 6464299 1051915790 0.00185831485485
90.2373672122 70158 11344438 1836810726 0.00136538275531
136.817801341 97566 15634529 2530503854 0.00994087393449
207.443006619 129694 20875050 3402965450 0.0126384740511
STEP_DONE 
0.050323978983 0 11 1202 -1.95631484681
0.0763011640511 0 20 2752 -1.347707747
0.115687744753 0 36 6534 -0.779859977891
0.175405637024 0 72 14814 -0.570083042465
0.265949842531 0 223 33084 -1.17745564851
0.403232871773 2 516 76118 -0.504402429144
0.611381256445 10 1121 174358 0.419364356367
0.926975618552 16 2411 393306 0.0810481440086
1.40547945874 50 5596 883778 0.430530125791
2.13098647839 106 12459 2007478 0.372680210384
3.23099945918 206 28394 4549778 0.16521178815
4.89883798472 452 63679 10306718 0.14825221001
7.42761300449 912 143998 23300458 0.024731837509
11.2617390321 2074 321881 52320390 0.0467885898707
17.0750368861 4166 710889 116233560 -0.0406649272722
25.8891529834 9460 1549138 253544986 -0.000352797827555
39.2531065478 20092 3275143 535060652 0.00230383171336
59.5155188986 39750 6470245 1057185218 0.0038434923635
90.2373672122 69836 11318511 1845334784 0.0059252085291
136.817801341 96346 15578054 2542103908 0.00917042059458
207.443006619 129144 20901657 3426561324 0.0127504705432
STEP_DONE 
0.050323978983 0 11 1200 -1.9477388535
0.0763011640511 0 20 2750 -1.3387019003
0.115687744753 0 37 6504 -0.82935822844
0.175405637024 0 73 14754 -0.5910749847
0.265949842531 0 225 33012 -1.19173603661
0.403232871773 2 521 75660 -0.530989148106
0.611381256445 10 1112 173598 0.429331395693
0.926975618552 16 2428 391526 0.0622776471586
1.40547945874 50 5502 879150 0.45779048604
2.13098647839 100 12493 1998104 0.283227014856
3.23099945918 208 28373 4527202 0.172398277697
4.89883798472 474 63586 10253598 0.200907813298
7.42761300449 910 144157 23179128 0.0150013208285
11.2617390321 2072 322101 52051402 0.0391605848077
17.0750368861 4218 710885 115614312 -0.0340966957491
25.8891529834 9562 1546941 252078570 0.00723506563541
39.2531065478 20108 3260550 531769612 0.00583490962174
59.5155188986 39518 6435066 1050752866 0.00289377589869
90.2373672122 69534 11266435 1835118012 0.00531331926513
136.817801341 95802 15488129 2526587830 0.0089946438356
207.443006619 127804 20696307 3397808156 0.0136741128677
STEP_DONE 
0.050323978983 0 11 1208 -1.95250347998
0.0763011640511 0 21 2780 -1.44928411642
0.115687744753 0 36 6546 -0.783163504952
0.175405637024 0 70 14836 -0.529839544275
0.265949842531 0 219 33338 -1.12994917249
0.403232871773 2 519 76228 -0.518005083702
0.611381256445 8 1106 174792 0.151296632469
0.926975618552 16 2436 394238 0.0631989905402
1.40547945874 48 5542 886822 0.396313617494
2.13098647839 102 12466 2014684 0.324397048828
3.23099945918 206 28314 4561668 0.174367268209
4.89883798472 456 63492 10332034 0.167476489354
7.42761300449 888 143740 23357458 0.00387072548982
11.2617390321 2036 321397 52451796 0.0334400990922
17.0750368861 4164 709297 116521158 -0.0344939915753
25.8891529834 9378 1542614 254147216 0.00177483070752
39.2531065478 19950 3258074 536139524 0.00762000840429
59.5155188986 39234 6434147 1058646206 0.00342094195482
90.2373672122 69138 11285092 1845802920 0.00209748977487
136.817801341 95966 15506742 2533872068 0.0111411356152
207.443006619 127820 20739140 3410628656 0.0133844794128
STEP_DONE 
0.050323978983 0 11 1204 -1.9321370379
0.0763011640511 0 22 2738 -1.5787384906
0.115687744753 0 34 6512 -0.675647221681
0.175405637024 0 70 14600 -0.538732936203
0.265949842531 0 218 32864 -1.12889448695
0.403232871773 2 528 75422 -0.563922905254
0.611381256445 10 1112 173002 0.425548973929
0.926975618552 16 2428 390150 0.058738993365
1.40547945874 48 5557 876544 0.375452977585
2.13098647839 110 12375 1992550 0.428327143884
3.23099945918 202 28274 4512778 0.14184791878
4.89883798472 470 63438 10216380 0.191783087409
7.42761300449 904 143705 23095688 0.0109787067847
11.2617390321 2058 320892 51834200 0.0355336701194
17.0750368861 4172 708441 115065342 -0.0423233925421
25.8891529834 9538 1540744 250792298 0.00763733316433
39.2531065478 20060 3252345 528648524 0.00264545790819
59.5155188986 39428 6409353 1041854008 0.000126782712444
90.2373672122 69180 11154029 1808473110 0.00559987435069
136.817801341 94736 15190658 2464472734 0.0116429479659
207.443006619 126706 20376260 3314572384 0.011396299283
STEP_DONE 
0.050323978983 0 11 1204 -1.93709926572
0.0763011640511 0 20 2726 -1.35861236305
0.115687744753 0 36 6560 -0.764213283997
0.175405637024 0 74 14712 -0.61700897337
0.265949842531 0 215 33112 -1.08739900921
0.403232871773 2 530 75608 -0.570064915706
0.611381256445 10 1104 173122 0.442352703218
0.926975618552 14 2421 390734 -0.0661473532721
1.40547945874 50 5565 877726 0.433568533351
2.13098647839 104 12451 1996038 0.340860158437
3.23099945918 198 28264 4517940 0.121165854726
4.89883798472 470 63312 10228314 0.197325944974
7.42761300449 902 143463 23120104 0.013187854403
11.2617390321 2058 320306 51884482 0.0402000461013
17.0750368861 4196 707330 115182058 -0.0329638368684
25.8891529834 9500 1536862 250946578 0.00928881206562
39.2531065478 20012 3242980 528611970 0.00589428493354
59.5155188986 39398 6399273 1040376114 0.00103590048357
90.2373672122 69320 11153960 1800641154 0.00328274284466
136.817801341 95052 15160677 2440528038 0.00924596066728
207.443006619 126994 20364547 3300737980 0.0106435217822
STEP_DONE 
0.050323978983 0 12 1184 -2.24158828777
0.0763011640511 0 18 2726 -1.11190784999
0.115687744753 0 37 6534 -0.81113533964
0.175405637024 0 74 14614 -0.619537198468
0.265949842531 0 221 32848 -1.15184830566
0.403232871773 2 512 75278 -0.495903653017
0.611381256445 10 1105 172398 0.433399683481
0.926975618552 12 2436 389260 -0.21316257236
1.40547945874 44 5537 874600 0.261736645345
2.13098647839 110 12492 1988056 0.405311849029
3.23099945918 204 28274 4502806 0.150309482646
4.89883798472 464 63525 10191950 0.170782181226
7.42761300449 910 143680 23032810 0.0152348997422
11.2617390321 2060 321219 51694984 0.0317158277286
17.0750368861 4218 709030 114745862 -0.0362307929349
25.8891529834 9572 1541421 250060088 0.0073992156998
39.2531065478 20150 3254230 526812420 0.00247505656934
59.5155188986 39654 6409681 1036687586 0.00071665833797
90.2373672122 69770 11182418 1794400454 0.00119387907884
136.817801341 95396 15160065 2429496252 0.00839549389905
207.443006619 126730 20183165 3249265922 0.0107490978079
STEP_DONE 
0.050323978983 0 12 1214 -2.15923948453
0.0763011640511 0 21 2758 -1.43357660801
0.115687744753 0 38 6564 -0.850269600604
0.175405637024 0 72 14630 -0.572925523262
0.265949842531 0 224 32842 -1.17990923326
0.403232871773 2 527 75348 -0.557561415156
0.611381256445 8 1109 172514 0.129656538526
0.926975618552 16 2431 389540 0.0543468299591
1.40547945874 50 5541 874510 0.435023298409
2.13098647839 108 12431 1986922 0.388497224746
3.23099945918 204 28336 4500814 0.14531194504
4.89883798472 472 63490 10192770 0.191752879631
7.42761300449 904 143979 23036458 0.0045733789761
11.2617390321 2066 321373 51699264 0.0337721875325
17.0750368861 4206 709396 114753894 -0.0397794421475
25.8891529834 9570 1542229 250043192 0.00610526808032
39.2531065478 20190 3256089 526746582 0.0031759038501
59.5155188986 39816 6421166 1036992326 0.00147549040731
90.2373672122 69748 11191280 1795819376 9.66491801154e-05
136.817801341 95886 15216778 2437909688 0.00950699784982
207.443006619 128160 20401522 3276307398 0.00875394639726
STEP_DONE 
0.050323978983 0 12 1178 -2.24942808859
0.0763011640511 0 20 2720 -1.34548179434
0.115687744753 0 36 6568 -0.748398121968
0.175405637024 0 72 14662 -0.566427344848
0.265949842531 0 220 32846 -1.13654068339
0.403232871773 2 528 74792 -0.57167176192
0.611381256445 10 1105 172550 0.431471499847
0.926975618552 16 2435 388300 0.0478426658505
1.40547945874 50 5553 872894 0.427846269788
2.13098647839 110 12468 1982100 0.405207613775
3.23099945918 198 28305 4491670 0.11120520588
4.89883798472 470 63562 10173040 0.182198679563
7.42761300449 910 143953 22994514 0.00974655486597
11.2617390321 2084 321983 51623358 0.0373495916703
17.0750368861 4254 710848 114628130 -0.0341023638495
25.8891529834 9594 1546550 249851450 0.00230535008804
39.2531065478 20304 3266531 526708362 0.00232427677561
59.5155188986 39960 6445041 1038484264 -0.000857392884206
90.2373672122 70138 11235599 1805352260 0.00306042242019
136.817801341 96112 15330744 2466717268 0.00864438663102
207.443006619 128138 20447956 3299571052 0.0110729523931
STEP_DONE 
0.050323978983 0 10 1220 -1.65512069637
0.0763011640511 0 21 2784 -1.4433977098
0.115687744753 0 37 6602 -0.815391521265
0.175405637024 0 70 14924 -0.519346739946
0.265949842531 0 225 33240 -1.19263126099
0.403232871773 2 529 76084 -0.562648727498
0.611381256445 10 1105 174810 0.453013257356
0.926975618552 12 2448 394062 -0.213479209818
1.40547945874 46 5562 886182 0.328573357765
2.13098647839 104 12472 2014330 0.348725751855
3.23099945918 202 28331 4561958 0.149863633748
4.89883798472 464 63553 10331924 0.185550565187
7.42761300449 888 143639 23362124 0.00546803549375
11.2617390321 2050 321661 52448996 0.0387090175724
17.0750368861 4226 711346 116494780 -0.0263716675589
25.8891529834 9518 1548425 254024192 0.00836687022429
39.2531065478 20008 3270078 535973520 0.00291132836058
59.5155188986 39402 6455029 1058551828 0.00112794521404
90.2373672122 69462 11306179 1846154096 0.0032050093792
136.817801341 95908 15515924 2537866966 0.0109208577556
207.443006619 128244 20834844 3427381440 0.0124095223795
STEP_DONE 
0.050323978983 0 12 1212 -2.19639734674
0.0763011640511 0 21 2740 -1.47429152279
0.115687744753 0 35 6508 -0.736211527463
0.175405637024 0 74 14828 -0.611132571456
0.265949842531 0 222 33168 -1.1608062382
0.403232871773 2 531 75960 -0.570753054686
0.611381256445 10 1105 173906 0.446965570264
0.926975618552 16 2427 392998 0.0670929117658
1.40547945874 50 5514 882686 0.459231447836
2.13098647839 110 12454 2006840 0.424735372831
3.23099945918 200 28282 4544568 0.137587317671
4.89883798472 464 63462 10293542 0.184154579028
7.42761300449 908 143635 23277132 0.0242823447731
11.2617390321 2030 320882 52262592 0.0299171176779
17.0750368861 4148 708411 116116760 -0.0387926924737
25.8891529834 9410 1542171 253426890 0.00293328182479
39.2531065478 20038 3263491 535734390 0.00796577472537
59.5155188986 39488 6464822 1061976206 0.00356805845126
90.2373672122 69864 11406170 1865698182 0.0020025922549
136.817801341 97988 15892220 2603935998 0.010180017434
207.443006619 134388 21831542 3586566308 0.0111921847139
STEP_DONE 
0.050323978983 0 12 1236 -2.17044541013
0.0763011640511 0 22 2794 -1.57130612003
0.115687744753 0 38 6640 -0.868843875793
0.175405637024 0 73 14932 -0.596475960273
0.265949842531 0 222 33630 -1.15567662052
0.403232871773 2 515 76816 -0.495221129704
0.611381256445 10 1105 176198 0.465105211477
0.926975618552 16 2430 397624 0.0770783004734
1.40547945874 44 5575 894072 0.275759821304
2.13098647839 106 12472 2032734 0.38660037886
3.23099945918 204 28366 4606738 0.16980122924
4.89883798472 446 63761 10435220 0.144118698827
7.42761300449 884 144355 23603988 0.00132079770489
11.2617390321 2018 322898 53022790 0.0259849616608
17.0750368861 4162 713661 117866182 -0.0358576299539
25.8891529834 9456 1557082 257505836 0.00437093466396
39.2531065478 19992 3298365 544872174 0.00138037015113
59.5155188986 39710 6549597 1081162236 0.000933202199396
90.2373672122 70664 11574845 1901823176 0.00308625480066
136.817801341 98348 16105852 2653936760 0.00618057508853
207.443006619 134732 22043010 3645704236 0.0107914624029
STEP_DONE 
0.050323978983 0 11 1210 -1.96114123283
0.0763011640511 0 21 2786 -1.45521760511
0.115687744753 0 34 6648 -0.665864652643
0.175405637024 0 74 14934 -0.61401430529
0.265949842531 0 219 33446 -1.13280787833
0.403232871773 2 518 76572 -0.510699278743
0.611381256445 8 1117 175914 0.137981205706
0.926975618552 16 2448 396690 0.059750402129
1.40547945874 48 5560 891774 0.396855612063
2.13098647839 100 12481 2027206 0.303005073863
3.23099945918 206 28393 4593016 0.176070098966
4.89883798472 450 63790 10403612 0.150092736556
7.42761300449 888 144405 23519770 0.0015704099142
11.2617390321 2034 322566 52807076 0.0319934531748
17.0750368861 4192 713355 117314782 -0.0328464227837
25.8891529834 9454 1552440 255904832 0.00389221008455
39.2531065478 19982 3277166 540197866 0.00508961849312
59.5155188986 39278 6469987 1068168192 0.00238625860376
90.2373672122 68576 11311493 1865916460 0.000216219371495
136.817801341 94240 15518819 2573424778 0.0070712778188
207.443006619 128804 21265132 3538405732 0.0079817667066
STEP_DONE 
0.050323978983 0 11 1216 -1.94692842776
0.0763011640511 0 22 2792 -1.56695198292
0.115687744753 0 38 6636 -0.865467543287
0.175405637024 0 72 15004 -0.563276930437
0.265949842531 0 221 33496 -1.14936317488
0.403232871773 2 520 76832 -0.514177226952
0.611381256445 10 1104 175884 0.463651680442
0.926975618552 16 2415 396922 0.0874018929575
1.40547945874 42 5542 892048 0.225272677209
2.13098647839 108 12451 2028654 0.413029470178
3.23099945918 198 28336 4596210 0.134552400255
4.89883798472 452 63704 10413520 0.158727488871
7.42761300449 888 144148 23545102 0.00620088364559
11.2617390321 2038 322098 52869038 0.0380262709064
17.0750368861 4150 712098 117432262 -0.0378266200039
25.8891529834 9522 1550980 256112890 0.0136006412794
39.2531065478 19832 3275213 540367666 -0.000787026886778
59.5155188986 39116 6468080 1067677688 -0.0015188356244
90.2373672122 69142 11335400 1863822636 0.00296808838288
136.817801341 95130 15557470 2567834834 0.0091990593197
207.443006619 126102 20885348 3486749156 0.00820467329452
STEP_DONE 
0.050323978983 0 12 1218 -2.19040678188
0.0763011640511 0 21 2778 -1.44793090554
0.115687744753 0 34 6580 -0.673266535606
0.175405637024 0 72 14858 -0.569221480819
0.265949842531 0 227 33292 -1.20799493746
0.403232871773 2 522 76076 -0.532751327721
0.611381256445 10 1117 174902 0.430793807304
0.926975618552 16 2416 394148 0.0792533450748
1.40547945874 50 5542 886558 0.454235394441
2.13098647839 108 12447 2014328 0.404589393922
3.23099945918 204 28372 4562810 0.158509178191
4.89883798472 464 63592 10339146 0.18478766181
7.42761300449 910 143960 23373574 0.0261825522579
11.2617390321 2054 321899 52480596 0.0397980788494
17.0750368861 4182 710337 116553990 -0.0329208077974
25.8891529834 9436 1546573 254243384 0.00312811972745
39.2531065478 19986 3267988 536575902 0.00422266557992
59.5155188986 39144 6444370 1060122820 -0.0005091194109
90.2373672122 68790 11271738 1850765228 0.00219886776407
136.817801341 94386 15437968 2549533842 0.00969774041966
207.443006619 125504 20688098 3446821912 0.0109283285499
STEP_DONE 
0.050323978983 0 11 1230 -1.92527574957
0.0763011640511 0 21 2770 -1.47981203188
0.115687744753 0 38 6596 -0.884439447255
0.175405637024 0 74 14982 -0.615627229804
0.265949842531 0 224 33644 -1.17780821252
0.403232871773 2 522 77108 -0.520578969064
0.611381256445 8 1114 176608 0.148392081
0.926975618552 16 2433 398168 0.0761265573261
1.40547945874 46 5535 894716 0.351677244842
2.13098647839 108 12415 2033776 0.423681567528
3.23099945918 194 28324 4607342 0.115421675573
4.89883798472 466 63592 10436002 0.201216437114
7.42761300449 858 143985 23587972 -0.0237077164963
11.2617390321 2028 321501 52968212 0.0387287143319
17.0750368861 4154 710565 117638776 -0.031225333585
25.8891529834 9356 1548429 256605106 0.00145719260186
39.2531065478 19760 3269203 541483180 0.00125451906782
59.5155188986 38952 6457775 1070053436 -0.000348689220104
90.2373672122 68294 11303004 1869011722 -0.000766017568947
136.817801341 94404 15538520 2575988678 0.00718712539111
207.443006619 128034 21096156 3513921862 0.0108425748112
STEP_DONE 
0.050323978983 0 12 1226 -2.15801524771
0.0763011640511 0 21 2770 -1.44603671984
0.115687744753 0 35 6560 -0.721423199684
0.175405637024 0 68 14824 -0.480017849269
0.265949842531 0 225 33206 -1.1861975398
0.403232871773 2 516 75982 -0.506076538962
0.611381256445 10 1110 174108 0.437779895581
0.926975618552 12 2436 392634 -0.206373562523
1.40547945874 44 5525 882838 0.277877013498
2.13098647839 104 12463 2007726 0.345261892043
3.23099945918 208 28344 4548524 0.179543459595
4.89883798472 484 63592 10305032 0.231289957559
7.42761300449 910 144007 23302024 0.0223837199751
11.2617390321 2036 321984 52324064 0.0272212289277
17.0750368861 4226 711696 116243002 -0.0292549758062
25.8891529834 9504 1549262 253529172 0.00397850535636
39.2531065478 20120 3267526 534877766 0.00794356784568
59.5155188986 39500 6451765 1057054574 0.00322635141205
90.2373672122 69388 11311634 1847101204 0.00177485908224
136.817801341 95856 15532053 2544382400 0.0108830919239
207.443006619 126866 20731276 3427163514 0.0116721724128
STEP_DONE 
0.050323978983 0 12 1208 -2.20013651511
0.0763011640511 0 21 2764 -1.44757184983
0.115687744753 0 37 6530 -0.825335651853
0.175405637024 0 72 14750 -0.572514539762
0.265949842531 0 225 33018 -1.19525992087
0.403232871773 0 519 75956 -1.20119980473
0.611381256445 8 1101 173682 0.152897516423
0.926975618552 16 2399 392248 0.0880364436566
1.40547945874 48 5507 881480 0.400191626637
2.13098647839 106 12465 2005314 0.368963299131
3.23099945918 204 28353 4540586 0.154047433714
4.89883798472 474 63557 10284942 0.204961856856
7.42761300449 906 144187 23251388 0.0132401489257
11.2617390321 2080 322231 52219418 0.0455498682647
17.0750368861 4238 711584 116011608 -0.0281827263663
25.8891529834 9546 1549836 253072992 0.00579206781702
39.2531065478 20220 3276501 534058510 0.00588852491121
59.5155188986 39774 6475705 1055587402 0.00130908936852
90.2373672122 70176 11362989 1844054254 0.00227475010312
136.817801341 97174 15630998 2541637986 0.0107436507739
207.443006619 129128 20890038 3422759696 0.0126448478181
STEP_DONE 
0.050323978983 0 11 1224 -1.89840139878
0.0763011640511 0 20 2762 -1.33535864137
0.115687744753 0 32 6538 -0.578528129081
0.175405637024 0 73 14720 -0.599419230382
0.265949842531 0 220 33050 -1.14683407691
0.403232871773 2 515 75898 -0.503160595495
0.611381256445 10 1113 173920 0.43123064108
0.926975618552 14 2446 392672 -0.081858600191
1.40547945874 50 5545 882000 0.44654016559
2.13098647839 108 12417 2005240 0.403438675865
3.23099945918 204 28293 4543434 0.159201215475
4.89883798472 470 63604 10290918 0.194299587862
7.42761300449 922 144066 23270162 0.0336214968905
11.2617390321 2078 322342 52254874 0.0446081237517
17.0750368861 4200 712555 116081778 -0.0388614549691
25.8891529834 9560 1550877 253195210 0.00636739490467
39.2531065478 20132 3278476 534234306 0.00072783365571
59.5155188986 39786 6475768 1055812852 0.00177593407587
90.2373672122 70142 11346877 1844931102 0.00507574189235
136.817801341 97028 15631368 2542435638 0.00951813905341
207.443006619 129770 20942455 3425331562 0.0133161922489
STEP_DONE 
0.050323978983 0 11 1202 -1.93231650952
0.0763011640511 0 20 2652 -1.41645718116
0.115687744753 0 38 6424 -0.895399197454
0.175405637024 0 70 14542 -0.542398264032
0.265949842531 0 220 32666 -1.15798961884
0.403232871773 2 512 74706 -0.5088611026
0.611381256445 10 1104 171178 0.432928693531
0.926975618552 16 2395 386312 0.0765763935707
1.40547945874 46 5470 867752 0.340825547073
2.13098647839 104 12377 1972474 0.342736364786
3.23099945918 204 28077 4466646 0.158136931347
4.89883798472 464 63004 10121814 0.182151022376
7.42761300449 906 142760 22886530 0.0173857403201
11.2617390321 2056 319027 51391434 0.0377627050636
17.0750368861 4168 704770 114154728 -0.0410555420971
25.8891529834 9536 1534063 249000312 0.00891031529469
39.2531065478 20100 3245630 525511622 0.00277521430415
59.5155188986 39694 6410542 1038912172 0.00354387802052
90.2373672122 69592 11231515 1815430726 0.00157723372662
136.817801341 96386 15455223 2501853258 0.00945445734032
207.443006619 128664 20653325 3357344868 0.0125267671807
STEP_DONE 
