#Theta DD DR RR XI factor=202.870677732 jknum= 20
0.050323978983 0 12 1186 -3.07398282217
0.0763011640511 0 18 2750 -1.63549652387
0.115687744753 0 29 6480 -0.801962000845
0.175405637024 0 62 14674 -0.701240884557
0.265949842531 0 179 32814 -1.19642558372
0.403232871773 2 396 75364 -0.0400976590806
0.611381256445 6 889 172702 0.335463315064
0.926975618552 16 1933 389530 0.666725511403
1.40547945874 28 4343 875662 0.299015063239
2.13098647839 72 9966 1989512 0.449842588255
3.23099945918 128 22616 4506608 0.130547299855
4.89883798472 286 50505 10209604 0.143572133526
7.42761300449 606 114127 23085516 0.0734004110158
11.2617390321 1268 255378 51848692 0.008004192264
17.0750368861 2566 562908 115177222 -0.0648824618188
25.8891529834 6022 1226095 251240032 0.00650842573727
39.2531065478 12764 2598160 530307306 0.00283919246604
59.5155188986 25478 5136862 1047969940 0.0117184285883
90.2373672122 44684 9040250 1829932806 0.000545003584971
136.817801341 62110 12459859 2521040906 0.00853052921825
207.443006619 82808 16625463 3386590906 0.0143807254039
STEP_DONE 
0.050323978983 0 11 1208 -2.7122605789
0.0763011640511 0 17 2758 -1.51285461297
0.115687744753 0 29 6554 -0.803865961108
0.175405637024 0 60 14876 -0.644287606388
0.265949842531 0 177 33188 -1.17422701507
0.403232871773 2 395 76308 -0.0212846434551
0.611381256445 6 879 174898 0.376502811285
0.926975618552 16 1930 394560 0.690747037933
1.40547945874 32 4409 886646 0.472336690534
2.13098647839 70 9981 2014524 0.423919064985
3.23099945918 132 22679 4564472 0.17600482495
4.89883798472 278 50681 10340332 0.118929597971
7.42761300449 616 114455 23378074 0.0989067354324
11.2617390321 1268 255468 52495686 0.0196743463441
17.0750368861 2564 563985 116629858 -0.0579540696781
25.8891529834 5928 1230589 254400308 -0.003825685951
39.2531065478 12676 2607401 536774656 0.000906927524481
59.5155188986 25308 5150201 1060786546 0.0119899882407
90.2373672122 44384 9028337 1851442202 0.0080790791391
136.817801341 61082 12435304 2550227114 0.00729539892117
207.443006619 81756 16654041 3445060702 0.0152577733419
STEP_DONE 
0.050323978983 0 11 1198 -2.71220424427
0.0763011640511 0 17 2756 -1.49382344764
0.115687744753 0 30 6500 -0.865966720825
0.175405637024 0 62 14746 -0.699861179286
0.265949842531 0 178 33004 -1.18046650506
0.403232871773 2 401 75592 -0.0635395117025
0.611381256445 6 881 173458 0.360058584309
0.926975618552 16 1937 391382 0.669620742193
1.40547945874 32 4316 878650 0.502297385395
2.13098647839 68 10000 1996846 0.366885237496
3.23099945918 130 22644 4524712 0.150753796697
4.89883798472 294 50564 10248504 0.177549218451
7.42761300449 622 114380 23164578 0.100949704821
11.2617390321 1268 255051 52017576 0.0137797434403
17.0750368861 2604 562364 115544010 -0.0468048395418
25.8891529834 5990 1223177 251930764 0.00865110872701
39.2531065478 12578 2584545 531487736 0.00103806083781
59.5155188986 25122 5101949 1050224368 0.0134329427239
90.2373672122 43980 8951209 1834142242 0.00675791575393
136.817801341 60478 12310283 2525322612 0.00779561619318
207.443006619 80682 16429833 3395109426 0.0145999072467
STEP_DONE 
0.050323978983 0 11 1208 -2.71730102304
0.0763011640511 0 17 2782 -1.49455897684
0.115687744753 0 29 6554 -0.806315219563
0.175405637024 0 59 14858 -0.621039651208
0.265949842531 0 172 33356 -1.10502114207
0.403232871773 2 398 76304 -0.0372942674678
0.611381256445 6 873 174982 0.391890814849
0.926975618552 16 1941 394618 0.68128378475
1.40547945874 30 4371 887648 0.397857967777
2.13098647839 68 9983 2016386 0.383901997301
3.23099945918 132 22615 4565636 0.182452080835
4.89883798472 278 50531 10341086 0.125237731988
7.42761300449 602 114240 23379592 0.0780363814976
11.2617390321 1246 254982 52501400 0.0061353553995
17.0750368861 2548 561803 116634462 -0.0561850036263
25.8891529834 5850 1221087 254393194 -0.00142660287934
39.2531065478 12460 2585645 536669966 0.000470256649836
59.5155188986 24920 5104495 1059711308 0.0133467101882
90.2373672122 43704 8971696 1847575238 0.0031916181143
136.817801341 60516 12322422 2536221768 0.0106904767471
207.443006619 80686 16482313 3416970812 0.0146362510075
STEP_DONE 
0.050323978983 0 11 1206 -2.68338086214
0.0763011640511 0 18 2738 -1.65485197408
0.115687744753 0 27 6512 -0.674366870015
0.175405637024 0 58 14604 -0.603826626234
0.265949842531 0 176 32876 -1.1618967367
0.403232871773 2 408 75450 -0.103026055713
0.611381256445 6 874 173082 0.374119905904
0.926975618552 16 1937 390302 0.667178693743
1.40547945874 30 4373 876870 0.380918049788
2.13098647839 72 9908 1993348 0.465361742726
3.23099945918 128 22563 4514442 0.137636338336
4.89883798472 292 50460 10220164 0.171001770502
7.42761300449 610 114028 23103888 0.0833401057338
11.2617390321 1260 254104 51853848 0.0117409059523
17.0750368861 2570 560379 115109420 -0.0556904010291
25.8891529834 5954 1219028 250888320 0.00538406745019
39.2531065478 12572 2580836 528852336 -0.00153259172761
59.5155188986 25080 5087531 1042269378 0.00985822874269
90.2373672122 43826 8875153 1809243844 0.00661170094959
136.817801341 59862 12086599 2465606164 0.0102322547689
207.443006619 80024 16178175 3317089632 0.0139908856988
STEP_DONE 
0.050323978983 0 11 1206 -2.69102049838
0.0763011640511 0 17 2728 -1.52177093634
0.115687744753 0 31 6550 -0.915232371305
0.175405637024 0 61 14726 -0.67627828321
0.265949842531 0 168 33136 -1.05168309429
0.403232871773 2 410 75658 -0.110732452608
0.611381256445 6 871 173226 0.383286376377
0.926975618552 14 1929 391078 0.469527716688
1.40547945874 32 4377 878294 0.47491616555
2.13098647839 70 9939 1997306 0.42109361443
3.23099945918 128 22544 4520854 0.141173243974
4.89883798472 294 50350 10235144 0.185264521246
7.42761300449 606 113889 23135436 0.0802787114252
11.2617390321 1256 253962 51923368 0.0110262004921
17.0750368861 2590 560047 115270302 -0.0462455506276
25.8891529834 5922 1216885 251137468 0.00455547279581
39.2531065478 12584 2575326 529018330 0.00386229049783
59.5155188986 25122 5083797 1041243640 0.0119707110606
90.2373672122 43868 8871196 1802219232 0.00457449185812
136.817801341 59952 12055210 2442959894 0.00776930807083
207.443006619 80158 16164743 3307352106 0.0143892061256
STEP_DONE 
0.050323978983 0 12 1182 -3.08663085392
0.0763011640511 0 15 2734 -1.20848466959
0.115687744753 0 30 6540 -0.846482289502
0.175405637024 0 62 14622 -0.706815389475
0.265949842531 0 174 32880 -1.13019361939
0.403232871773 2 391 75300 -0.0142628599086
0.611381256445 6 875 172466 0.36702245893
0.926975618552 12 1934 389338 0.248980816687
1.40547945874 28 4351 874900 0.294558016124
2.13098647839 72 10003 1988888 0.441926199444
3.23099945918 128 22586 4504202 0.132685483174
4.89883798472 280 50524 10195568 0.117726510709
7.42761300449 612 114027 23040822 0.08386045182
11.2617390321 1250 254644 51714996 -0.00294619862262
17.0750368861 2596 561397 114803324 -0.0524218477501
25.8891529834 5994 1219856 250178490 0.00780389948119
39.2531065478 12626 2579990 527040164 -6.52171974103e-05
59.5155188986 25166 5079737 1037172980 0.0114162890775
90.2373672122 44094 8883213 1795451208 0.00324908658638
136.817801341 60252 12052329 2431206230 0.00840998163246
207.443006619 80330 16064283 3253317960 0.0125834533125
STEP_DONE 
0.050323978983 0 12 1216 -2.97897899337
0.0763011640511 0 17 2764 -1.47990393605
0.115687744753 0 31 6564 -0.90421988795
0.175405637024 0 60 14662 -0.649992653095
0.265949842531 0 177 32920 -1.16789086346
0.403232871773 2 404 75542 -0.0802954986444
0.611381256445 4 875 173040 -0.0993410762222
0.926975618552 16 1943 390596 0.659155419768
1.40547945874 32 4369 876734 0.474170949031
2.13098647839 70 9940 1992260 0.416333495642
3.23099945918 128 22610 4512900 0.132687610756
4.89883798472 288 50504 10219938 0.152819586354
7.42761300449 618 114331 23101054 0.0917676636902
11.2617390321 1256 254869 51853872 0.00265633481353
17.0750368861 2584 561908 115116326 -0.0558108140098
25.8891529834 5950 1220930 250831326 0.00149707538315
39.2531065478 12636 2584422 528534386 0.000103503589023
59.5155188986 25324 5099208 1040543956 0.0132387482598
90.2373672122 44232 8914183 1801765954 0.00292440424797
136.817801341 60838 12145697 2445344254 0.00851073264558
207.443006619 81176 16248745 3291497864 0.0119109005103
STEP_DONE 
0.050323978983 0 12 1180 -3.08050662288
0.0763011640511 0 17 2722 -1.50596873791
0.115687744753 0 29 6568 -0.771657235017
0.175405637024 0 60 14660 -0.642222992839
0.265949842531 0 174 32888 -1.12288580387
0.403232871773 2 402 74848 -0.0795441242708
0.611381256445 6 866 172552 0.385807074108
0.926975618552 16 1941 388368 0.652854429141
1.40547945874 32 4372 873228 0.466058265532
2.13098647839 72 9988 1982326 0.440224419927
3.23099945918 124 22641 4493068 0.0888957790695
4.89883798472 280 50519 10175692 0.115476332729
7.42761300449 614 114153 22999406 0.083013141705
11.2617390321 1278 255218 51626546 0.0127903676486
17.0750368861 2642 562710 114618404 -0.0421175426777
25.8891529834 5986 1225177 249820070 -0.00337586389989
39.2531065478 12772 2595138 526686802 -0.00101450325154
59.5155188986 25410 5118753 1038295108 0.00689389391966
90.2373672122 44478 8938428 1804388146 0.00448949300274
136.817801341 60824 12197888 2464461020 0.00740454741637
207.443006619 81062 16236536 3297917342 0.0138828318803
STEP_DONE 
0.050323978983 0 10 1216 -2.34765639974
0.0763011640511 0 17 2780 -1.4893076653
0.115687744753 0 29 6602 -0.788121103914
0.175405637024 0 59 14912 -0.610610654124
0.265949842531 0 177 33230 -1.16829004583
0.403232871773 2 404 76014 -0.0735295094523
0.611381256445 6 872 174690 0.390896386721
0.926975618552 12 1946 393770 0.250735774474
1.40547945874 30 4363 885340 0.397697182921
2.13098647839 70 9994 2011974 0.419285985251
3.23099945918 126 22609 4556628 0.125736867807
4.89883798472 288 50542 10320414 0.162508355001
7.42761300449 600 114011 23334814 0.0762935014801
11.2617390321 1246 254559 52392826 0.00738466340538
17.0750368861 2582 561441 116364450 -0.0448444935104
25.8891529834 5910 1221965 253775478 0.00465246868304
39.2531065478 12548 2589250 535493760 0.0024412237849
59.5155188986 24944 5117747 1057639348 0.00728073716796
90.2373672122 43928 8988717 1844682142 0.0029425119408
136.817801341 60606 12335810 2534713622 0.00941710883671
207.443006619 81258 16529000 3411594242 0.0144707983058
STEP_DONE 
0.050323978983 0 12 1210 -3.04246717991
0.0763011640511 0 18 2754 -1.6641532068
0.115687744753 0 29 6536 -0.808575241522
0.175405637024 0 62 14870 -0.699539833204
0.265949842531 0 177 33334 -1.16439470191
0.403232871773 2 408 76238 -0.0917380578852
0.611381256445 6 878 174588 0.377615668263
0.926975618552 16 1935 394260 0.685145620036
1.40547945874 30 4351 885992 0.404726931663
2.13098647839 72 9957 2014524 0.469889319571
3.23099945918 128 22619 4562548 0.144547622624
4.89883798472 276 50452 10333920 0.119342878865
7.42761300449 600 114061 23365898 0.0768395609015
11.2617390321 1256 254641 52458162 0.0158939552382
17.0750368861 2580 561655 116507100 -0.0451918913838
25.8891529834 5872 1222666 254047848 -0.00165709843643
39.2531065478 12562 2590963 536135258 0.00338328659952
59.5155188986 25008 5122766 1060822350 0.0108178356726
90.2373672122 43998 9039786 1861699258 0.00242447917142
136.817801341 61692 12599599 2596233158 0.00885084929662
207.443006619 84820 17328504 3589324722 0.0137009186559
STEP_DONE 
0.050323978983 0 12 1240 -2.96650142142
0.0763011640511 0 17 2786 -1.5010125019
0.115687744753 0 31 6632 -0.915866438474
0.175405637024 0 61 14924 -0.675300229588
0.265949842531 0 175 33494 -1.14150496718
0.403232871773 2 396 76662 -0.0215202629002
0.611381256445 6 866 175782 0.414293640866
0.926975618552 16 1942 396884 0.687587688727
1.40547945874 26 4391 892294 0.206785812442
2.13098647839 68 9961 2028160 0.395107006076
3.23099945918 128 22619 4596362 0.152579009806
4.89883798472 276 50706 10412252 0.117259951696
7.42761300449 606 114657 23555016 0.0853988534968
11.2617390321 1228 255876 52919490 -0.00722672830517
17.0750368861 2586 564826 117638964 -0.0447010721693
25.8891529834 5920 1233165 256962960 0.000606477629959
39.2531065478 12544 2616787 543619488 -0.00385513746301
59.5155188986 25184 5190554 1078736572 0.00831593516803
90.2373672122 44576 9181387 1896825684 0.00304147531056
136.817801341 62478 12815033 2646910508 0.00694624446788
207.443006619 85586 17531504 3636196324 0.0123838029912
STEP_DONE 
0.050323978983 0 11 1206 -2.72577752171
0.0763011640511 0 17 2782 -1.49610779525
0.115687744753 0 27 6630 -0.663496060086
0.175405637024 0 61 14862 -0.676579373646
0.265949842531 0 169 33336 -1.07083147842
0.403232871773 2 394 76366 -0.0150217986454
0.611381256445 4 881 175360 -0.100678685996
0.926975618552 16 1959 395524 0.664273815853
1.40547945874 32 4373 888968 0.492181670597
2.13098647839 70 9998 2021150 0.424089452898
3.23099945918 132 22628 4579280 0.183968360074
4.89883798472 280 50665 10372282 0.130787139064
7.42761300449 608 114506 23449608 0.0869226583007
11.2617390321 1252 255418 52649404 0.0102975433199
17.0750368861 2554 564000 116962278 -0.0588478007847
25.8891529834 5914 1227603 255162816 0.0015989488593
39.2531065478 12594 2598717 538691816 0.00466632519674
59.5155188986 24884 5126303 1065051952 0.00851628916624
90.2373672122 43442 8979766 1860322732 0.00236865153246
136.817801341 59990 12362337 2571273304 0.00930563294716
207.443006619 82008 16952595 3536731846 0.00927850194072
STEP_DONE 
0.050323978983 0 11 1216 -2.71639250393
0.0763011640511 0 18 2792 -1.64861940369
0.115687744753 0 31 6676 -0.907690122394
0.175405637024 0 61 15034 -0.666931502966
0.265949842531 0 174 33612 -1.12675449123
0.403232871773 2 398 77058 -0.026755063961
0.611381256445 6 868 176320 0.41340518485
0.926975618552 16 1929 398028 0.705132530911
1.40547945874 28 4365 894630 0.316137941236
2.13098647839 70 9971 2034224 0.438256525371
3.23099945918 126 22677 4609362 0.132248594817
4.89883798472 272 50808 10444074 0.100320288583
7.42761300449 602 114816 23611434 0.0780623210083
11.2617390321 1244 256126 53016814 0.00534830500795
17.0750368861 2572 566022 117759480 -0.053099595493
25.8891529834 5958 1231767 256823914 0.00847586508744
39.2531065478 12466 2603974 541849158 -0.00357037831583
59.5155188986 24898 5143287 1070511376 0.00754209820676
90.2373672122 43866 9037194 1868649766 0.00366005012068
136.817801341 60392 12409996 2574328066 0.00939635786416
207.443006619 79756 16653127 3505025080 0.00820278105631
STEP_DONE 
0.050323978983 0 12 1218 -3.01268661268
0.0763011640511 0 18 2778 -1.63901311784
0.115687744753 0 28 6556 -0.739483732953
0.175405637024 0 61 14854 -0.6725830862
0.265949842531 0 182 33286 -1.22695306724
0.403232871773 2 396 76064 -0.0299786234465
0.611381256445 6 885 174860 0.361633812125
0.926975618552 16 1934 394104 0.684952852075
1.40547945874 32 4356 886454 0.495654511491
2.13098647839 70 9998 2014518 0.419660073963
3.23099945918 130 22698 4562490 0.155415145171
4.89883798472 282 50614 10338696 0.137252015866
7.42761300449 620 114517 23376614 0.104683907352
11.2617390321 1256 255715 52493104 0.00820825442789
17.0750368861 2592 564047 116603454 -0.0483141063099
25.8891529834 5926 1227824 254320188 -5.34534087164e-06
39.2531065478 12530 2595425 536728506 -0.00135418058496
59.5155188986 24924 5118693 1060443300 0.00875224571951
90.2373672122 43454 8961663 1850818730 0.00157580499402
136.817801341 59752 12280152 2549865566 0.0103044644397
207.443006619 79388 16433293 3445918168 0.0130952999404
STEP_DONE 
0.050323978983 0 12 1230 -3.01243493862
0.0763011640511 0 17 2776 -1.5186123489
0.115687744753 0 31 6598 -0.932329799557
0.175405637024 0 62 14980 -0.70220454172
0.265949842531 0 178 33638 -1.17631474687
0.403232871773 2 403 77032 -0.053721384008
0.611381256445 4 880 176572 -0.0917634184088
0.926975618552 16 1939 397966 0.696269811065
1.40547945874 28 4365 894146 0.316458297709
2.13098647839 70 9966 2032564 0.439774685458
3.23099945918 122 22607 4604936 0.101245352301
4.89883798472 282 50622 10430072 0.147206866934
7.42761300449 586 114336 23578770 0.0566307284546
11.2617390321 1230 254799 52949140 0.00319973441937
17.0750368861 2550 562750 117602108 -0.0511180428255
25.8891529834 5880 1226293 256537962 0.00327667011703
39.2531065478 12420 2597450 541350154 -0.00316662234624
59.5155188986 24792 5129573 1069835302 0.00798633601573
90.2373672122 43174 8985995 1868517676 -0.000806988375176
136.817801341 59814 12364912 2574483672 0.00716495490752
207.443006619 80968 16760574 3510227702 0.0116513220253
STEP_DONE 
0.050323978983 0 11 1228 -2.64145301072
0.0763011640511 0 17 2774 -1.49128180677
0.115687744753 0 29 6564 -0.796014412188
0.175405637024 0 60 14836 -0.644049228103
0.265949842531 0 178 33254 -1.17598802849
0.403232871773 2 398 76088 -0.0404494396166
0.611381256445 6 880 174442 0.370275970642
0.926975618552 12 1948 393094 0.246678580994
1.40547945874 30 4353 883966 0.400265142844
2.13098647839 70 9964 2010620 0.423785978831
3.23099945918 134 22593 4554116 0.198888897262
4.89883798472 294 50566 10318008 0.184958673424
7.42761300449 616 114238 23329254 0.100261122009
11.2617390321 1232 254721 52387714 -0.0049981102651
17.0750368861 2584 562149 116392538 -0.0461818527273
25.8891529834 5958 1226412 253910068 0.00591404265228
39.2531065478 12650 2596715 535732516 0.00512571037264
59.5155188986 25084 5132259 1058729236 0.0082169017743
90.2373672122 44174 9017440 1849624152 0.00480468313779
136.817801341 60856 12390083 2548156178 0.0100396685145
207.443006619 80556 16529023 3436505810 0.0131728986061
STEP_DONE 
0.050323978983 0 12 1206 -2.99823171107
0.0763011640511 0 18 2748 -1.63202371373
0.115687744753 0 30 6476 -0.861437401001
0.175405637024 0 62 14640 -0.701706406537
0.265949842531 0 178 32752 -1.18381677697
0.403232871773 0 396 75434 -1.10941519258
0.611381256445 6 872 172212 0.371720270472
0.926975618552 16 1921 389116 0.676045158628
1.40547945874 32 4329 874718 0.488064178556
2.13098647839 70 9996 1989294 0.401272285429
3.23099945918 130 22640 4505062 0.145457001016
4.89883798472 292 50564 10204266 0.163969447084
7.42761300449 622 114567 23066938 0.0927116083282
11.2617390321 1272 255414 51797220 0.00986207740663
17.0750368861 2624 562739 115073756 -0.0445696875172
25.8891529834 6008 1226055 251035902 0.00356254106014
39.2531065478 12770 2597494 529766674 0.00283222209754
59.5155188986 25364 5133078 1047132328 0.00799549465725
90.2373672122 44690 9025249 1829409620 0.00371055670856
136.817801341 61672 12399645 2520769048 0.0109979737814
207.443006619 81962 16541050 3387550744 0.0145851407669
STEP_DONE 
0.050323978983 0 11 1224 -2.64665062432
0.0763011640511 0 16 2762 -1.35060252211
0.115687744753 0 27 6544 -0.674184677602
0.175405637024 0 61 14722 -0.681302702289
0.265949842531 0 174 33064 -1.13538774213
0.403232871773 2 394 75912 -0.0215605050128
0.611381256445 6 881 173982 0.364827957515
0.926975618552 14 1944 392832 0.458949677095
1.40547945874 32 4360 882268 0.487732785584
2.13098647839 70 9935 2005802 0.426687905527
3.23099945918 132 22574 4544672 0.180047822674
4.89883798472 284 50627 10293536 0.139965246923
7.42761300449 626 114469 23276680 0.111538364446
11.2617390321 1266 255639 52268636 0.0124262573971
17.0750368861 2582 564467 116111688 -0.0572817453054
25.8891529834 5968 1229147 253260792 0.000657457599294
39.2531065478 12664 2605563 534381050 -0.00299166141036
59.5155188986 25340 5145822 1056096862 0.010538736561
90.2373672122 44578 9037486 1845388412 0.00714309305142
136.817801341 61696 12470016 2543101556 0.00892374418153
207.443006619 82934 16727525 3426679048 0.0154399097539
STEP_DONE 
0.050323978983 0 11 1202 -2.66425839974
0.0763011640511 0 16 2652 -1.41570744357
0.115687744753 0 31 6418 -0.934015078207
0.175405637024 0 60 14538 -0.652511385769
0.265949842531 0 178 32656 -1.1825032019
0.403232871773 2 398 74680 -0.0605130098124
0.611381256445 6 876 171126 0.35562673744
0.926975618552 16 1922 386182 0.667815526068
1.40547945874 30 4341 867506 0.382448815567
2.13098647839 70 9967 1971972 0.398992582154
3.23099945918 132 22559 4465484 0.162006906806
4.89883798472 292 50537 10118936 0.156866361768
7.42761300449 620 114126 22879304 0.0888538166463
11.2617390321 1264 254755 51375656 0.0006407429865
17.0750368861 2574 561944 114119124 -0.0676257753548
25.8891529834 6032 1224029 248925852 0.00235967486176
39.2531065478 12752 2595532 525354570 -0.00532197157793
59.5155188986 25618 5129689 1038598770 0.0110165312554
90.2373672122 44764 9008889 1814875180 0.00102418597603
136.817801341 61796 12385037 2501104132 0.00756522757193
207.443006619 82764 16557624 3356257584 0.0130411344401
STEP_DONE 
