#Theta DD DR RR XI factor=202.870677732 
0.050323978983 0 12 1274 -2.8217396119
0.0763011640511 0 18 2902 -1.51665899323
0.115687744753 0 31 6902 -0.822367722307
0.175405637024 0 64 15570 -0.667787202932
0.265949842531 0 185 34902 -1.15065471207
0.403232871773 2 421 79948 -0.107020649465
0.611381256445 6 923 183314 0.30414371083
0.926975618552 16 2042 413576 0.588903471857
1.40547945874 32 4597 929514 0.410245966388
2.13098647839 74 10510 2113066 0.42322683411
3.23099945918 136 23844 4787384 0.148342547091
4.89883798472 300 53326 10846716 0.143555528102
7.42761300449 644 120589 24533352 0.0860135760854
11.2617390321 1326 269327 55122880 0.00760687239836
17.0750368861 2730 594763 122561080 -0.0522318207217
25.8891529834 6296 1296799 267724540 0.00254349038679
39.2531065478 13382 2752814 566301910 0.000225795325247
59.5155188986 26800 5458547 1123151204 0.0101388520012
90.2373672122 47350 9648395 1973443116 0.00377567930308
136.817801341 66350 13456536 2753602792 0.00888443280464
207.443006619 90442 18386391 3788109730 0.0132698825837
