#Theta DD DR RR XI factor=33.7837837838 jknum= 10
0.050323978983 0 24 1150 -0.421052597215
0.0763011640511 2 99 2700 -0.638092952065
0.115687744753 2 195 6374 -0.719437232157
0.175405637024 14 416 14424 0.161228224332
0.265949842531 36 949 32314 0.291619881235
0.403232871773 64 2134 74332 0.0431577797061
0.611381256445 200 4975 169890 0.37058398525
0.926975618552 370 11197 383722 0.130756547673
1.40547945874 966 25595 862086 0.27722490306
2.13098647839 1812 58216 1958230 0.048273317384
3.23099945918 4234 130864 4437300 0.0978673517419
4.89883798472 9508 298758 10053084 0.0727205693625
7.42761300449 20696 676570 22730822 0.0286473294641
11.2617390321 46320 1520753 51064560 0.0235850367941
17.0750368861 101462 3383368 113553118 0.00687335887503
25.8891529834 222406 7394590 248158764 0.00984794027223
39.2531065478 468418 15634365 525384676 0.00716986570537
59.5155188986 924204 30965203 1043528410 0.00605498501757
90.2373672122 1597000 54200247 1843129472 0.0019841613563
136.817801341 2187856 75324942 2607016944 0.00537038537396
207.443006619 2924518 100610023 3474386320 0.00389864950872
STEP_DONE 
0.050323978983 0 24 1154 -0.422565724395
0.0763011640511 2 99 2710 -0.635561652081
0.115687744753 2 196 6378 -0.735236306501
0.175405637024 14 401 14516 0.238543153699
0.265949842531 36 953 32510 0.290135758189
0.403232871773 60 2169 74554 -0.0486546540838
0.611381256445 212 4975 170800 0.459470449005
0.926975618552 364 11266 385374 0.1051720492
1.40547945874 934 25601 865410 0.238911214198
2.13098647839 1784 58101 1965590 0.0397459881903
3.23099945918 4266 130472 4452308 0.116284339597
4.89883798472 9458 297999 10082866 0.0755968457207
7.42761300449 20616 675394 22794962 0.0312069463499
11.2617390321 46086 1516781 51202190 0.0265320623857
17.0750368861 100930 3373631 113847116 0.0100367401513
25.8891529834 220312 7368257 248706212 0.00966378861875
39.2531065478 463084 15566755 526472798 0.00636079745553
59.5155188986 914046 30824166 1045579744 0.00603712545651
90.2373672122 1578398 53964834 1846471864 0.000776986730322
136.817801341 2160942 74928950 2606182320 0.0032862621966
207.443006619 2888892 99585938 3446268692 0.00393261163445
STEP_DONE 
0.050323978983 0 22 1164 -0.267787085213
0.0763011640511 2 105 2636 -0.818452413245
0.115687744753 2 197 6304 -0.739303153339
0.175405637024 12 411 14060 -0.000759541831617
0.265949842531 38 977 31904 0.285653391379
0.403232871773 60 2153 72874 -0.0556163663442
0.611381256445 210 5020 167060 0.39835329368
0.926975618552 366 11185 377074 0.102118942974
1.40547945874 968 25568 847244 0.260915205545
2.13098647839 1848 58012 1926580 0.0591714668967
3.23099945918 4284 130563 4360770 0.0967209090711
4.89883798472 9624 297584 9867826 0.0741976041491
7.42761300449 20744 672882 22305150 0.0225844048836
11.2617390321 46378 1508274 50047336 0.0208657260148
17.0750368861 101550 3349344 111131296 0.0062445134428
25.8891529834 221926 7303774 242388382 0.00867384127908
39.2531065478 466394 15395588 511532826 0.00675910647066
59.5155188986 919030 30349726 1009231286 0.00715034455793
90.2373672122 1574510 52533712 1757726900 0.00283369178922
136.817801341 2135338 71693427 2420855630 0.00568804321626
207.443006619 2855886 95540751 3209958824 0.00428698192323
STEP_DONE 
0.050323978983 0 23 1132 -0.35080388582
0.0763011640511 2 98 2636 -0.633285555421
0.115687744753 2 185 6362 -0.585879519328
0.175405637024 10 403 14010 -0.123674435587
0.265949842531 40 953 31680 0.395252848676
0.403232871773 60 2145 72636 -0.0505286937702
0.611381256445 226 4975 165694 0.511005709441
0.926975618552 372 11216 374618 0.106785380861
1.40547945874 960 25691 840994 0.230414184279
2.13098647839 1844 58104 1910990 0.0448338133095
3.23099945918 4378 130267 4327192 0.116549018081
4.89883798472 9630 297402 9789870 0.0672958919358
7.42761300449 20922 672913 22123822 0.0228397234896
11.2617390321 47084 1509188 49638986 0.0268203815971
17.0750368861 102952 3352505 110181280 0.00960578271719
25.8891529834 224078 7307827 240103666 0.00775914704695
39.2531065478 471408 15400653 506039776 0.00605239379039
59.5155188986 925012 30283399 996033588 0.00485744215833
90.2373672122 1583074 52208581 1724316772 0.00152305560812
136.817801341 2124468 70447473 2341886724 0.00250175860404
207.443006619 2834414 93275665 3073695796 0.00145417154627
STEP_DONE 
0.050323978983 0 21 1148 -0.23209494828
0.0763011640511 2 92 2662 -0.475695061009
0.115687744753 2 189 6442 -0.623981537538
0.175405637024 14 403 14292 0.21175052326
0.265949842531 36 954 32154 0.271427231196
0.403232871773 56 2191 73160 -0.149001030471
0.611381256445 218 4993 168634 0.471905428435
0.926975618552 380 11236 379660 0.141823207331
1.40547945874 954 25749 853184 0.235422920997
2.13098647839 1848 58190 1936740 0.0585025285269
3.23099945918 4254 130762 4389666 0.0927090488951
4.89883798472 9532 298298 9940418 0.066344495944
7.42761300449 20714 675316 22461864 0.0208898325581
11.2617390321 46670 1514880 50428446 0.0262863028758
17.0750368861 102284 3366509 112003068 0.011246755751
25.8891529834 222734 7337778 244361996 0.0112333104025
39.2531065478 467088 15480016 516152528 0.00630627420981
59.5155188986 922422 30568399 1020397134 0.00749653046549
90.2373672122 1590650 53197241 1785020852 0.00335816273409
136.817801341 2158874 72950487 2478195282 0.005307943472
207.443006619 2894078 97221313 3281332304 0.00468672145995
STEP_DONE 
0.050323978983 0 24 1174 -0.374355349086
0.0763011640511 2 101 2648 -0.710821680951
0.115687744753 2 192 6302 -0.68963568994
0.175405637024 10 407 14314 -0.122177488577
0.265949842531 38 963 32038 0.319431651512
0.403232871773 62 2157 73222 -0.0236950451762
0.611381256445 216 4950 167454 0.470195123957
0.926975618552 354 11213 378682 0.0655959204746
1.40547945874 930 25707 851250 0.204208671769
2.13098647839 1834 58202 1935328 0.0489660730162
3.23099945918 4370 130759 4384348 0.121195566517
4.89883798472 9688 298817 9928612 0.079190047633
7.42761300449 21024 676711 22466960 0.0324074953498
11.2617390321 47102 1519943 50472126 0.0299185062872
17.0750368861 103086 3383560 112304144 0.0116756012239
25.8891529834 224786 7399932 245762598 0.00922041247795
39.2531065478 473230 15669346 521652850 0.00563078569278
59.5155188986 940348 31168617 1040188400 0.00700368010537
90.2373672122 1641328 55006087 1849187260 0.00312371366313
136.817801341 2277782 77451286 2648621128 0.00581187007985
207.443006619 3117598 105658658 3600900536 0.00562542605174
STEP_DONE 
0.050323978983 0 21 1128 -0.253912646408
0.0763011640511 2 100 2692 -0.659393543324
0.115687744753 0 185 6426 -0.939045922461
0.175405637024 14 409 14322 0.185177874265
0.265949842531 40 957 32162 0.406363215279
0.403232871773 58 2171 73564 -0.093540073853
0.611381256445 222 4978 168432 0.504182685797
0.926975618552 366 11241 380340 0.100720370582
1.40547945874 962 25754 855068 0.247313178135
2.13098647839 1870 58557 1944844 0.0625417342302
3.23099945918 4352 131294 4407464 0.113455653123
4.89883798472 9674 299916 9985986 0.0758154456552
7.42761300449 21052 679462 22575168 0.0304129657195
11.2617390321 47414 1527153 50679274 0.0314422882632
17.0750368861 103162 3394499 112645320 0.00898697856564
25.8891529834 225700 7412155 246104134 0.0115444378355
39.2531065478 474492 15672810 520982050 0.00671005555113
59.5155188986 939588 31084915 1035088180 0.0067809812296
90.2373672122 1637374 54723470 1833207690 0.00238629260835
136.817801341 2271838 76908165 2619484310 0.0061062600967
207.443006619 3121728 105149006 3560046682 0.00514548639043
STEP_DONE 
0.050323978983 0 22 1200 -0.240518082843
0.0763011640511 0 98 2656 -1.49666153037
0.115687744753 2 186 6342 -0.623520851419
0.175405637024 12 403 14330 0.0555938972297
0.265949842531 32 953 32346 0.138799971806
0.403232871773 64 2155 73772 0.0164121444944
0.611381256445 224 5012 169130 0.510796288514
0.926975618552 362 11271 381330 0.0866346550059
1.40547945874 974 25557 857354 0.283330189595
2.13098647839 1844 58175 1949274 0.0633946851783
3.23099945918 4338 130945 4415278 0.117845013189
4.89883798472 9630 299235 10003808 0.0778629679256
7.42761300449 20916 677408 22611266 0.0316520029678
11.2617390321 46790 1521359 50778694 0.0274431763237
17.0750368861 102264 3384928 112891218 0.00801924912507
25.8891529834 224050 7396681 246708968 0.0108169372054
39.2531065478 471034 15628333 522152510 0.00732483997743
59.5155188986 931196 30982949 1037120348 0.00630716245847
90.2373672122 1610230 54282086 1833496288 0.00197949799412
136.817801341 2215230 75635164 2595223870 0.0050120219866
207.443006619 2999814 101630314 3462900868 0.00571399257659
STEP_DONE 
0.050323978983 0 21 1164 -0.226623508148
0.0763011640511 2 105 2718 -0.776169806169
0.115687744753 2 186 6354 -0.62650592082
0.175405637024 12 410 14400 0.0272236335557
0.265949842531 42 941 32294 0.521865534386
0.403232871773 66 2164 74486 0.048723260112
0.611381256445 216 4979 169704 0.476148639843
0.926975618552 376 11264 383372 0.135797064736
1.40547945874 964 25615 861560 0.271661095574
2.13098647839 1860 58288 1959988 0.0747527387066
3.23099945918 4342 130998 4439650 0.124102490398
4.89883798472 9574 299312 10056298 0.0766051189774
7.42761300449 20746 677860 22735186 0.0273939773376
11.2617390321 46780 1523119 51075992 0.0309520450042
17.0750368861 101598 3385113 113557912 0.00719303095397
25.8891529834 222512 7392691 248145108 0.0107367357816
39.2531065478 467660 15614476 525275746 0.00781206230895
59.5155188986 921324 30924314 1043342990 0.0053062066886
90.2373672122 1597698 54228122 1844368528 0.00205719346246
136.817801341 2189394 75422910 2610894162 0.00501194083838
207.443006619 2942284 100922648 3480477548 0.00546669856301
STEP_DONE 
0.050323978983 0 23 1196 -0.308163933164
0.0763011640511 2 102 2632 -0.757155597685
0.115687744753 2 197 6390 -0.735080338488
0.175405637024 14 412 14350 0.175579907641
0.265949842531 40 944 32444 0.446991992872
0.403232871773 62 2137 74294 0.00873957669932
0.611381256445 196 5046 169712 0.313470527434
0.926975618552 360 11201 383654 0.099494688213
1.40547945874 944 25620 861592 0.244727159449
2.13098647839 1824 58324 1958636 0.0516884295024
3.23099945918 4240 130836 4436106 0.099417237168
4.89883798472 9576 298685 10050126 0.08060228549
7.42761300449 20752 677085 22730732 0.02986994226
11.2617390321 46458 1520374 51051084 0.0268859871491
17.0750368861 101712 3379771 113504296 0.0111086449438
25.8891529834 221998 7382677 247983640 0.0104659250126
39.2531065478 467314 15607527 524959870 0.00737196028397
59.5155188986 922926 30937305 1042948984 0.00587342535224
90.2373672122 1600206 54253692 1843704202 0.0023297026232
136.817801341 2192660 75446813 2608835912 0.0050390039914
207.443006619 2943478 100934909 3477309008 0.004709157986
STEP_DONE 
