#Theta DD DR RR XI factor=33.7837837838 
0.050323978983 0 25 1290 -0.309448983868
0.0763011640511 2 111 2966 -0.759039752698
0.115687744753 2 212 7076 -0.701757522728
0.175405637024 14 453 15894 0.079571444972
0.265949842531 42 1061 35768 0.335922074879
0.403232871773 68 2398 81898 -0.0307410663028
0.611381256445 238 5546 187434 0.449993882629
0.926975618552 408 12481 423224 0.107700792637
1.40547945874 1062 28507 951016 0.249180591072
2.13098647839 2042 64718 2161830 0.055331226611
3.23099945918 4788 145412 4898014 0.109765746015
4.89883798472 10668 332125 11095906 0.0748822054139
7.42761300449 23168 752481 25097670 0.0277722220541
11.2617390321 52020 1690812 56398836 0.0270838791399
17.0750368861 113856 3763334 125495920 0.0092868633688
25.8891529834 249116 8230261 274571954 0.010198788671
39.2531065478 525274 17432342 582465374 0.00707815614517
59.5155188986 1041538 34654693 1160301450 0.00648222490157
90.2373672122 1815288 61058538 2058880222 0.00251179354125
136.817801341 2523330 85898467 2939137936 0.00516312498486
207.443006619 3483358 118041357 4019002356 0.00471383329844
