#Theta DD DR RR XI factor=33.1920117674 jknum= 10
0.050323978983 0 24 1134 -0.412960501721
0.0763011640511 2 99 2636 -0.661937802675
0.115687744753 2 195 6200 -0.740331755428
0.175405637024 14 416 14100 0.136674039127
0.265949842531 36 946 31460 0.267569228136
0.403232871773 64 2127 72416 0.0238602505946
0.611381256445 200 4953 165828 0.349848683033
0.926975618552 368 11143 374234 0.107859305008
1.40547945874 960 25443 840900 0.252106650156
2.13098647839 1810 57838 1910280 0.0344281655342
3.23099945918 4218 129937 4328428 0.0817059430955
4.89883798472 9470 296254 9807466 0.0592713111611
7.42761300449 20612 669544 22174062 0.0199215634845
11.2617390321 46050 1501961 49807122 0.0169920117704
17.0750368861 100960 3340366 110660092 0.00135029847036
25.8891529834 221186 7283556 241402586 0.00664227924901
39.2531065478 465642 15368813 509418790 0.00437150809983
59.5155188986 917938 30339643 1006764728 0.00405238443209
90.2373672122 1582472 52736383 1758350654 0.000511188226542
136.817801341 2158810 72225503 2422388132 0.00248182350707
207.443006619 2888742 96794635 3244819794 0.000467178174036
STEP_DONE 
0.050323978983 0 24 1138 -0.414601445128
0.0763011640511 2 99 2646 -0.659455427797
0.115687744753 2 196 6206 -0.755923384687
0.175405637024 14 398 14204 0.229153315781
0.265949842531 36 947 31658 0.272589993632
0.403232871773 60 2161 72642 -0.0663712802504
0.611381256445 208 4937 166744 0.417088557846
0.926975618552 362 11203 375866 0.0840457810014
1.40547945874 928 25453 844378 0.214243875371
2.13098647839 1780 57689 1917662 0.0262055847296
3.23099945918 4242 129519 4343482 0.0983663107103
4.89883798472 9422 295420 9837200 0.0629694547606
7.42761300449 20510 668390 22238762 0.0213781597292
11.2617390321 45808 1498082 49943800 0.019685347325
17.0750368861 100386 3330358 110950734 0.00430412251859
25.8891529834 218990 7256852 241952558 0.0062463399404
39.2531065478 460100 15298449 510522084 0.00368756074364
59.5155188986 907798 30198825 1008857576 0.0042919662456
90.2373672122 1564200 52506768 1761830212 -0.000400482260178
136.817801341 2132656 71868139 2423294992 0.000608191014005
207.443006619 2857020 96027444 3229119432 0.000480458378669
STEP_DONE 
0.050323978983 0 22 1150 -0.267760492396
0.0763011640511 2 105 2594 -0.83595465665
0.115687744753 2 197 6178 -0.757727717423
0.175405637024 12 411 13858 -0.014707888007
0.265949842531 38 972 31350 0.276128584474
0.403232871773 60 2145 71608 -0.0651511901179
0.611381256445 210 4986 164286 0.392165635572
0.926975618552 364 11131 370644 0.0880571422177
1.40547945874 964 25412 832780 0.248715132333
2.13098647839 1846 57673 1893858 0.0520848671181
3.23099945918 4262 129751 4286746 0.0857315265756
4.89883798472 9570 295445 9701764 0.0649141508023
7.42761300449 20642 667200 21928712 0.0171825256492
11.2617390321 46090 1493173 49206460 0.0174239992134
17.0750368861 100988 3316086 109216026 0.00308161026215
25.8891529834 220592 7220940 237932858 0.00670477062754
39.2531065478 463534 15203556 501104444 0.00497249750052
59.5155188986 912976 29922621 985760178 0.00524465586438
90.2373672122 1561608 51571532 1705302340 0.00128440170277
136.817801341 2112182 69781369 2312172034 0.00293438390584
207.443006619 2828090 93363585 3087458384 0.00171441924924
STEP_DONE 
0.050323978983 0 23 1124 -0.3455995193
0.0763011640511 2 98 2596 -0.649558766357
0.115687744753 2 185 6258 -0.598478056713
0.175405637024 10 402 13812 -0.131225948625
0.265949842531 40 946 31110 0.390369540475
0.403232871773 60 2137 71398 -0.0597393394992
0.611381256445 224 4947 163190 0.490456997329
0.926975618552 372 11159 368610 0.100268734287
1.40547945874 952 25547 827530 0.213592991941
2.13098647839 1842 57760 1880960 0.0393602721267
3.23099945918 4350 129473 4258710 0.105034330976
4.89883798472 9574 295391 9635928 0.0582602503362
7.42761300449 20796 667661 21777764 0.0162917312289
11.2617390321 46804 1496096 48861288 0.0220524003957
17.0750368861 102368 3322653 108414534 0.00540790210073
25.8891529834 222804 7231716 236082156 0.00591557493602
39.2531065478 468546 15224725 496827434 0.00441152994817
59.5155188986 919098 29880131 975613598 0.00443566837268
90.2373672122 1570950 51353537 1680122200 0.000868100489055
136.817801341 2103974 68859356 2256447582 0.00126325928497
207.443006619 2812836 91807592 2997993698 0.000556013716499
STEP_DONE 
0.050323978983 0 21 1136 -0.225820253429
0.0763011640511 2 92 2610 -0.495033957006
0.115687744753 2 188 6318 -0.625181753881
0.175405637024 14 401 14022 0.201206101412
0.265949842531 36 951 31488 0.254083677021
0.403232871773 56 2179 71602 -0.158230207326
0.611381256445 216 4963 165208 0.445212232558
0.926975618552 378 11187 371884 0.122601265202
1.40547945874 950 25598 835950 0.218726084344
2.13098647839 1846 57835 1897172 0.0481556650595
3.23099945918 4234 129907 4300058 0.0791099206345
4.89883798472 9494 296031 9738332 0.0559493730065
7.42761300449 20610 669130 22004206 0.0131718409398
11.2617390321 46398 1498494 49384998 0.0207166250877
17.0750368861 101770 3329494 109610690 0.0064142596067
25.8891529834 221502 7244701 238812748 0.00797148739035
39.2531065478 464174 15255948 503199026 0.00362161061027
59.5155188986 916452 30057129 991164984 0.0055395928169
90.2373672122 1578800 52047957 1719101564 0.00192199174489
136.817801341 2136576 70616697 2338966892 0.00214355844133
207.443006619 2867170 94524173 3119625908 0.00111446615919
STEP_DONE 
0.050323978983 0 24 1158 -0.365770277541
0.0763011640511 2 101 2586 -0.734121963083
0.115687744753 2 193 6128 -0.721131471694
0.175405637024 10 405 13994 -0.131367399852
0.265949842531 38 960 31178 0.294125098009
0.403232871773 62 2148 71304 -0.0411684964558
0.611381256445 214 4919 163472 0.43828213602
0.926975618552 350 11169 369238 0.0357390068089
1.40547945874 926 25560 830234 0.182096459011
2.13098647839 1834 57856 1887702 0.0350510346335
3.23099945918 4352 129835 4276482 0.104130286724
4.89883798472 9646 296403 9686084 0.0646059511074
7.42761300449 20934 669993 21917344 0.0224876750952
11.2617390321 46848 1501861 49230178 0.0227596711997
17.0750368861 102576 3341597 109447552 0.0055119438504
25.8891529834 223490 7290236 239071162 0.00538812214476
39.2531065478 470472 15407252 505814816 0.00250958623762
59.5155188986 934012 30546109 1003648910 0.00470197016022
90.2373672122 1626506 53540661 1764641022 0.00125408514068
136.817801341 2248320 74352673 2464363800 0.00224387489291
207.443006619 3082602 101919712 3375397172 0.00168199532722
STEP_DONE 
0.050323978983 0 21 1114 -0.244051410512
0.0763011640511 2 100 2628 -0.682570320399
0.115687744753 0 185 6246 -0.954672363207
0.175405637024 14 407 14006 0.1706174653
0.265949842531 40 950 31310 0.388622405792
0.403232871773 58 2162 71638 -0.110144097636
0.611381256445 220 4945 164312 0.471712544875
0.926975618552 368 11185 370682 0.0896137823622
1.40547945874 956 25599 833462 0.221937062849
2.13098647839 1872 58157 1896106 0.0508042153054
3.23099945918 4324 130328 4297092 0.094064876047
4.89883798472 9620 297378 9737038 0.0601978649717
7.42761300449 20950 672341 22011276 0.0204988332859
11.2617390321 47128 1508012 49405442 0.0242636736018
17.0750368861 102596 3351095 109719564 0.0024984632313
25.8891529834 224410 7299911 239255346 0.00770337923479
39.2531065478 471598 15404802 504828246 0.00332902771342
59.5155188986 933070 30450518 997900468 0.00428646148077
90.2373672122 1621532 53220945 1747143994 0.000233660791047
136.817801341 2239792 73723570 2432268336 0.00232091185605
207.443006619 3082084 101209842 3326555392 0.000929584150418
STEP_DONE 
0.050323978983 0 22 1184 -0.23271012715
0.0763011640511 0 98 2592 -1.50830915884
0.115687744753 2 186 6170 -0.64327513351
0.175405637024 12 401 14008 0.0434494753148
0.265949842531 32 950 31496 0.116878714301
0.403232871773 64 2145 71848 -0.000492976533531
0.611381256445 222 4978 165098 0.479218567474
0.926975618552 360 11217 371832 0.0639735970511
1.40547945874 968 25399 836320 0.258759992026
2.13098647839 1842 57789 1901416 0.0496259404227
3.23099945918 4314 129991 4306850 0.0997828766199
4.89883798472 9586 296699 9759676 0.0639055513434
7.42761300449 20808 670287 22058464 0.0220163888972
11.2617390321 46496 1502451 49529066 0.0204673329674
17.0750368861 101674 3341442 110015816 0.00192090055043
25.8891529834 222680 7285067 239987428 0.00708259203372
39.2531065478 468000 15360412 506266506 0.00429343338244
59.5155188986 924516 30353175 1000485388 0.00405219898278
90.2373672122 1595314 52816003 1748937982 0.000209865428284
136.817801341 2185824 72536026 2410924804 0.00159076796005
207.443006619 2963584 97813970 3233713370 0.00167476884677
STEP_DONE 
0.050323978983 0 21 1148 -0.219989022244
0.0763011640511 2 105 2654 -0.800594067735
0.115687744753 2 187 6188 -0.656040849948
0.175405637024 12 409 14084 0.0106812060578
0.265949842531 42 935 31454 0.502303726494
0.403232871773 66 2157 72606 0.029480558165
0.611381256445 214 4949 165702 0.444191493334
0.926975618552 374 11209 374012 0.113188174307
1.40547945874 962 25464 840740 0.252398079117
2.13098647839 1858 57906 1912584 0.0610345682798
3.23099945918 4324 130076 4332222 0.107404530928
4.89883798472 9538 296835 9814832 0.0635936874629
7.42761300449 20650 670977 22189020 0.0181224935532
11.2617390321 46498 1504629 49841418 0.024045288409
17.0750368861 101062 3342565 110715026 0.00152797443789
25.8891529834 221278 7283673 241499406 0.00740412976684
39.2531065478 464822 15352604 509555906 0.00494867771526
59.5155188986 914988 30308149 1007074898 0.00316769940897
90.2373672122 1582924 52774513 1760387070 0.000505937652136
136.817801341 2159920 72334832 2427413600 0.00205739444223
207.443006619 2906460 97129452 3252489598 0.00202516911776
STEP_DONE 
0.050323978983 0 23 1180 -0.299655770326
0.0763011640511 2 102 2568 -0.782779542309
0.115687744753 2 196 6208 -0.747085870486
0.175405637024 14 409 14018 0.164612813127
0.265949842531 40 938 31552 0.426837904249
0.403232871773 62 2125 72274 -0.00697950046292
0.611381256445 194 5010 165458 0.284241672009
0.926975618552 358 11137 373702 0.0776611874905
1.40547945874 936 25435 839352 0.218919657228
2.13098647839 1822 57900 1908298 0.0381358626616
3.23099945918 4212 129731 4321688 0.0816985465974
4.89883798472 9526 295831 9792082 0.0668607414398
7.42761300449 20638 669255 22146352 0.0208014080831
11.2617390321 46136 1499755 49731380 0.0203165214914
17.0750368861 101084 3332733 110470046 0.00546592337379
25.8891529834 220468 7262572 240921784 0.00712159300391
39.2531065478 463886 15322098 508351536 0.00454180583433
59.5155188986 915572 30275507 1004923224 0.00384218463039
90.2373672122 1583772 52723014 1756737884 0.000920904172436
136.817801341 2160754 72254093 2421263470 0.00213078453304
207.443006619 2904198 96999402 3243504648 0.00115998733076
STEP_DONE 
