#Theta DD DR RR XI factor=66.9598265236 
0.050323978983 0 13 1274 -0.366527071911
0.0763011640511 2 54 2902 1.59806184411
0.115687744753 0 107 6902 -1.07612327964
0.175405637024 8 204 15570 1.54909041252
0.265949842531 6 509 34902 -0.182264431626
0.403232871773 12 1174 79948 -0.29356897309
0.611381256445 60 2746 183314 0.46143630501
0.926975618552 94 6175 413576 0.0195424034088
1.40547945874 272 14137 929514 0.275236371897
2.13098647839 556 32110 2113066 0.144717558894
3.23099945918 1214 71671 4787384 0.132084922641
4.89883798472 2592 163811 10846716 0.0489311718611
7.42761300449 5780 370089 24533352 0.0361334925152
11.2617390321 12690 829159 55122880 0.0177659710424
17.0750368861 27860 1845898 122561080 0.00222475204957
25.8891529834 60928 4028742 267724540 0.00513478918715
39.2531065478 128526 8525122 566301910 0.00155758604027
59.5155188986 255794 16899935 1123151204 0.00605479395634
90.2373672122 445198 29652260 1973443116 -0.000749616254488
136.817801341 618160 41184260 2753602792 0.0035642439895
207.443006619 854470 56825730 3788109730 0.00241415161209
