#Theta DD DR RR XI factor=65.8180390397 jknum= 10
0.050323978983 0 11 1130 -0.284713056793
0.0763011640511 0 50 2628 -1.51094118268
0.115687744753 2 97 6180 0.337722930492
0.175405637024 2 230 14070 -0.538419076634
0.265949842531 16 490 31350 1.15954996147
0.403232871773 20 1089 72194 0.215533755514
0.611381256445 42 2469 165320 0.135231383382
0.926975618552 100 5604 373036 0.184655593097
1.40547945874 236 12751 838212 0.218352404116
2.13098647839 472 28988 1904136 0.0702145864124
3.23099945918 1060 65415 4314590 0.06884938113
4.89883798472 2494 149027 9776656 0.0990694600009
7.42761300449 5280 337037 22104488 0.0278223829491
11.2617390321 11878 756686 49649040 0.0303405295429
17.0750368861 25932 1681703 110312564 0.0116652247194
25.8891529834 57024 3663641 240641626 0.0225857646858
39.2531065478 118586 7723895 507819758 0.00949882290595
59.5155188986 232928 15247817 1003579302 0.00547912358239
90.2373672122 400624 26425551 1752809094 0.00556488355454
136.817801341 543616 36127177 2414906748 0.00584575800804
207.443006619 721332 48260712 3233751526 0.00169342674903
STEP_DONE 
0.050323978983 0 11 1140 -0.286054140587
0.0763011640511 0 50 2648 -1.51665359837
0.115687744753 2 100 6218 0.284954151759
0.175405637024 2 222 14226 -0.455543088844
0.265949842531 12 491 31720 0.616986277489
0.403232871773 16 1104 72778 -0.0454665000984
0.611381256445 38 2482 167058 0.0299952363694
0.926975618552 104 5651 376686 0.22664968988
1.40547945874 230 12723 846026 0.202965760389
2.13098647839 462 28958 1921570 0.0591924147866
3.23099945918 1036 65248 4352544 0.059059637831
4.89883798472 2472 148668 9858028 0.10361786122
7.42761300449 5188 336387 22286764 0.0220964485892
11.2617390321 11836 754570 50051606 0.0408568949814
17.0750368861 25586 1676341 111194896 0.0125619573449
25.8891529834 56280 3651412 242476240 0.0237116471183
39.2531065478 117168 7689217 511551758 0.013807603221
59.5155188986 229216 15170291 1010909522 0.00686143993202
90.2373672122 393564 26323509 1765363232 0.00268502082494
136.817801341 537528 36095646 2427837994 0.0016937942278
207.443006619 724430 48380482 3235773928 0.00146386444249
STEP_DONE 
0.050323978983 0 11 1132 -0.257281433655
0.0763011640511 0 50 2542 -1.54495848455
0.115687744753 2 96 6106 0.336603689294
0.175405637024 2 219 13652 -0.462433171971
0.265949842531 16 505 30866 1.05257737688
0.403232871773 16 1073 70536 -0.0188870681413
0.611381256445 46 2496 161680 0.193288411573
0.926975618552 108 5591 364688 0.255808634454
1.40547945874 236 12729 819524 0.195567549188
2.13098647839 486 28894 1863582 0.0853741181627
3.23099945918 1060 65173 4217182 0.0524052481679
4.89883798472 2596 148276 9543572 0.128197876538
7.42761300449 5306 335689 21571662 0.0159834842162
11.2617390321 12118 752210 48401466 0.0370252382407
17.0750368861 26398 1670616 107414008 0.0162005731069
25.8891529834 57836 3637320 233941490 0.0229864669037
39.2531065478 120364 7651006 492566870 0.0129510993669
59.5155188986 236378 15064703 968336552 0.00873694319491
90.2373672122 403096 25913075 1673093288 0.00438418172649
136.817801341 544656 35044121 2264301236 0.00422569623195
207.443006619 727288 46919920 3023058244 -0.00128620861664
STEP_DONE 
0.050323978983 0 11 1124 -0.274652623435
0.0763011640511 0 53 2606 -1.64890832635
0.115687744753 2 91 6238 0.459704539807
0.175405637024 0 218 13768 -1.06229650854
0.265949842531 16 491 31030 1.12586122506
0.403232871773 18 1095 71262 0.0698934527896
0.611381256445 46 2490 163112 0.207745960242
0.926975618552 96 5626 368412 0.116132748879
1.40547945874 232 12808 827002 0.172581401395
2.13098647839 484 28882 1879354 0.0905823816855
3.23099945918 1078 65179 4257384 0.079834263427
4.89883798472 2526 148822 9633132 0.0999099568104
7.42761300449 5310 336647 21767298 0.0202190013208
11.2617390321 12200 755628 48844378 0.0443680258743
17.0750368861 26416 1677548 108382202 0.0177030032034
25.8891529834 57936 3653260 235996276 0.0249185534351
39.2531065478 120644 7683573 496680792 0.0152573278512
59.5155188986 235472 15076435 975195394 0.0104472232908
90.2373672122 401230 25890192 1678607438 0.0048445250764
136.817801341 536618 34696794 2255230450 0.00528176154099
207.443006619 714230 46333339 3002828910 -0.000949108416981
STEP_DONE 
0.050323978983 0 11 1142 -0.269196225267
0.0763011640511 0 49 2632 -1.45308380677
0.115687744753 2 89 6318 0.517877520386
0.175405637024 2 220 14122 -0.437993857299
0.265949842531 16 483 31562 1.1839532975
0.403232871773 20 1096 71720 0.196817888672
0.611381256445 40 2481 165524 0.0739185054558
0.926975618552 110 5640 372738 0.287171832287
1.40547945874 230 12816 837562 0.175723279697
2.13098647839 494 28892 1902314 0.125936546349
3.23099945918 1034 65442 4309904 0.0406091489034
4.89883798472 2532 148887 9761912 0.116164091272
7.42761300449 5226 336888 22064948 0.0162419757403
11.2617390321 11936 755306 49519532 0.0364484536115
17.0750368861 26046 1676322 109917828 0.0190146348793
25.8891529834 56898 3646820 239487108 0.0247609230705
39.2531065478 118474 7678531 504724960 0.01426569528
59.5155188986 233046 15128817 994467890 0.0126263633835
90.2373672122 400498 26186706 1726772462 0.00848077438523
136.817801341 541454 35581139 2353602854 0.00655899969841
207.443006619 725792 47701235 3136859866 0.000576898403471
STEP_DONE 
0.050323978983 0 12 1148 -0.363086008251
0.0763011640511 0 51 2570 -1.58774188103
0.115687744753 2 93 6126 0.40825185552
0.175405637024 2 228 13892 -0.528167645382
0.265949842531 14 494 31168 0.842715398817
0.403232871773 18 1087 71232 0.084317218454
0.611381256445 44 2471 163134 0.171405800058
0.926975618552 100 5605 368514 0.170218048221
1.40547945874 242 12828 829094 0.223231709075
2.13098647839 454 29058 1885042 0.0137142774003
3.23099945918 1098 65544 4270474 0.0916033620914
4.89883798472 2584 149088 9672784 0.125758302885
7.42761300449 5366 337409 21884782 0.0318830063238
11.2617390321 12150 757497 49156502 0.0412782611725
17.0750368861 26458 1685090 109279540 0.0184654518267
25.8891529834 58170 3676183 238725854 0.027792584196
39.2531065478 120846 7749583 505135036 0.0164527060603
59.5155188986 237976 15358601 1002174712 0.0110349373476
90.2373672122 412658 26879220 1762787906 0.00678659756446
136.817801341 567834 37261232 2461677522 0.00678296206472
207.443006619 779076 51229218 3375737196 0.00217125528233
STEP_DONE 
0.050323978983 0 12 1126 -0.402280495954
0.0763011640511 0 51 2624 -1.55739836638
0.115687744753 0 96 6260 -1.01785027277
0.175405637024 2 220 14088 -0.440304482968
0.265949842531 14 497 31454 0.84744561579
0.403232871773 16 1094 71992 -0.0375508586343
0.611381256445 44 2494 165124 0.165996476482
0.926975618552 104 5622 372546 0.222656379143
1.40547945874 228 12787 837564 0.169431685749
2.13098647839 480 29081 1904414 0.0816698574389
3.23099945918 1038 65509 4316422 0.0439136888106
4.89883798472 2564 149325 9781998 0.125909874349
7.42761300449 5282 337703 22113760 0.0244650189753
11.2617390321 12018 758425 49649222 0.0377343393993
17.0750368861 26254 1683844 110271976 0.0212894684828
25.8891529834 57618 3668799 240505020 0.0297453466811
39.2531065478 119430 7734455 507605880 0.0134713148286
59.5155188986 235378 15283284 1003571880 0.0113492353087
90.2373672122 406186 26609796 1753351872 0.00578300416366
136.817801341 557656 36575205 2416246506 0.00720001466198
207.443006619 761106 49948311 3285365146 0.00227673588099
STEP_DONE 
0.050323978983 0 9 1182 -0.00994726431248
0.0763011640511 0 55 2624 -1.78017749208
0.115687744753 2 96 6206 0.365651836893
0.175405637024 2 217 14110 -0.416454523495
0.265949842531 10 487 31736 0.350507257178
0.403232871773 18 1096 72488 0.0866998379374
0.611381256445 42 2502 166512 0.116370155355
0.926975618552 102 5641 374864 0.200799205729
1.40547945874 236 12739 843324 0.227233057787
2.13098647839 490 28871 1917148 0.126690999279
3.23099945918 1092 65602 4342392 0.102231869584
4.89883798472 2530 149093 9839728 0.121124679895
7.42761300449 5250 337622 22241666 0.0247633780013
11.2617390321 11960 757081 49942900 0.0426054935203
17.0750368861 25898 1682834 110937956 0.0147390196448
25.8891529834 57168 3668390 241998106 0.0283773412425
39.2531065478 118930 7730937 510591152 0.0161665343066
59.5155188986 233756 15280907 1008998120 0.0101858307435
90.2373672122 401798 26544028 1763318130 0.00553695263121
136.817801341 551840 36497212 2430351518 0.00680665413306
207.443006619 744944 49215663 3260043792 0.002637076081
STEP_DONE 
0.050323978983 0 9 1148 -0.0326971038703
0.0763011640511 0 53 2654 -1.63055440793
0.115687744753 2 89 6184 0.507158204943
0.175405637024 2 219 14014 -0.439428180766
0.265949842531 16 484 31322 1.18043919145
0.403232871773 20 1118 72202 0.161921799316
0.611381256445 40 2473 165070 0.0777187471598
0.926975618552 104 5601 372704 0.230886187613
1.40547945874 236 12809 837438 0.207672643019
2.13098647839 472 28983 1905292 0.070846403051
3.23099945918 1084 65477 4315862 0.0910968617246
4.89883798472 2550 149108 9776532 0.122422758551
7.42761300449 5224 337360 22104236 0.014772081208
11.2617390321 12090 757225 49646920 0.0472605527517
17.0750368861 25966 1679619 110270156 0.0150492717989
25.8891529834 57154 3658827 240483318 0.026825241404
39.2531065478 118708 7705275 507412110 0.0145338362644
59.5155188986 232742 15210390 1003136614 0.0091238070165
90.2373672122 401490 26431361 1753989766 0.00794174551274
136.817801341 546666 36232520 2418013408 0.00688576389259
207.443006619 727586 48506942 3239666862 0.00193287738963
STEP_DONE 
0.050323978983 0 11 1188 -0.23520136866
0.0763011640511 0 51 2580 -1.63701129402
0.115687744753 2 98 6266 0.333648559557
0.175405637024 2 229 14162 -0.528808578563
0.265949842531 14 490 31818 0.90317542558
0.403232871773 18 1072 72916 0.137026781266
0.611381256445 32 2515 166782 -0.158021760106
0.926975618552 98 5593 376724 0.176815571382
1.40547945874 228 12727 846254 0.192404946747
2.13098647839 474 28956 1923886 0.0883285751863
3.23099945918 1018 65371 4356654 0.0379045575001
4.89883798472 2504 148707 9871122 0.118898415404
7.42761300449 5152 336420 22325048 0.0164529948766
11.2617390321 11750 754461 50131536 0.0351265370572
17.0750368861 25624 1676395 111368824 0.0155891524743
25.8891529834 56318 3653491 242914272 0.025076087532
39.2531065478 117122 7704608 512601542 0.011451228206
59.5155188986 230758 15229128 1013265242 0.00820792932608
90.2373672122 398536 26477398 1771071970 0.00679254473389
136.817801341 543324 36329028 2440663602 0.00473634361389
207.443006619 727014 48775537 3271030954 -0.000373234818842
STEP_DONE 
