#Theta DD DR RR XI factor=66.9598265236 jknum= 10
0.050323978983 0 13 1146 -0.533744531306
0.0763011640511 2 48 2644 2.0024197516
0.115687744753 0 98 6218 -1.13093229114
0.175405637024 8 186 14144 1.80690216131
0.265949842531 6 459 31590 -0.0965030882464
0.403232871773 12 1037 72698 -0.174262251647
0.611381256445 54 2473 166474 0.473935220588
0.926975618552 86 5544 375600 0.0507242755745
1.40547945874 254 12669 844068 0.345899746362
2.13098647839 482 28892 1917580 0.111612631218
3.23099945918 1078 64561 4344730 0.124824703077
4.89883798472 2354 147428 9844718 0.0680295342547
7.42761300449 5124 332728 22258134 0.0309474952883
11.2617390321 11286 745399 49991996 0.0157716992279
17.0750368861 24736 1658838 111064696 -0.00155355480501
25.8891529834 54464 3618541 242278128 0.00800377774654
39.2531065478 114516 7640055 511264870 0.00320895446204
59.5155188986 226722 15087033 1010405626 0.00663615115426
90.2373672122 391218 26298289 1764792202 -0.00167911494583
136.817801341 538012 36088329 2431220732 0.0043870609897
207.443006619 725190 48540631 3257611678 0.00272140137704
STEP_DONE 
0.050323978983 0 13 1124 -0.55998544735
0.0763011640511 2 50 2634 1.89301457897
0.115687744753 0 96 6190 -1.09181893514
0.175405637024 8 176 14166 1.89269316717
0.265949842531 4 453 31524 -0.361115183279
0.403232871773 10 1058 72360 -0.343574092502
0.611381256445 54 2459 166124 0.481886339241
0.926975618552 86 5551 374584 0.0453997408658
1.40547945874 248 12746 841266 0.29719803985
2.13098647839 500 28727 1910512 0.162199848932
3.23099945918 1090 64281 4327906 0.142138145467
4.89883798472 2334 146831 9801704 0.0624907586167
7.42761300449 5168 332264 22156234 0.0381519269177
11.2617390321 11294 743844 49758928 0.0159986086663
17.0750368861 24898 1654060 110558182 0.0063176329151
25.8891529834 54208 3604433 241145894 0.0063290180413
39.2531065478 113812 7607523 508799582 0.00065104577879
59.5155188986 225846 15020521 1005420616 0.00659900597531
90.2373672122 389386 26169309 1755883512 -0.00162064419973
136.817801341 530624 35737256 2415333962 0.00349942015483
207.443006619 704716 47588422 3217643814 0.0012661891791
STEP_DONE 
0.050323978983 0 12 1166 -0.392268510904
0.0763011640511 2 54 2634 1.70060330393
0.115687744753 0 101 6248 -1.18685837408
0.175405637024 6 191 13990 1.11529568897
0.265949842531 2 468 31666 -0.710395891037
0.403232871773 12 1063 72492 -0.226357806702
0.611381256445 50 2478 166350 0.360003184216
0.926975618552 84 5530 375038 0.0300080624287
1.40547945874 240 12698 843014 0.264855215643
2.13098647839 490 28766 1916732 0.139356871526
3.23099945918 1050 64568 4339310 0.0941376698149
4.89883798472 2312 146866 9821524 0.0540958340704
7.42761300449 5102 331247 22199234 0.0329148339229
11.2617390321 11146 740301 49817328 0.0133342669878
17.0750368861 24456 1643511 110579092 0.00122350467175
25.8891529834 53410 3577642 240926818 0.00540948420658
39.2531065478 112138 7540004 507516732 0.00109445395151
59.5155188986 221290 14837060 998852792 0.00413961905116
90.2373672122 379580 25649506 1730070098 -0.00182197452411
136.817801341 512884 34652099 2349523508 0.00354068526821
207.443006619 685394 46328003 3136650128 0.00165518706509
STEP_DONE 
0.050323978983 0 11 1118 -0.314412287652
0.0763011640511 2 47 2582 2.02424268503
0.115687744753 0 96 6282 -1.04152183742
0.175405637024 8 181 13918 1.82723976488
0.265949842531 6 457 31362 -0.0930844683468
0.403232871773 10 1055 71820 -0.341165926339
0.611381256445 56 2470 164134 0.511882868844
0.926975618552 92 5539 370974 0.111826921415
1.40547945874 244 12753 832828 0.261501410237
2.13098647839 496 28849 1893426 0.133322740103
3.23099945918 1106 64275 4286456 0.148019116417
4.89883798472 2290 146794 9698440 0.031473344007
7.42761300449 5220 331374 21916140 0.0427689083117
11.2617390321 11386 741321 49175238 0.0191491650713
17.0750368861 25052 1646485 109116124 0.00855557574547
25.8891529834 54248 3582319 237611104 0.00454757334564
39.2531065478 114010 7546397 500239756 0.00156035406934
59.5155188986 224722 14810586 982701900 0.0068886826917
90.2373672122 384502 25505983 1692925206 0.000628895434385
136.817801341 515202 34170476 2275989660 0.00429136733952
207.443006619 687934 45541368 3023153650 0.00282825264881
STEP_DONE 
0.050323978983 0 11 1142 -0.279468226233
0.0763011640511 2 41 2614 2.29153178107
0.115687744753 0 96 6288 -1.02797045712
0.175405637024 8 183 13920 1.78882522047
0.265949842531 6 459 31262 -0.103684396175
0.403232871773 10 1074 71136 -0.385384953549
0.611381256445 58 2473 164024 0.557073884376
0.926975618552 90 5545 369344 0.0806517585867
1.40547945874 256 12734 829828 0.322456416919
2.13098647839 504 29017 1883460 0.133934893041
3.23099945918 1080 64464 4268744 0.110063823059
4.89883798472 2320 147178 9667846 0.0363695990278
7.42761300449 5168 332050 21847582 0.0245887483555
11.2617390321 11466 742458 49031222 0.0201207188841
17.0750368861 25134 1650457 108836752 0.00433181612411
25.8891529834 54772 3591770 237101416 0.00676241019359
39.2531065478 114840 7569036 499464456 0.00124789191666
59.5155188986 227358 14896584 982756138 0.00702980244121
90.2373672122 389468 25747487 1701315472 -0.000469189195776
136.817801341 528508 34877497 2309602692 0.00348491359172
207.443006619 710570 46717555 3080752084 0.00310007333033
STEP_DONE 
0.050323978983 0 11 1158 -0.27352527013
0.0763011640511 2 51 2616 1.82171368003
0.115687744753 0 98 6192 -1.12186900628
0.175405637024 6 179 14134 1.20964019538
0.265949842531 6 466 31436 -0.129733801692
0.403232871773 12 1072 71948 -0.248096827725
0.611381256445 50 2456 164856 0.365545583053
0.926975618552 80 5547 372406 -0.0316443005778
1.40547945874 222 12751 837460 0.149890752314
2.13098647839 484 28814 1903630 0.113191333414
3.23099945918 1094 64411 4311162 0.137237924766
4.89883798472 2324 147318 9766502 0.0469866068301
7.42761300449 5192 332638 22096500 0.037604568005
11.2617390321 11390 744900 49627206 0.0189726396756
17.0750368861 25052 1659384 110332798 0.00394340906426
25.8891529834 54628 3619431 240996446 0.00506475869791
39.2531065478 114850 7660548 509800030 -0.00225441310594
59.5155188986 229924 15186910 1010987656 0.00799764848453
90.2373672122 401042 26670749 1776717802 0.00176103549573
136.817801341 555172 37055396 2480427164 0.00289521223311
207.443006619 765300 50871826 3392703606 0.0033420854822
STEP_DONE 
0.050323978983 0 9 1120 -0.0599192759295
0.0763011640511 2 49 2586 1.86457591891
0.115687744753 0 93 6174 -0.986847924645
0.175405637024 8 188 13844 1.72221769927
0.265949842531 6 455 31002 -0.0940632275151
0.403232871773 12 1059 70910 -0.233811241161
0.611381256445 56 2461 162738 0.502033654476
0.926975618552 84 5578 367092 -0.00897984885618
1.40547945874 252 12789 825630 0.28440634566
2.13098647839 522 29010 1878166 0.171518851642
3.23099945918 1124 64612 4258050 0.146655334935
4.89883798472 2348 147913 9647180 0.0362654954428
7.42761300449 5304 334485 21815970 0.0351414893575
11.2617390321 11684 749206 48997422 0.0203192764856
17.0750368861 25362 1666083 108892082 -0.00509414925878
25.8891529834 55656 3634092 237835198 0.00239177197282
39.2531065478 117574 7685845 503125490 0.00146932863547
59.5155188986 234088 15250499 998845136 0.0054537486075
90.2373672122 408346 26831015 1758337214 -0.00262318579896
136.817801341 567250 37274210 2456099140 0.00278065082902
207.443006619 780274 51218054 3362873968 0.000279103143903
STEP_DONE 
0.050323978983 0 13 1160 -0.49114268969
0.0763011640511 0 43 2590 -1.20903467068
0.115687744753 0 88 6142 -0.906367830118
0.175405637024 6 184 13936 1.14878757587
0.265949842531 6 466 31310 -0.132169739593
0.403232871773 12 1054 71332 -0.221461305163
0.611381256445 56 2456 164052 0.518864809414
0.926975618552 74 5570 369442 -0.119525291037
1.40547945874 252 12646 831062 0.317401931257
2.13098647839 514 28903 1888886 0.168415913598
3.23099945918 1098 64404 4278918 0.133047195555
4.89883798472 2330 147549 9696498 0.0388530043929
7.42761300449 5242 332748 21917120 0.0385068329729
11.2617390321 11506 745487 49212456 0.0192268351839
17.0750368861 25206 1659035 109311304 0.00116968723369
25.8891529834 55128 3619455 238497260 0.00378278659005
39.2531065478 116024 7639698 503189400 0.000399503950936
59.5155188986 229850 15077945 994558250 0.00568841840376
90.2373672122 396554 26273319 1738360674 -0.00133693491971
136.817801341 545706 36112687 2396890864 0.00298809657251
207.443006619 739362 48702013 3213938020 0.00194168453945
STEP_DONE 
0.050323978983 0 13 1162 -0.507131373941
0.0763011640511 2 52 2650 1.78069151913
0.115687744753 0 98 6194 -1.13141864756
0.175405637024 6 187 14092 1.1440783759
0.265949842531 6 445 31522 -0.0381940213467
0.403232871773 10 1042 72720 -0.306414541791
0.611381256445 52 2486 165922 0.403476112129
0.926975618552 88 5584 374628 0.0577589142411
1.40547945874 246 12683 841858 0.29622006407
2.13098647839 500 28925 1915574 0.150062580297
3.23099945918 1104 64545 4338280 0.150284961359
4.89883798472 2352 147584 9827360 0.0627508957466
7.42761300449 5174 333241 22216738 0.0359537312275
11.2617390321 11374 746528 49895826 0.0186689973324
17.0750368861 24908 1660380 110832010 0.0014645615332
25.8891529834 54284 3616056 241706596 0.00354924076989
39.2531065478 114228 7628120 509988326 0.00122018724344
59.5155188986 226448 15066375 1008277530 0.00596334527999
90.2373672122 392742 26312522 1762153114 -0.000371726877826
136.817801341 536256 36035829 2429358846 0.00321202127293
207.443006619 723172 48449685 3255428908 0.00294416323654
STEP_DONE 
0.050323978983 0 11 1166 -0.259546442281
0.0763011640511 2 51 2552 1.8242980834
0.115687744753 0 99 6172 -1.14155547072
0.175405637024 8 180 13924 1.83443845048
0.265949842531 6 451 31322 -0.0687608355883
0.403232871773 8 1050 71748 -0.456997434391
0.611381256445 54 2493 164350 0.438990746591
0.926975618552 82 5554 371100 -0.0134837830175
1.40547945874 234 12687 833430 0.218797136133
2.13098647839 510 28899 1894946 0.163238276166
3.23099945918 1086 64340 4291176 0.125985065875
4.89883798472 2322 147044 9723988 0.0452000751615
7.42761300449 5238 332504 21993282 0.0428512138354
11.2617390321 11406 744641 49392162 0.0162563041024
17.0750368861 24988 1654514 109707728 0.00151188822322
25.8891529834 54446 3606175 239264712 0.00178982636298
39.2531065478 115030 7614011 504888724 0.00186651010815
59.5155188986 227722 15047621 998083080 0.00386451827493
90.2373672122 395744 26277089 1744995314 0.000153426047811
136.817801341 539738 35968523 2405595836 0.00358960158241
207.443006619 724944 48235461 3220978868 0.00359517849433
STEP_DONE 
